0.2060743344466811
0.11819888544512303
0.7559312441768355
0.0962034427551508
0.5487121500532064
0.3224326671820368
0.24134146297554615
0.11495909778420366
0.3091352014713298
0.30389957451699345
0.2769362457798108
0.064286275609855
0.39200764728213056
0.31512930759088853
0.7305810402549318
0.2680920755290854
0.3642012930570031
0.08328066807416779
0.044068755823164274
0.33017613202212104
0.14067378936981978
0.546664279683319
0.01709267196757569
0.2772334459256838
0.20280123297689467
0.2846068921838487
0.5528746134924445
0.05516024032304134
0.530731973688809
0.24491770423225123
0.4338761688055479
1.560061004531458
0.2213577676028624
0.01526169319761106
0.10301877534963122
0.10572168855285469
0.3338761688055474
0.08927711436585817
0.01526169319761106
0.30780496838186444
0.19371597769112814
0.49264129598202544
0.0355006141085612
0.05997069266593957
0.3658350449190344
0.24270594444495686
1.8276745680946114
0.2898695753629337
0.18577521372799666
0.06997812820376037
0.0801617637338996
0.4809481857933955
0.14273659258423166
0.07271738838947872
0.16409648098440588
0.30621237001146007
2.8137360461263974
0.29184433989318226
0.0748207780627812
0.1305810402549321
0.0678548463293458
0.24863684829048793
0.007567331741625161
0.3121099381712753
0.29425068737605287
0.14321147657776834
0.1411675013933884
0.01601981139678088
0.4189610722068613
0.07443163642807704
0.07170294506121788
0.11943160258388552
0.6619324821358887
0.19581293876617067
0.23590055981683378
0.053683463188039404
0.4942717558515364
0.05663036449611081
0.2842919483790425
0.9993585142023926
0.2809481857933953
0.4412981936964959
0.3252481261108988
0.27520434070897526
0.8640964809844052
0.07655250397424851
0.011927265150060151
0.22447035866414122
0.06751366919763502
0.05997069266593957
0.07681308257687469
0.2585125204383676
0.18508648002093153
0.14468126643991752
0.25843619261577633
0.034726345725008656
0.293674182287722
0.2534434965743788
0.6115677665730948
0.030021871796239274
0.19179560728793454
0.011567766573094218
0.11434574683415821
0.5396916898019501
0.05023558681684026
0.3157984004633576
0.38504090221579634
0.3278004112248958
0.28851128613625043
0.01526169319761106
0.16680505387904176
0.06941895974506807
0.37799977155777853
0.5210106837307036
0.16249222472710034
0.06945889779996595
0.17383981835155282
0.4115677665730946
0.17271515289660577
0.17829222556979119
0.07491851354767487
1.7248768986749354
0.3377326243562777
0.28856975285174435
0.18590389174874655
1.8089549176201771
1.829472089330313
0.5653991188345744
0.30461562156741095
0.16502129111673192
0.9815961999075178
0.29649767041457054
0.18457944485849875
0.297858456193663
0.29057809446167226
0.047897357293887666
1.114224786272004
0.05197383594521643
0.18457944485849875
0.208015182990537
0.18843223342690596
0.14940385554304036
0.3335461344259256
0.2851988356663959
0.6246714883029965
0.8918843182692973
0.31512930759088853
0.44609619724436644
0.24002930733406025
0.022145256549419123
0.1506528518523913
0.2169505737161037
0.09034532169008269
0.008887110941231846
0.3052335753046673
0.20400350874680218
0.5825064444430685
0.23896616974571394
0.6537712719305855
0.2911627946301474
0.30464679213218737
0.31619540970148385
0.0024797493033537066
0.2325645306561288
0.07170294506121788
0.1772509218975289
0.16175578657643364
0.34479244838695067
0.8269614626833057
0.1341097691693136
0.2681555176756367
0.11139882834191006
0.04537950486481446
0.1346008811654258
0.24865961735202902
0.4008408408798916
0.08438619886312271
0.015129307590888708
0.04184188354540552
0.31457110731232696
0.2884322334269056
0.02818377844633968
0.25740909563455805
0.7918651681580986
0.2974619659233646
0.5306344423212446
0.1383841230357632
0.01526169319761106
0.10297233342571221
0.335354385127002
0.6579480046799677
1.4356251250719287
0.014601177851561786
0.07917465637058196
0.07869068930805945
0.05081143036904212
0.05622889099509898
0.10971945923057103
0.041152830322197964
0.18881981845831675
0.07928394176320808
1.5006731035419216
0.015420555141501424
0.15060248705500712
0.5410237822777235
0.0826509533820774
0.3751593901458685
0.20304322249949447
0.06965820421913449
0.3988206408462762
0.24625273043189821
0.09601030966737678
0.29414975692652234
1.1403190224985327
0.34695789688950285
0.3653991188345742
0.017425200517210193
0.6542376523121716
0.25339445491477
0.03937765987186648
0.15968097750146804
0.11255132674260437
0.26949520497870605
0.3917734915872231
0.1435747847351463
0.3164374816677924
0.5024212448070129
0.31840380009248204
0.24673990733677975
0.15219345444989418
0.6489124818663434
0.2855946680075325
0.11255132674260437
0.11051449857413864
0.2521308615654725
0.3165938333104785
0.9443735994736793
0.1966577484762162
0.12818225211685963
0.33983757641741086
0.20394185398804865
0.185124763236856
0.05495651842438409
0.24406875582316445
0.07018620894354477
0.05745699723229514
0.3714183935674944
0.26161587696423716
0.6317847954029272
0.10281180796880562
0.2958509431588885
0.3322966320414853
0.13078909419227802
0.11542055514150196
0.2221877718051859
0.3492486752698314
0.005651491033587419
0.19312198776320955
0.3044026945996041
0.21597197346176777
0.06552463791317731
0.2638483528383766
0.2596809775014677
0.3147210232085449
0.18049478404162933
0.03328973167365579
1.5971832195054718
0.07395994593008393
0.043025523276928546
0.19476642469533267
1.3202209271991316
0.010517988547407597
0.14613347075030791
0.24671322478683422
0.25997069266593975
0.10523357530466715
0.07753132306010535
0.7115677665730944
0.2663731586760134
0.306011020981952
0.24019521883367112
0.04002930733406007
0.0321931939300919
0.16780680606990828
0.08712250674629463
0.18640571815396
0.01935612309859014
0.29310711453103977
0.19724015297793507
0.2758154031520066
0.43219319393009226
0.019980905817839734
0.13575267791698842
0.05506667105260821
0.363132606549355
0.15081143036904265
0.030709216625929514
0.036253393326713734
0.31052051073097076
0.010130424637066149
0.04412907530059673
0.29088181929557244
0.35645331570100147
0.007567331741625161
0.48330575799376607
0.20400350874680218
0.2867155118511988
0.05023558681684026
0.8583591032979436
0.2783736457465258
0.21293297467753725
0.04186294993363848
0.1597975557648068
1.8314985546411746
0.08948201145259205
0.23157695392252986
0.11568323513761314
0.34865961735202866
0.16959842663505054
0.6382539363789919
0.1856275104492946
0.19459441245361297
0.024671488302995925
0.04451500858003321
0.29214520310675507
0.14455915854462376
0.37040499230111834
0.26724595026543607
0.07905732263407295
0.29219390756404895
0.17954208745739209
0.21201160272068797
0.011256342259538421
0.29551889461668956
0.3301117156145068
0.13775065494994898
0.25219436963117836
2.0993965512875254
0.3603684466556505
0.20164842034140662
0.08457944485849822
0.11526169319761159
0.3663103609058709
1.0088138860570472
0.17286389704758331
0.03653419767175148
0.007728724747999571
0.24321338659821912
0.2596809775014677
0.2336268413239866
0.2929398495119653
0.2998815082508459
0.09553552621955408
0.08416962527305838
0.31132264239769647
0.37693624577981044
0.25219436963117836
0.1277531733000492
0.11017287940623799
0.7461206309974084
0.8033267076406467
1.037373271207498
0.17969125377429052
0.07475187388910154
0.1751931772818942
0.02287206873336789
0.2208197619473644
0.015420555141501424
0.31419528726229906
0.30297513150782507
0.21146641008423472
0.21571477592251487
0.07170294506121788
0.2904886279190304
0.18881981845831675
0.24760206378956795
0.12831848424682057
0.07191433102889544
0.17879877075772033
0.15475518423431556
0.1367791762265007
0.27009763272782195
0.341435658890445
0.25227951526778103
0.01526169319761106
0.2482275341975484
0.06780680606990952
0.31867114584901657
0.15068164983490728
0.302412145595488
0.04671322478683404
0.018403800092482214
0.1107943576874284
0.28032479571260716
0.4024953988051916
0.10552719955047163
0.08410079839519913
0.15173817098806364
0.13275404973456428
0.10157420300936515
0.11258914056564784
0.22713610295241704
0.06409944018316605
0.0588398803770831
0.05096667980296843
0.047869138434528224
0.7173982244663311
0.013782127835772151
0.2751593901458689
0.27487853518485217
0.30035039961191323
0.1747575238739385
0.3252424761260615
0.05008261045644691
0.013782127835772151
0.4265230236528028
0.5205671277013417
0.30214834101538735
0.306011020981952
0.20637959289877728
0.1332198202964836
0.0235409367684829
0.33460088116542597
0.3567817791931267
0.36672162362353244
0.3057806820717319
0.35796346595765094
0.25650061589893003
0.05222235865784608
0.39200764728213056
0.2876598326658284
0.21208594930079006
0.13347885856578046
0.07734683258752995
0.21850231038234202
0.25816725692933673
0.060547809317698764
0.069337156498956
0.007567331741625161
0.23027959052532143
0.08771025696650447
0.08843223342690543
0.08127073770880333
0.7459799787939891
0.30925786987785653
1.4087131324872901
0.2063474867328079
0.18906953768417978
0.04645794152787541
0.006011020981952164
0.6063085669277966
0.2675101692311639
0.1885697528517447
0.11775217514365455
0.044373599473678915
0.20721435914407493
0.11840380009248186
0.16978980049090175
0.2814724815803693
0.12171464860829762
0.11421065067492098
0.036173148940727096
0.27170294506121806
0.26392097462749486
0.09932689645807802
0.26959842663505107
0.17933133521035405
1.0305810402549316
0.6884678318695769
0.20378255567704961
0.36809755695791324
1.8721995887751044
0.8111801815416833
0.39828077549582463
0.31210476464279946
0.31840380009248204
0.566183599946342
0.2393630745708064
0.03321982029648307
0.26716020226793713
0.23523127905042607
0.40646786898587184
0.18473830680238912
0.19911913213443633
0.19203420992650422
0.2571800284888308
1.615457951131079
0.14229655947664277
0.28856975285174435
0.25534159546149837
0.11236348795436513
0.045844457942986416
0.24739093715660943
0.10260028612371208
0.01357008161226414
1.902726709334237
0.4333637497851912
0.13185345515809654
0.20146403048620964
0.02780041122489596
0.19346872890867672
0.09764803915070175
0.09435213877517068
0.034600881165426145
0.24865961735202902
0.7079929810070267
0.20015758595699928
0.0659923659181425
0.18487069240911147
0.2667564812703276
0.11972623027753038
0.41966197148722895
0.3746978872152251
0.20061497113807825
0.5105179885474076
0.23954817648903237
0.11450538329680526
0.07362572156487257
0.013254402818462907
1.5490435091629493
0.17379020260066014
0.1437711090049012
0.19232630963327502
0.3059567633621256
0.06409944018316605
0.24633844576797692
0.9815961999075178
0.1907236282094349
0.6045669045342192
0.3282970549387816
0.7870058064969694
0.1400293073340606
0.4327540497345641
0.02390734152152163
0.5830643921120062
0.20636001083155175
0.07339225795692084
0.2806657373695032
0.27001413198362023
0.2594551647435006
0.22912246607378428
0.1138672278291768
0.24152627232662383
0.34865961735202866
0.31156776657309404
0.006921020579182979
0.0740451411402967
0.09476642469533303
0.3874486732573956
0.30124538434404435
1.1378422229294323
0.3118229445032785
0.21739822446633106
2.1798877108928627
0.25088591308620334
0.11581275865616103
0.2884322334269056
0.7459799787939891
0.6988390582296233
0.39672316442210853
0.13347885856578046
0.005796230887972875
0.11101823058317883
0.20079412130692376
0.04031902249853214
0.09476642469533303
0.01526169319761106
0.18843223342690596
0.16268139141191718
0.19476642469533267
0.38380101049959503
0.25883249860661195
0.24965136602510896
0.2621577770705681
0.15126945131908887
0.027643225479861755
0.11599251029586721
0.051340382647971694
0.379089699742182
0.14865961735202848
0.1821107293077997
0.5877876875869639
0.04019038594452695
0.26941895974506824
0.2722616730235057
0.2753285116970039
0.24622872806941487
0.28260177553366894
0.21643748166779186
0.22531460286073113
0.003018775349631575
0.09623061813992262
0.24676403729216645
0.12083463866549238
0.3371450094437076
0.07520434070897508
0.11840380009248186
0.32577196525821694
0.36120934196591037
0.3170814833433919
0.3411675013933886
0.27060417020331506
0.14216745208125037
0.246007922681577
0.3552805902937033
0.20735161055211115
0.4032768355778913
0.291082069913438
0.3407991767110463
0.11512930759088835
0.006510751764869482
0.092204776937721
0.17559435560863434
0.06293283976412489
0.26068568067499953
0.46175578657643346
0.007567331741625161
0.3926480606893712
0.10242124480701342
0.5354475288601348
0.7796326580121695
0.33460088116542597
1.0448397596769583
0.014571107312327136
0.20760305514423738
0.22932483761695277
0.10616936015943246
0.18473830680238912
0.001001506370709393
0.0824734144859871
0.17114248064244286
0.5287830394674451
0.19453875712624047
0.2441290753005969
0.27273162452265787
0.1250014186943993
0.13936950510915214
0.05621149217895027
0.17693624577981026
0.16888035677343893
0.9945883059905256
0.3129329746775369
0.27347697634719736
0.8841615534579779
0.09043246596097454
0.3511528576931404
0.02434617868375355
0.08965032403733009
0.23950041544066636
0.20685468774587967
0.1424072434912258
0.7582733509730062
0.07390719542372093
0.4815961999075178
0.15274144705127757
0.29736591210632746
0.24725446049066768
0.2937911230793837
0.25851970813759007
0.005647861224828965
0.26155456274436073
0.28856975285174435
0.16514625543041994
0.3340263154441141
0.32456151935212496
0.5230637542201899
0.29893809631076973
0.9815961999075178
0.26684708702271553
0.2626406475056342
0.011572818726426348
0.23879065803408928
0.2797852716957667
0.07056528946283969
0.8336268413239862
0.0976051176163919
0.08346662155681894
0.4045185006351364
0.30572824414846345
0.2654350212881269
0.5536615542320229
0.123727562169897
0.21302237051865802
0.1023800476553749
0.1573630765174956
0.13983144342876308
0.44791141758397224
0.1956026548551284
0.0874486732573958
0.3354070387938606
0.07526819366032189
0.31495909778420383
0.14479500761664976
0.0871473317726732
0.04622872806941469
0.21814297609915734
0.3988770082031392
0.0335461344259258
0.5765363390314509
0.03058104025493158
0.3234636609685495
0.2439909325735723
0.03416495508096595
0.04287505713398776
0.1342733546592374
0.24783987944322483
0.49562144053735757
0.37324211386637707
0.2605417568249795
0.27346563373889055
0.17895498499334206
0.7818388470159601
0.4177185664181824
0.01255132674260473
0.04671322478683404
0.1669212196447667
0.05123175393439894
0.1671251816496886
0.06409944018316605
0.10221580178593559
0.028297054938781763
0.16504987826497342
0.28776278265925903
0.049764413183159384
0.18069507413142816
0.19442181974259665
0.1959964912531973
0.11542055514150196
0.24865076521824747
2.9486507652182468
1.8340361968164514
0.3318841362635423
0.015420555141501424
0.20936163046911282
0.255957471743419
0.3041204931181909
0.28986223799006794
0.2552173800451083
0.13829179097857036
0.05997069266593957
0.05055737885336686
0.29072362820943454
0.08457944485849822
0.11742349031030574
0.2974854519191261
0.24477826635497113
0.8400293073340599
0.2470763977331245
0.13345501507045476
0.08473830680238859
0.2775609871303306
0.4130064714858772
0.341728711487832
0.18457944485849875
0.11309549366023663
0.31495909778420383
0.25085127760246806
0.39719876702310586
0.1278004112248956
0.1726161911592774
0.2923420671767065
0.0170814833433921
0.2339057027892224
0.05736785948377232
0.37467939153865704
0.17532851169700425
0.3377326243562777
0.2894820114525922
0.1898130240762388
0.10067310354192216
0.16561109446747313
0.12946496893875015
0.37792725428880036
0.6231869174231246
0.2564533157010018
0.11932805344386921
0.44774469731746347
0.33473214006652974
0.2819442986962031
0.191582364431496
0.29398897901804766
0.08880720578024626
0.049033320197031216
0.16067705681980726
0.16724595026543643
0.4565863278832225
0.18843223342690596
0.017258114796073087
0.008766221974615185
0.2841007983951993
0.6304522281318228
0.007485274584152712
0.03706716023587564
0.2663731586760134
0.1828601524999982
0.018620075811308645
0.36674652964243126
0.253522961033676
0.7023519608492981
1.611866146728767
0.4381158854155336
0.28817581576894824
0.31538018432122605
0.18235510865624516
0.27961490262989663
0.3874486732573956
0.336719570709648
0.35819804523664267
0.34054483525649903
0.052262694414255684
0.17665740595035828
0.3629307526907857
0.2184038000924824
0.7991930182083227
0.2524469385784096
0.16031183071937605
0.11285266822732698
0.3253146028607308
0.2935454607145376
0.2032768355778911
0.7459799787939891
0.24556844668566313
0.08457944485849822
0.07880259732570227
0.10379655724484937
0.09301921634907018
0.2869600421812599
0.14226781362365415
0.25474641743853876
0.5479114175839728
0.23396107282179557
0.4384397459530307
0.047373644000868076
0.05447018940356241
0.32295373615864875
0.3373732712074977
0.018420594008243363
0.25678177919312706
0.11339399756730195
0.18066573736950353
0.5600860385640605
0.22932483761695277
0.5206780393181125
0.723607488336552
0.15902895849125898
0.24317858229257983
0.5220002284422218
0.030731973688808978
0.30389957451699345
0.7101304246370663
0.10881388605704778
0.8305810402549314
0.038756764991519255
0.7546204951351854
0.0596809775014675
0.2115677665730944
2.864380288799792
0.1371924092188177
0.07876620660553879
0.38016479695757166
0.4060837275639049
0.6515660515293664
0.1943521387751712
0.08005393030826458
0.19013518089360737
1.1949100043076353
0.6125513267426044
0.08457944485849822
0.06248709681032327
0.256397841300517
0.1578086602001907
0.3248794803881605
0.1403567939872552
0.014453067948907439
0.13219319393009243
0.26984639741423955
0.10760305514423685
0.5662136236128088
0.04760206378956777
0.7766707500022836
0.16292265402819694
0.03601791332725224
0.08843223342690543
0.24671322478683422
0.8126904535964661
0.08427305496644433
0.10523357530466715
0.015420555141501424
0.028002216576845207
0.443771109004901
0.16637315867601377
0.27170294506121806
0.1437711090049012
0.0776116689377293
0.2334788585657801
0.829976752626802
0.5321558016479733
0.00800314354289089
0.24002930733406025
0.27284400145971865
0.06155456274436055
0.2066129961603611
0.3440687558231641
0.2833070075201771
0.058154183099129675
0.26338684289216374
0.06436792673704339
0.18626395387360173
0.04622872806941469
0.5400293073340601
0.04732842748025323
0.17087753392621519
0.008723425834150866
0.15819625537917936
0.19851844637139138
0.13590055981683413
0.2884322334269056
0.1587018063035046
0.40400350874680235
0.3350254312010872
0.23590351901559448
0.05968584757004347
0.22858160643250525
0.23879065803408928
0.01255132674260473
0.13111689596929388
0.258229932766584
0.018403800092482214
0.1331717730222497
0.14870843421027935
0.043800676449352594
0.02985451916354709
0.12343297570009248
0.06409944018316605
1.199396551287525
0.1359212918141317
0.5321931939300919
0.22736584191834908
0.5115677665730942
0.5308973888908319
0.6170926719675753
0.11357008161226378
0.2593262106301806
0.03495012173502676
0.1694189597450686
0.19924291130933636
0.27467324905035184
0.2245794448584988
0.25085127760246806
0.3650212911167321
0.28041733578399786
0.1829932627950761
0.3841046234574774
0.3068421390295084
0.016801364881122716
0.07314715998770094
0.7191989311962583
0.17170294506121841
0.36287207316082437
0.037146564173891505
0.2418418835454057
0.2739599459300841
0.26926802631119084
0.6170926719675753
0.2661076039965993
0.03619601512804849
0.03034102119325155
0.3041749999697494
0.31840380009248204
0.9815961999075178
0.24976441318315956
0.6953686783512971
0.12445564069254722
0.258229932766584
0.13494773461523213
0.09435213877517068
0.3044026945996041
0.3110340161152916
0.24063417633324669
0.20394185398804865
0.14437359947367945
0.3523138826400407
0.1524141517510076
0.16180849251109652
0.1675427822695923
0.23419389177917438
0.13368449277726313
0.7061801459791237
0.14746814521011853
0.20117935915372342
0.08457944485849822
0.04653169293864945
0.6465036249035165
0.6699781282037609
0.1748628856621508
0.2888403442388645
0.08473830680238859
0.3511366571033694
0.05402002120601068
0.2246714883029961
0.17761166893772984
0.23157695392252986
0.3075304385853723
0.05997069266593957
0.3203087462257095
0.19531629080958623
0.3532867752131654
0.3221271461682145
0.32943471053716067
0.2759889382347529
0.28896758575684167
0.027578295671409236
0.21255132674260402
0.9575274521544115
0.20470401619692513
0.1622924333888669
0.2693853146519203
0.07277046808304366
0.323585951131653
0.542819971511169
0.03719721864018144
0.6833517603744372
1.1532867752131661
0.16780680606990828
0.20080698179167733
0.21198379566551928
0.5532867752131656
0.15266909145921392
0.26997812820376055
0.10646328907534475
0.4815961999075178
0.28503908811939205
0.04671322478683404
0.26033885129054113
0.30792096708583916
1.392292809134144
0.3318534551580967
0.09422456502794674
0.60261858118721
0.106251229097019
0.26682822697775066
0.29346872890867637
0.3072143591440746
0.16273876321566672
0.3015771250188912
0.28033136909013834
0.3809534871095339
0.746086527340375
0.28260177553366894
0.12011228910713712
0.32191880612366575
0.9885640634653061
0.08287764335222558
0.2806438769014097
0.1562288909950995
0.26997812820376055
0.650966679802969
0.10726974836090619
0.05798832106813645
0.002243821719363659
0.17170294506121841
1.2164128578840376
0.3094779508027443
0.26724595026543607
0.5282637497901606
0.11244797154345854
0.3143245932868419
0.8024212448070127
0.0596809775014675
0.14419243507291846
0.2784565067743605
0.06409944018316605
0.0911861139429524
0.152687630298054
0.6971857600036708
0.3638211834771363
0.7400293073340602
0.057948902170005034
0.06277694760917463
0.1349762039296456
0.485040902215796
0.2769787206986045
0.1713632928023312
0.9954309016166993
0.1575927565087749
0.20348925640877802
0.3094343753563509
0.14894412399000956
0.01526169319761106
0.25622889099509916
0.026676309165716283
0.351578940939568
0.2779161160700756
1.0115677665730942
0.13535438512700182
0.034600881165426145
0.32512146481514836
0.12738580473113625
0.03896616974571376
0.4088138860570476
0.08147954922704326
0.26925569764508417
0.3933718460010436
0.026175160825252064
0.1400293073340606
0.159489847922611
0.5653991188345744
0.028465754324903614
0.11693560788799395
0.10196638551787629
0.3926448686285484
1.6172242497892837
0.03438890553252705
0.23618938375054022
0.11542055514150196
0.15968097750146804
1.5765363390314509
0.16542332121245718
0.08626395387360208
0.3983829993046406
0.33362684132398623
0.20601102098195234
0.20251454808087388
0.0766707500022843
0.2629008270300721
0.3874486732573956
0.3485118775181153
0.26792625846129425
0.1522223586578466
0.08473830680238859
0.24950983401643256
0.49653882325230914
0.31693560788799413
0.16965820421913413
0.4245319257506859
0.13160558661697142
0.25239793621043205
0.12594680715795992
0.4076386928362279
0.23931431932500047
0.36372473713044595
0.0021415438063367986
0.3074485167510499
0.25883249860661195
0.09988122290306478
0.2133619892900347
0.1282970549387823
0.38429345900679923
0.5026345350047414
0.26865682552393544
0.13417071766544897
0.28260177553366894
0.14399093257357265
0.3427251118609824
0.39722241279605797
0.28375406386565416
0.024671488302995925
0.43786227151845925
1.2475530614215904
0.13773262435627753
0.26375488171438377
0.15018973011537895
0.01526169319761106
0.19378762998853993
0.1821107293077997
0.23460088116542632
0.45646459909580006
0.41531408318218777
0.8428199715111688
0.32211313234394723
0.07791611607007631
0.27950681618987616
0.21514466204086524
0.253522961033676
0.0327394586724461
0.42936875289618914
0.6033566856438863
0.3983829993046406
0.25883249860661195
0.33378637638719155
0.14175451302703834
0.4815961999075178
0.1522614698139675
0.13853428973401094
0.10993692976159064
0.1791759225240872
0.013284488148801898
0.03321982029648307
0.24879554449255448
0.17848407750549633
0.150001118125898
0.07616420945769686
0.1562288909950995
0.17170294506121841
0.1617485815521773
1.5996496783157053
1.1532867752131661
0.2693227928819173
0.6548170688642854
0.09476642469533303
0.20383199454138712
0.24377110900490084
0.21571477592251487
1.7762724378301025
0.25180935659740733
0.8521601205567748
0.3475858482489924
0.36668705532620294
0.18257479948278998
0.13719266259895324
0.14462795114950389
0.04172871148783219
0.765523538600636
0.05231778892892347
0.14468126643991752
0.12313665948851238
0.005721688552854154
0.6693100385146566
0.33825531708390955
0.8152616931976109
0.26956263057826924
0.029434710537160846
0.43203320507518495
0.17456667369678946
0.1874368343218462
0.17754964539236973
0.4844493367122995
0.18626395387360173
0.08744631039903972
0.3976199523446251
0.18468364337506937
0.23712240281356856
1.532193193930092
0.21013526054280973
0.32728261161052075
0.04537950486481446
0.3052335753046673
0.3042231847427317
0.08473830680238859
0.4344753620868227
0.24671322478683422
0.1599706926659401
0.03920719757527902
0.13011171561450663
0.14096198723525788
0.10281180796880562
0.09757875519298675
0.306011020981952
0.2974619659233646
0.32029002970225484
0.09476642469533303
0.5115677665730942
0.4603702195597883
0.09984241404300143
0.38735555092284013
0.015129307590888708
0.04333163476669544
0.23525870269597782
0.3130954936602368
0.27520434070897526
0.3271741972410185
0.15538770863060503
0.1602251645142374
0.2693371564989562
0.09398897901804837
0.3228404403711558
0.3527978682147017
0.31840380009248204
0.2829185166566077
0.22523466661538016
0.2544756730992894
0.037064536060183784
0.24692042167036554
1.0018569604625354
0.07614268305452132
0.11542055514150196
0.1784489075607043
0.2678068060699079
0.39852817935723284
0.3930050837866963
0.1732421138663769
0.24671322478683422
0.24377110900490084
0.023063754220189914
0.16392097462749433
0.27170294506121806
0.04603677919873217
0.5561842393701353
0.3139599995843909
0.023021279301395303
0.17310478734853607
0.22304244753488867
0.30328410365800096
0.1669973719333413
0.1885697528517447
1.5970248684921753
0.09034433287944132
0.570432898502693
0.02487948038816068
0.17532851169700425
0.10911105265748233
0.15487603878638723
0.35907348845985965
0.07007994504853787
0.12346366096854933
0.3240915599877354
0.20495901950979345
0.21902437685330867
1.428455218036869
0.25997069266593975
0.17681308257687434
0.33045192645882615
1.8142247862720033
0.12318688847512682
0.20334916960767568
0.1562288909950995
0.3393322371947258
0.30148956598096
0.01526169319761106
0.21065109038480578
0.7403190224985323
0.7532867752131658
0.006581718253882762
0.04671322478683404
0.1975787551929873
0.7006731035419218
0.3237940422332555
0.40542666704555597
0.13089854153234448
0.16066839309800596
0.0874266855848278
0.1562435170048877
0.36960453789677494
0.147805630368822
0.25997069266593975
0.18913750022982967
0.4170881930713124
0.0829118069286876
0.6003503996119139
0.23892286611484792
0.04622872806941469
0.35662200207240957
0.22548420137981395
0.657703440523357
0.15839036870989176
0.2884322334269056
0.3321931939300917
0.8265230236528032
0.15544084145537695
0.2571162725096503
0.4068355714941463
0.731413789409662
1.0619630071052413
0.11019365467543896
0.01988274919057975
0.35268154318658773
0.08044729143764506
0.417484000430143
0.27571243842467474
0.1745940384611515
0.12447035866414069
0.27170294506121806
0.037390975085142664
0.47056528946283915
0.24746064509405485
0.1685862105903384
0.16458929505265552
0.2668764700771771
0.22021168941215663
0.19803361448212442
0.111863156294989
0.7534683070613504
0.11840380009248186
0.14950495845365364
0.04360088551302432
0.289461101586447
0.36287207316082437
0.351578940939568
0.3180347764704825
0.17352807063849784
0.18125681622555767
0.21101823058317848
0.2793851679013546
0.3663477002819251
0.7321931939300921
0.14546499720578154
0.13006609845470063
0.8988520964162863
2.076938601359868
0.2584821427351045
0.051340382647971694
0.049463695352117476
0.1975787551929873
0.05110867768635252
0.34720213178529846
0.804743267068126
0.18744867325739545
0.1359212918141317
0.18559903032410574
0.06175578657643399
0.2691026111091688
0.3523398547138745
0.034749894059307174
0.0732054949261256
0.36542332121245735
0.26049958455933364
0.45134038264797116
0.11542055514150196
0.011159655761135312
0.5842155318206128
0.09369143307220362
0.06167186618593856
0.7723534721738243
0.3028012329768943
0.40439734514487213
0.06833073712359283
0.193988979018048
0.04052782519768794
0.19336610617503514
0.28370169750045626
0.255957471743419
0.10601102098195181
1.9840074897041324
0.5125513267426047
0.09034433287944132
0.18577521372799666
0.6188190420766997
0.1367195707096478
0.25212084315875494
0.20484725192956166
0.3009661385147364
0.18843223342690596
0.262071869473381
0.3862639538736019
0.2399866334713865
0.28650086309593714
0.16780680606990828
0.1622673756437223
0.024287561575325967
0.08257479948278945
0.2414973991951932
0.5076736903667252
0.6128774932537056
0.12614259209037915
0.2696453570390931
0.03208769911081877
1.0980923587265616
0.18822179924516647
0.38544417788595897
0.8454649972057817
0.2455165307932745
0.0676399336386373
0.2063913231868968
0.28751057581953354
0.26770336795851435
0.22667630916571646
0.061209341965910546
0.20957447469297463
0.27011622076402375
0.11664823962556348
0.304869554935312
0.11484011236241187
0.2911627946301474
0.11930820529952246
0.1259334190870005
0.14701643361651762
1.1246714883029965
0.5336268413239864
0.5468505290253658
0.22780041122489614
0.16449938589143898
0.053286775213165605
0.2877343761758038
0.25997069266593975
0.33920719757527884
0.26848708702802604
0.10493279605700945
0.20839835161766374
0.26226737564372193
0.17916536133450833
0.07177810064149259
0.147941083032336
0.012932974677537068
0.21247720583886043
0.131200247953152
0.3192282423540771
0.31495909778420383
1.4403190224985325
0.1680783594050972
0.06552539877579999
0.18670368414950378
0.3640787081858683
0.32775812442489016
0.3082668097153274
0.18454204886892178
0.022009083406998364
1.2191989311962583
0.10748527458415236
0.33460088116542597
1.1166683983881551
0.8043785594626423
0.07345025951609152
0.25783254791875
0.11542055514150196
0.29899849362929043
0.21624848127408214
0.2621106931057007
0.1188068508413771
0.18109576164168306
1.7395511188036101
0.26762276421396436
0.08473830680238859
0.16645386557407438
0.21881904207669933
0.18045536092060743
0.10389899435399652
0.24671322478683422
0.22682803679923857
0.13845108715419485
0.056410597821159314
0.04191771133866329
0.16392097462749433
0.0057928915632752265
0.41581275865616085
0.19585438782456066
0.15968097750146804
0.26615540792233716
0.26941895974506824
0.9554472938208969
0.2203045162595716
0.2911191928043806
0.30815109785056016
0.29232630963327466
0.23360357361290607
0.30275984702206493
0.1765363390314505
0.03495012173502676
0.15180935659740769
0.24671322478683422
0.03005800103052536
0.26941895974506824
0.15729480191114042
0.1642416792606003
0.26603267248857954
0.38159619990751814
0.046346122603016404
0.3178195979300149
0.2024736371841973
0.1424072434912258
0.20237208784497618
0.005796230887972875
0.7221531623445969
0.13590055981683413
0.01526169319761106
0.2196670339374025
0.251340382647971
0.032020758898412716
0.4231226599931537
0.015420555141501424
0.6654543351288229
0.05544500174277012
0.08843223342690543
0.24268958260579687
0.33007441146640915
0.22943471053716102
0.6471685485719334
0.2334394922100742
0.35773218637634585
0.3486507652182471
0.19188431826929708
0.1351766029499455
0.1044589378895191
0.22048907429774722
0.37552948370764394
0.334193891779174
0.2337863763871919
0.06275626608216989
0.49562144053735757
0.8461244889557324
0.23671957070964833
0.4317510504559854
0.04321338659821894
0.17655250397424904
0.6400293073340606
0.15517930570289362
0.3737256861188287
0.18843223342690596
0.4120467350483512
0.18843223342690596
0.26431712262883345
0.028480122168299538
0.08882828347597993
0.2894820114525922
0.5609678053409279
0.19792643071594362
0.30884448859666946
0.6954438982779934
0.08260177553366876
0.06502379607035458
0.09673981344409643
0.32306424727318017
0.9832215926129244
0.29398897901804766
0.053872493612093564
1.5199274545788368
0.2278615570262552
0.14575303537801432
0.25886292390180365
0.2684757421522814
0.3774623696571684
0.05402002120601068
0.12778946475198882
0.18882828347597957
0.26754278226959194
0.2700243643166873
0.08843223342690543
0.2888403442388645
0.16670774971361446
0.5321931939300919
0.8428199715111688
0.08468591681781223
0.15549161631783548
2.729975635683312
0.17829222556979119
0.32467148830299575
0.2631723963985646
0.3370427294349678
0.055527103644466
1.0007570886906638
0.5039768418159571
0.3269614626833057
0.0011994678810767212
0.36336067939068784
0.21693560788799449
0.04850114787774462
0.2830552205196355
0.2996496003880864
0.4179966204395038
0.03670446277112038
0.22058027962493387
0.2308152764724154
0.10820439271206617
0.9061867421143832
1.4542469646219862
0.5220200775536625
0.1806636829037931
0.16156703889661017
0.27656702429990787
0.19306733817175914
0.04219133979980949
0.4654432136118185
0.34948718063083994
0.0321931939300919
1.4099011104922754
0.05574663859892848
0.25134923478175253
0.19475257811723523
1.0959964912531976
0.3493975129449929
1.0217550738542167
0.05538770863060449
0.251291565789721
0.873393745845517
0.6215110611598647
0.2763885364410976
0.10035039961191394
0.7338761688055477
0.1361569589483418
0.03951279009192188
0.24692042167036554
0.16356515247825065
0.4526263559991319
0.2691265090645629
0.25778885937738494
1.340319022498532
0.14613347075030791
0.18205608007423102
0.3145558221140412
0.26941895974506824
0.18457944485849875
0.18948201145259258
0.11257331441517238
0.24152100941239496
0.2896180931656964
0.14219133979981002
0.1314020478626423
0.13219319393009243
0.05902895849125844
0.13620718329997672
0.6066338938249647
0.1506528518523913
0.6216263542534746
0.45545037572037206
0.032172693362857
0.2751426630265499
0.14076313758713965
0.7373732712074972
0.07019740972777111
0.18881981845831675
0.01526169319761106
0.05668638799980208
0.0014514952664814729
0.10988371992737989
0.1731813801216049
0.6711824314106085
0.5992547309366394
0.4379415045562842
0.015420555141501424
0.043771109004900666
0.11526169319761159
0.04226530932649464
0.7025380604417961
0.06649133545475827
0.3002281710726642
0.3375129031896771
0.060162490635462085
0.24537950486481463
0.1916042130654212
1.5837515187259186
0.16656130250061274
0.5198827491905798
0.25338887469200166
0.3838045902985163
0.11840380009248186
0.08519739133427873
0.32291243278403314
0.17732069665186945
0.19593838946659048
0.09476642469533303
0.11559847506364118
0.26887030848025084
0.2551602403230415
0.23560469215023438
0.15920082328895369
0.18696004218126028
0.24002930733406025
0.2594152831486092
0.18420059783485065
0.33460088116542597
0.2799104648180837
0.43595275828916247
0.01526169319761106
0.18401972710675985
0.007842079180685246
0.3440451981470307
0.2051116634065071
0.25138747648407467
0.22616018164844753
0.32111880033815865
0.23240363117127938
0.20263408789367254
0.40400350874680235
0.33615695894834197
0.38989568859330515
0.11561380113687747
0.08323124260340276
0.2184038000924824
0.15557909965863814
0.4602057873400627
0.27170294506121806
0.046037781649451937
0.08030387221013147
0.23661457270334196
0.39197955636774484
0.010177979202572018
0.4554472938208969
0.2849802808362192
0.11022179072588134
0.30177917120031506
0.21255132674260402
0.21132202795203092
0.2190491765003193
0.2965431252256856
0.37386832058414843
1.0231869174231258
1.0003503996119134
0.051340382647971694
0.4253751818087723
0.3329691804197541
0.21512930759088889
0.5608008154312323
0.29823101734012525
0.23158049425211846
0.158626691032711
0.17495785609415293
0.653166887055602
0.18744867325739545
0.03858445191080495
0.023969207846628038
0.29520839583363045
0.30383199454138676
0.2343554289812655
0.24331361200019863
0.07939135335589764
0.16615540792233752
0.18641144689667666
0.34865961735202866
0.3989215181525392
0.39974135892720586
0.006308566927796022
0.19562144053735775
0.33161877975018506
0.2727151528966054
0.061209341965910546
0.13418881815986428
0.09761995234462528
0.002811807968805091
0.30378255567704926
0.11526169319761159
0.6383741237471998
0.055788046827822235
0.18843223342690596
1.1206086466441025
0.7036983370660161
0.17238189407068205
0.7640787081858686
0.028297054938781763
0.2723714375688058
0.1305810402549321
0.19310711453104012
0.09696090267853208
0.443771109004901
0.2990283221146459
0.18069179470047736
0.6231869174231255
0.015420555141501424
0.19476642469533267
0.2820113049691937
0.5443735994736789
0.3400293073340599
0.03878857080362952
0.14810142709948337
0.18843223342690596
2.1662136236128084
0.0806438769014095
0.3192282423540771
0.2663731586760134
0.01526169319761106
0.3114382431828737
0.3101410367135413
0.252261469813968
0.04375648299511248
0.07647356830043339
0.1538665292496928
0.2392071975752792
0.287448673257396
0.6508859130862037
0.3145558221140412
0.18045536092060743
0.19736546499525875
0.2596809775014677
0.5491229955166181
0.23460088116542632
0.6665211414342203
0.3149609118806076
0.1773468325875296
0.7939889790180477
0.14691761695482253
0.04998767323776132
0.3196968048775446
0.09790269479818559
0.3494933138615828
0.08843223342690543
0.21442754218553972
0.03312072775031183
0.19775617828063652
0.20146403048620964
0.24899384414271086
1.7484210590604317
0.1768131115248739
0.3126033433520501
0.641666290182874
0.015420555141501424
0.3135172357752687
0.3849728168002029
0.20209730520181424
0.3373732712074977
0.27297309822300786
0.2663731586760134
0.30822576207729036
0.13761139897109054
0.045082803279020034
0.037019176211135374
0.23550061410856138
0.48733847592337387
0.3390886965283215
0.34948577210437115
0.2596811701995163
0.35011783126326357
0.25173817098806417
0.17353855586852074
0.2903678215125174
1.829472089330313
1.9282970549387821
0.04002930733406007
0.38471380651003173
0.5940366782555984
0.020042864234633306
0.049764413183159384
0.2367408087195617
0.2126791920169806
1.5204002572100928
0.08473830680238859
0.15517930570289362
0.26359221251510956
2.1360790253725055
0.29890862245531125
0.8125630201384277
0.1502355868168408
0.1048884313463807
0.8004818904135824
0.3862639538736019
0.08881981845831621
0.8131455435058506
0.2845420488689214
0.32206028196911873
0.3123658879059228
0.28856975285174435
0.2851598876375876
0.1237085781580447
0.16155456274436109
0.5867036841495041
0.188594889845211
0.24999888187410235
0.36186426065212274
0.24051015207738935
1.811567766573094
0.3277773237630379
0.26827472370798056
0.3192282423540771
0.21182294450327888
0.22346366096854986
0.0917036299412155
0.39457333295444386
0.2672459502654352
0.18843223342690596
0.2606134727147964
0.038915069238347755
0.036434847521749525
0.4019452770100074
0.29398897901804766
0.018068622338017093
0.06637315867601323
0.16663173945140208
0.3458486692048579
0.2458444579429866
0.01526169319761106
0.11791928736593071
0.3400293073340599
0.1907236282094349
0.08640313409762346
0.18234478697573397
0.010722885634142365
0.16539911883457403
0.2845794448584984
0.16588562957142727
0.20157024151643377
0.08739897136732733
0.2501178312632639
0.03617989028770463
0.032172693362857
0.7014083516510574
0.20800314354289107
0.8705652894628395
0.2769362457798108
0.23535438512700235
0.18457944485849875
0.2508114303690423
0.1522614698139675
0.20716859540006638
0.3417262348677994
0.019084248896027667
0.03611399732596343
0.4282970549387821
0.10326560795735773
0.2445549982572297
0.3396611487094585
0.3466218013356279
0.31840380009248204
0.03321982029648307
0.1889380895377677
0.24484619362305882
0.2731471599877011
0.29127657416584896
0.18416826129545427
0.07565065224642264
0.42094267736592705
0.08699006131929021
1.0248406098541318
0.0826509533820774
1.5966413274476388
0.39895461069161353
0.18843223342690596
0.30815130200350893
0.31583173870454573
0.3640787081858683
0.18795326495164844
0.1841292815356832
0.05212583164342455
0.030452228131822245
0.14653169293864998
0.20025864107279379
0.11848688050841094
0.11840380009248186
0.19551130448783738
0.025296705518597307
0.20762368320447777
0.24671322478683422
0.29901098537490967
0.29232630963327466
0.08626395387360208
0.07764174917191546
0.043313612000198454
0.15968097750146804
0.08743683432184657
0.10839578693457952
0.01526169319761106
0.5825064444430685
0.04031902249853214
0.3862639538736019
0.28859488984521064
0.14773853018603234
0.10995648281748416
0.030021871796239274
0.2115677665730944
0.3879277586364953
0.8313716624112422
0.2556264005263209
0.10074081332801921
0.29536867835129677
0.007916997583605756
0.910517988547408
0.17503552409661616
0.36037021955978865
0.057119681982862325
0.09302078232615507
0.23590055981683378
1.610460724548382
0.015420555141501424
0.14409153986128942
0.015420555141501424
0.028297054938781763
0.10785479689324529
0.7352317783881439
0.2184038000924824
0.21079435768742893
0.545979978793989
0.22346366096854986
0.22728484710339458
0.20131567504714276
0.3874486732573956
0.31052051073097076
0.3155916507383161
0.0639820866727474
0.09496733365003429
0.34177258251844655
0.23419389177917438
0.8778270756090185
2.2419177113386635
0.23838412303576284
0.2693403116119031
0.12117901811071619
0.31627083871507633
0.21676930623828916
0.05402002120601068
0.3051283364330306
0.3538793690025912
0.04002930733406007
0.5043973451448718
0.18461981567877395
0.2996496003880864
0.2250181424004527
0.3546818848428517
0.14082425689946643
0.3236121575938409
0.21349913690406286
0.0911627946301472
1.3612093419659104
0.31512930759088853
0.06117334156065635
0.09964960038808623
0.19361684080569574
0.35226146981396766
0.2650083418006428
0.19964960038808677
0.022009083406998364
0.0912437001757942
0.1564533157010013
0.3113824919271808
0.18519739133427926
0.8389846577547369
0.23590055981683378
0.09200764728213073
0.1941497569265227
0.3162623093808863
1.607075894409947
0.8338923960034004
0.03362684132398641
0.2753285116970039
0.23160558661697106
0.3049327960570096
0.15018973011537895
0.10585565517589401
0.28635395962472643
0.04824264484643592
0.40508999569236437
0.007077436263513981
0.028521604122958344
1.6366131571078366
0.2610153422452637
0.15077277886926677
0.06637315867601323
0.7133085866646223
0.1599706926659401
0.12180640760889361
0.3931444301224962
0.2299148977190022
0.10800314354289053
0.16188423793384565
0.27332369083428354
1.5403190224985321
0.3122194212127507
1.064099440183166
0.4931352527236461
0.2967789522400057
0.08655944124000126
0.29398897901804766
0.06152849914832981
0.11431922094432867
0.251291565789721
0.12976438055717487
0.443771109004901
0.19273025163909452
0.26684208587473535
0.16603461197852898
0.30365512555183827
0.20035032168429545
0.7128405472816102
0.16152849914833212
0.14931835016509343
0.20784207918068542
0.1167994898699849
0.19111919280438094
0.7056654118629258
0.06108752008357676
0.00020512836409647406
0.326485511584063
0.14801853937157095
0.5052335753046675
0.06162587625280036
0.557216097406104
0.21255132674260402
0.03611399732596343
0.9705652894628392
1.2612093419659107
0.11840380009248186
0.09372549293992005
0.21236338598808668
0.1782853513917022
0.2793851679013546
0.04195355577867588
0.12138131565457488
0.061745282216681296
0.22370857815804435
0.17294994457273205
0.7167687573965971
1.1230637542201896
0.14646607772726217
0.20149789392909945
0.24865961735202902
0.19887121930955853
0.24616672121274163
0.10662815399895642
0.2937648052883777
0.2003503996119136
0.4075673317416255
0.31821395005605524
0.18045724045527134
0.06637315867601323
0.24783987944322483
0.39151721671281603
1.3437711090049005
0.23743489951205898
0.281483123758278
0.12011228910713712
0.3129329746775369
0.2596809775014677
0.20394185398804865
0.3006149711380779
0.22874225754745225
0.3162484812740818
0.1437711090049012
0.2920195364019422
0.07310478734853554
0.3250375119472526
0.24671322478683422
0.11512930759088835
0.07056528946283969
0.3332198202964829
0.2884322334269056
0.050117831263263746
0.9180557013037971
0.1811043077741754
0.08190245454237655
0.2329331936240866
0.2596809775014677
0.29836790276011094
0.16103383025428641
0.31512930759088853
0.09047601891756507
0.006338971162700879
0.16780680606990828
0.17590844001226458
1.7177780412810044
0.04671322478683404
0.17868186200431868
0.14031902249853268
0.22485357914751702
0.319660458547359
0.2871264519530019
0.12155465311932456
0.2896613934221426
0.31693560788799413
1.6224390128696697
0.13706915137965137
0.1562288909950995
0.0893932205259178
1.0089327094528944
0.04321338659821894
0.2115677665730944
0.05967370693619056
0.7939889790180477
0.4188957305519354
0.08898176941682134
0.4282970549387821
0.7079209670858386
0.2712469328940239
0.1559312441768359
0.3490114428053941
0.17681308257687434
0.24671322478683422
0.111863156294989
0.21306970984155083
0.34087827961673156
0.12004841623136464
0.2023538148628372
0.040254514180384504
0.31570805162095716
1.5640964809844053
0.1346008811654258
0.1155916507383159
0.04671322478683404
0.611430247148256
0.5801617637338996
0.17170294506121841
0.3557768176125986
0.22780041122489614
0.5226439661810582
0.26561109446747366
0.03161485542715514
0.2930961190612038
0.20815566010681774
0.27835055409021514
0.06618359994634204
0.25975415728347784
0.41828693371887393
1.3138423028540371
0.18728942780367763
0.4256272353559387
0.32972763266318594
0.10247363718419678
0.32336930894821414
0.2984159892914944
0.758018000791564
0.26956263057826924
0.268330737123593
0.37828159910457604
0.204556101722007
0.276135515473249
0.29911913213443597
0.41051449857413846
0.22079817238571042
0.10524272758865649
0.6409016461741519
0.19250550947328193
0.2182119060623151
0.23882665843934348
0.1072143591440744
0.19111919280438094
0.11542055514150196
0.37837364574652543
0.28856975285174435
0.28102079263083724
0.33832423456967753
0.3610009340198834
0.1803038722101311
0.05997069266593957
0.4019452770100074
0.271361248210364
0.19040009728963092
0.3007796527585498
0.6147570980270558
0.31373604612639827
0.042051995320032454
0.9189565433322819
1.011904119246835
0.1359212918141317
0.2311021282882093
0.00020512836409647406
0.23882665843934348
0.2628489933973892
0.07895443483328624
1.7784270772284874
0.07394808184170376
0.11328448814880154
0.3841046234574774
0.20778025020854063
0.2115677665730944
0.19806202353150315
0.01955270856235547
0.07591423118282403
0.04877177274889011
0.3306448733585885
0.18397514245925795
0.13938652728520395
0.01531408318218741
0.23806751786411162
0.3885640634653065
0.09887177611652742
0.5939889790180484
0.145379504864815
0.2917956072879342
0.078775918100769
0.3294649689387503
0.25222235865784626
0.33460088116542597
0.19350891467482523
0.2473672654193324
0.2606683930980065
0.37379412104730214
0.14393781510588077
0.28260177553366894
0.07491851354767487
0.2148401123624124
0.21284054728161017
0.2812707377088035
0.7305810402549318
0.21601679063298818
0.05622889099509898
0.7003087431611936
0.21329631585049658
0.13155686724300963
0.01526169319761106
0.3040035087468027
0.32300837867792787
0.2741519149787006
0.2478738768433093
0.015420555141501424
0.10503266634996589
0.611256342259539
0.09476642469533303
0.22105150684005004
0.3190218611328781
0.16129873858599808
0.23711108231483724
0.7962174443229504
0.3393322371947258
0.04031902249853214
0.3020735692840564
0.1599706926659401
0.10961242156978201
0.11526169319761159
0.25261183132752496
0.41022179072588116
0.2959324886904309
0.35390649353933945
0.16248709681032292
0.608548111249231
0.1178775508374903
0.3114362766580001
0.03109067982865632
0.3601624906354619
0.2596809775014677
0.09013518089360772
0.2668560525962622
0.23214189444173705
0.2550666710526084
0.020467208492445543
0.17284400145971812
0.39748545191912665
0.2550808143531107
0.13869044517231366
0.29665774847621584
0.011532168130423237
0.13881520400050995
1.5546339145252572
0.6389846577547367
0.6469216942855418
0.015420555141501424
0.2329331936240866
0.545979978793989
1.9345766787875425
0.20242124480701307
0.521042716470439
0.15343122322735958
0.05191568288890469
0.21848688050841059
0.43457667878754247
1.8641738548256894
0.09314531225412104
0.16047407551111093
0.22473830680238915
0.09178604337321783
0.24512396121361313
0.0617876347337285
0.11542055514150196
0.5975263628158034
0.3692556976450838
0.28993701638929537
0.2196670339374025
0.31267919201698025
0.3532867752131654
0.19476642469533267
1.807614353321374
0.18020170516956302
0.2628765997936444
1.1351091363106267
0.29397149289416724
0.48397514245925777
0.07170294506121788
0.04190376881297109
0.12277040696581576
0.14464560784229175
0.14359014610281307
0.03736708089776464
0.4325081059392595
0.3111402620166501
0.26764337946669503
0.161103337203234
0.5025380604417959
0.29214520310675507
0.2769146585081943
0.10022332265421063
2.1942717558515366
0.4062590541369957
0.19777040104224142
0.37969548374042805
0.08611040188386632
0.18473830680238912
0.29930095374863797
0.31733714518474976
0.32674400015579597
0.29372549293992023
0.19841598929149473
0.30201730886460254
0.12487948038816032
0.0217668175600636
0.5314985546411748
0.8120538563637734
0.5487121500532064
0.1885697528517447
0.20133254556431268
0.2295932438572148
0.34646607772726234
0.11840380009248186
0.19048716352278383
0.26941895974506824
0.5519167563105727
0.5316692628764068
0.21915065851241788
0.03937765987186648
0.37828159910457604
0.24671322478683422
0.2693643912864996
0.06719419379957703
0.3379881564331253
0.13590055981683413
2.1931453122541207
0.19118611394295293
0.09723856481564308
0.10864486704105225
0.01526169319761106
0.21571477592251487
1.1479114175839724
0.2501178312632639
0.2854716627594067
0.11542055514150196
0.5502355868168403
0.11848688050841094
0.2552173800451083
0.2864653321129236
0.3494718533696384
0.18127073770880386
0.15530411081950835
0.20493279605700998
0.16352560647864856
0.26956263057826924
0.25599201335186983
0.22105150684005004
0.22473830680238915
0.3368673934506452
0.06833073712359283
0.04940385554303983
0.08290732803242484
0.12346366096854933
0.21896107220686112
0.3768130825768745
0.9602057873400627
1.1001187770969354
0.24144232708317048
0.4154205551415018
0.3695984266350507
0.102257153080334
0.24671322478683333
0.5154205551415014
0.44734259925453745
0.18457944485849875
0.2766677859562474
0.21950521595837102
0.17274737727446343
1.4446122913693955
0.5930389270643417
0.5765363390314509
0.36476872094957447
0.22601483095601616
0.10692102057918262
0.41587071846431733
0.11848688050841094
0.27037695133256534
0.36186426065212274
0.18862372613983247
0.19964960038808677
0.22371794964355463
0.040901646174151374
0.15462353770767567
0.08473830680238859
0.46175578657643346
0.49388382080466453
0.359797555764807
0.34270349124635935
0.026763059099816466
0.12343297570009248
0.16872603833970246
0.01255132674260473
0.1671602022679366
0.31373604612639827
0.27340596954879093
0.0716815157531796
0.19750460119480895
0.38671551185119846
0.06358317974027639
0.20235196084929807
0.1114903058177612
0.24259090436544195
0.18577521372799666
1.1335461344259263
0.3970521952340631
0.31495909778420383
0.015420555141501424
0.25596051385300544
0.18988067813783172
0.724586388808623
0.2289823294297335
0.2267894743819987
0.061363392884683954
0.1195049420458929
0.1028152258471744
0.25377127193058513
0.1864827642247313
0.015420555141501424
0.05298356638348256
0.09716628805689442
0.6532867752131661
0.25886292390180365
0.15982553789166865
0.002538060441795942
0.04622872806941469
0.04031902249853214
0.047130965980044515
0.25203716460953807
0.24865961735202902
0.3549565184243839
0.24814876262029717
2.2362071832999764
0.3639209746274945
0.10067310354192216
0.34564441277755087
0.0395272612366222
0.18191495021064696
0.2716815157531798
0.8479114175839726
0.29244905205454685
0.012011602720687797
0.32356870183808084
0.04773853018603269
0.12127691777324756
0.07532851169700372
0.13113020327181513
0.33155216787432984
0.041192111485929495
0.2585125204383676
0.5568131734405375
0.26819661148975804
0.21787755083748994
0.01526169319761106
0.2335464975952215
0.1271559985402817
0.23717828065371194
0.10494864316239294
0.20640683774692725
0.14671322478683457
0.6125513267426044
0.1809756231466917
0.12418459684799377
0.26960526645114946
0.6548170688642854
0.31446022729907863
0.6902477971793903
0.1400293073340606
0.27526819366032207
0.5293795049530123
0.3973081415616182
0.272770517913866
0.10459410299264338
0.16681767078348386
0.14877826392672766
0.15023859011659368
0.2090285212974532
0.09977865237340122
0.3694666599861609
0.20787032420932583
0.2975573871470045
0.11048533820579554
0.38224364123773213
1.384948454158672
0.22245035460763063
0.4393865272852038
0.036156958948342144
0.17422803474178306
0.3108112028276029
0.4137933820868547
0.5305810402549316
0.06293283976412489
0.5295230047461477
0.38420159953664257
0.21442754218553972
0.3030187753496314
0.19000261325596846
0.11512930759088835
0.4523979362104322
0.026371720029316315
0.15055199609358372
0.18306439211200587
1.109010436102725
0.19736546499525875
0.011567766573094218
0.1409515598871005
0.1450136119855241
0.3640143741659596
0.08902594394063446
0.031801657386018256
0.15217895819212401
0.3339247870987192
0.15134923478175288
0.03297862520829664
0.002380047655374362
0.07849085453579985
0.18457944485849875
0.28257479948278963
0.16449938589143898
0.24469853331960323
0.006041303770249584
0.36846424574637027
0.34031902249853196
0.30413490538063037
0.0740451411402967
0.012932974677537068
0.16589023083068621
0.08542858535106479
0.2815131194915894
0.04497453239548932
0.18948201145259258
0.2636290610719172
0.15577681761259843
0.2804553609206071
0.18473830680238912
0.17018620894354441
0.2948883365934929
0.1777336807708938
0.3159925102958674
0.4468494833665968
0.25997069266593975
0.1653630401172137
0.3955552408700935
1.3961004254830067
0.17287122984192216
0.4364155190280181
0.33329225028638554
0.21742349031030628
0.6529236022668758
0.10437855946264207
0.16910261110916824
0.2336268413239866
0.023085341491805522
0.35274144705127775
0.1567060077109126
0.37379412104730214
0.1361569589483418
0.0801617637338996
0.02775812442489034
0.3167784073870754
0.08771465226297792
0.15968097750146804
0.18457944485849875
0.2435901461028127
0.28602021820150014
0.09964960038808623
0.09235725591842936
0.21809357056325496
0.7327540497345639
0.39251675303789035
0.2945944124536126
0.18151311949158977
0.015481534754463233
0.01526169319761106
0.16836528525332284
0.19851844637139138
0.11619898950040497
0.1803380285127716
0.2997413589272062
0.2184038000924824
0.3419535557786757
0.04571694293892126
0.1924511102644786
0.011567766573094218
0.35736785948377214
0.2149572060375231
0.15736785948377197
0.10253806044179647
0.3938132578856166
0.43457667878754247
0.5375129031896773
0.9211974026742977
0.6026345350047411
0.2958103540038355
0.20060344871247437
0.5487121500532064
0.07791100147769647
0.17170294506121841
0.04947185336963855
1.6136821131608503
1.7779161160700756
0.10639132318689626
0.13590351901559483
0.26739344023292233
0.2870135452840703
0.19145658163944557
0.0008919697394924597
0.25387936900259156
0.45680466123525854
0.34563489326603225
0.19241661411299837
0.05600906742642753
0.24393781510588042
0.21876029111465378
0.07791100147769647
0.18883172507525536
1.146133470750308
0.46196300710524074
0.19118611394295293
0.46016323269541193
0.485040902215796
0.04981026988462123
0.16195679238535732
0.2308152764724154
0.28732746846508483
0.28715098780252735
0.6394582431750209
0.008813886057047249
0.3132963158504962
0.2838045902985158
0.2335464975952215
1.9709500512420837
0.09784782591287744
0.37693624577981044
0.13400763408185767
0.5044108510321861
0.07243680248693618
1.4346426501648128
0.14623186458786375
0.27597770497472673
0.4464770389663242
0.32534396434140955
0.23879065803408928
0.04019038594452695
0.31156776657309404
0.24671322478683422
0.2892859235790386
0.29818554948668385
0.16966434254940488
0.2851988356663959
0.11129337378042248
0.302412145595488
0.04889989293723662
0.21168949660254732
0.2202134625587293
0.02208388392992422
0.09447280044952855
0.0359005598168336
0.08995677618420572
0.049764413183159384
0.1875687436636646
0.006842139029508587
0.16637315867601377
0.5967398134440964
0.22642909109007103
0.29785031009944074
0.04671322478683404
0.05236560841499305
0.23394094582805813
0.15173010669951825
1.0106510903848056
0.13030054774129152
0.10224024265736809
0.2618642606521231
0.38504090221579634
0.3049764184602317
0.5006731035419216
0.32967545723106717
0.46314392825524653
0.22275067105667645
0.24002930733406025
0.35200574752786906
0.18028597699226623
0.2606134727147964
0.31512930759088853
0.11484011236241187
0.7764207204862785
0.3822219587189952
0.722240880986476
0.20304322249949447
0.23847150085166824
0.5261322079878985
0.3049361673064723
0.30154039282826517
0.13347885856578046
0.23590055981683378
1.3083063766716885
0.15328677521316614
0.09579392107075169
0.1250014186943993
0.11431262208972992
0.016262309380886464
0.32243160596117093
0.1562288909950995
0.0001575859569991067
0.20604130377024976
0.27571243842467474
0.40060344871247455
0.34677346856296065
0.34031902249853196
0.09476642469533303
0.19932689645807855
1.1283184842468206
0.4193561230985905
0.13311682540236536
0.15636477979517416
0.2965431252256856
0.37693624577981044
0.27531535355521974
0.725619426688386
0.3068546877458793
0.01526169319761106
0.42494492145684504
0.34353540090419976
0.16945889779996648
0.21387386062090563
0.2665211414342199
0.07943287229865792
0.09355947312824053
0.28448709037538755
0.5733236908342842
0.31357008161226396
0.06409648098440535
0.005233575304667504
0.14136776122642303
0.046770701963250616
0.2947150832710097
0.13219319393009243
1.1115677665730948
0.3766707500022841
0.04167682765877867
0.24711846902341073
0.2648703513029034
0.07645906323151674
0.1562288909950995
0.4272526227255371
0.10414905684111186
0.06409944018316605
0.12805135589725403
0.4362533933267132
0.2910462914707166
0.2461392512080458
0.16896324208030222
0.21643748166779186
0.07571243842467457
0.10421917666901503
0.13578757310887912
0.3628075907811823
0.12637172002931596
0.2033175824081681
0.0890952865784902
0.2142086816435187
0.5019201509003786
0.23237723578603564
0.29698122465036825
0.16392097462749433
0.08094818579339602
1.1152616931976116
0.153166887055602
0.1784863817971143
0.1359212918141317
0.2596809775014677
1.3485935438096943
0.255758489765042
0.5375692915571095
0.14671322478683457
0.06978431303509769
0.05268154318658791
0.1008954587307116
0.08843223342690543
0.3754645564751389
0.13972142835654466
0.2716815157531798
0.051152857693140596
0.1750550785431546
0.10565149103358706
0.4518651519393275
0.14603677919873181
0.1320876991108193
0.13879065803408963
0.2107954326735202
0.289461101586447
0.263653246124381
1.5137360461263984
0.42454329874752084
0.015420555141501424
0.9746560356585912
0.11495909778420366
0.2786379637833516
0.14894205913380976
0.07695747910460682
0.21709267196757587
0.6363659263683843
0.21693560788799449
0.07934153224505724
0.24074939014953234
0.24360835524143631
0.277497902858558
0.585572457814461
0.29508149549690277
0.1286701589029322
0.16680505387904176
0.29593332516311754
0.13879065803408963
0.1599706926659401
0.23244906888582673
0.28751057581953354
0.26477047458590164
0.13879065803408963
0.1848406124906079
0.026523023652803346
0.18809035409627128
0.014689487304706539
0.936598996472843
0.15177246580245107
0.1476020637895683
0.006011020981952164
0.26438028879979214
0.11227042125297881
0.41626230938088593
0.11542055514150196
0.42524247612606114
0.1599706926659401
0.312471577979176
0.7463165368119604
0.8453827030753516
1.4151593875093926
0.07633453954931557
0.28995990283458717
0.4096390673068262
0.5921950316181359
0.07487853518485199
0.1346008811654258
1.0137360461263984
1.4609113034716783
0.3393322371947258
0.0940301153133527
0.3278004112248958
0.7702589354815599
2.8885640634653056
0.03564739566173092
0.05997069266593957
0.14802616405478375
1.0282970549387818
0.23757892707246864
0.25997069266593975
0.1888255931218552
0.2687997520468475
0.09593232679018904
0.23824421342356672
0.22190703190863292
0.058204563339582016
0.2880081323218908
0.2971595684157835
0.2930673381717597
0.0641738548256896
0.362249345050051
0.2596809775014677
0.015420555141501424
0.00708875968360001
1.0612093419659105
0.05997069266593957
0.3947908845792476
0.8936168408056959
0.1588471696778022
0.427157244012796
0.19873818305480917
0.045325096558817
0.5143784785223415
0.09435213877517068
0.21021162100170443
0.10118382321985653
0.32990438967778957
0.3115370898065404
0.11734085175154796
0.30958386674629423
1.037373271207498
1.1546204951351857
0.9815961999075178
0.33706716023587546
0.15749536693378907
0.16415313197987835
1.0125513267426047
0.3278004112248958
0.13879065803408963
1.8305810402549314
0.11850231038234149
0.3457865489450356
0.2133619892900347
0.1361569589483418
0.22318691742312513
0.20116094177037702
0.08473830680238859
0.31850231038234167
0.05333572031668066
0.12308534149180606
0.06981518200924608
0.13590055981683413
0.1250241073910443
0.6538837243346824
0.15386074879195455
0.3349762039296458
0.406878012236791
0.09104471844493833
0.13715100660261115
0.24671322478683422
0.03884770950019778
0.2682864062804704
0.287448673257396
0.2020522958667641
0.18487069240911147
0.18391083067724345
0.22306139864013197
0.16185394021426802
1.7533189911605689
0.061096390404940415
0.16409944018316658
0.12696146268330555
0.16189776760118768
0.32813030148796685
0.25997069266593975
0.19476642469533267
0.11666194607063574
1.169184723527585
0.007567331741625161
0.03617881652286403
0.3630620828862723
0.08427975497968543
0.09719698093971196
1.54002930733406
0.18577521372799666
0.043771109004900666
0.21908424889602784
0.334193891779174
0.06997812820376037
0.3208707999267215
0.3331626377979422
0.09868432495285795
0.07978831058784319
1.028783039467445
0.20279678172921667
0.034224982536499304
0.17936143516019598
0.0724217043285913
0.39581293876617085
0.2656062051368018
0.13081527647241575
0.09315786097049106
0.14976441318315992
0.16950280744015078
0.14124585935669653
1.3326003168800895
1.0375129031896773
0.01526169319761106
0.13590055981683413
0.2823568705673427
0.11368161909836072
0.17106728963121487
0.22097771800741128
0.035508040146990716
0.04423863533900363
0.06681767078348333
0.2445549982572297
0.29427831144714567
0.006854687745879495
0.22500141869439894
0.22548420137981395
0.15902895849125898
0.21671300319915332
0.15018973011537895
0.07532851169700372
0.017889270692200476
0.3028012329768943
0.1346008811654258
0.08236065487239319
0.07170294506121788
0.5400293073340601
0.38553977270092155
0.05603508942575086
0.21922824235407745
0.21022179072588099
0.7321931939300921
0.17526139481245728
0.3588324986066116
0.2976051176163921
0.8988717761165272
0.09145188875076915
0.3073587040179744
0.12199958359837648
2.1751205196118395
0.1568786593646534
0.015420555141501424
0.21455582211404156
0.0850741816049867
0.10326018655590374
0.28545700993210765
0.31840380009248204
0.29420376911202695
0.1640497086103423
0.02171940204261702
0.5583903687098912
0.09427831144714549
0.01349913690406268
0.19041613325370577
0.02380387156090169
0.3418629499336383
0.21481705029692044
0.03899906598011693
0.1437711090049012
0.17995713576536687
0.3670213747917037
0.9502355868168406
0.15562640052632126
0.2727151528966054
0.01073065298109821
0.14548468527534908
0.3768130825768745
0.24536970788668278
0.287448673257396
0.20127253977246617
0.23950041544066636
0.15724752812688347
1.044373599473679
0.018403800092482214
0.04497453239548932
0.0695477718681774
0.09476642469533303
0.030021871796239274
0.2526574007454627
0.35226146981396766
0.1962444700868229
0.241754513027038
0.3204579125426079
0.019216493345223462
0.23592129181413135
0.10523357530466715
0.3317218950036782
0.39178604337321765
0.27978831058784337
0.04451500858003321
0.2996496003880864
0.4015403061593785
0.11156776657309475
0.3249427004731791
0.2283523421469411
0.08403955330168866
0.024489411109475334
0.17274737727446343
0.10661299616036146
0.2723714375688058
1.1819064294367454
0.2596809775014677
0.11117171652402025
0.18457944485849875
0.3213911540651999
0.3305810402549314
0.34302552327692837
1.8324572177304077
0.29098956389727526
0.09091545006230728
0.015420555141501424
0.05997069266593957
0.3956214405373579
0.1008069817916768
0.1871509878025277
0.0861721695052422
0.29977667734578883
0.17177005844540272
0.31374194948997314
0.022247218216521425
0.5125513267426047
0.178746203407826
0.8240201885720992
0.2115677665730944
0.07271515289660524
0.27407552078518194
0.46640447917789274
0.25314638398629974
0.19476642469533267
0.023647643867350077
0.20415620681101743
0.08457944485849822
0.37693624577981044
0.15626114187612483
0.04760206378956777
0.40523357530466697
0.3247319031227631
0.31512930759088853
0.2894820114525922
0.11848688050841094
0.21316979450552864
0.002514548080873702
0.3874486732573956
0.24491770423225123
0.3139599995843909
0.306011020981952
1.0733048052908316
0.5955890987685679
0.3050899956923647
0.33256453065612845
0.31003475446978257
0.035354385127002175
1.2526327345806676
0.07645906323151674
0.1131621549399835
0.19392566555331925
0.13721041383263177
0.17263415808165128
0.4403190224985325
0.2881919850472494
0.5211560907762687
0.1278004112248956
0.27170294506121806
0.17693624577981026
0.23321982029648325
0.2184038000924824
0.30295065017713085
0.1359212918141317
0.7373732712074972
0.21709267196757587
0.1386373351546446
1.064099440183166
0.192385646678626
1.528071940365094
0.08398018860321965
0.3874486732573956
0.30459410299264356
0.09964960038808623
0.3860202182015007
0.6749624880527474
1.3580319466660438
0.2077646633639274
0.27879877075772086
0.18630027297864427
0.03205832213073556
0.7664913354547584
0.27232543190538827
0.013284488148801898
0.2501897301153786
0.05177902794613676
0.1591734904502342
0.35129156578972065
0.24783987944322483
0.3119096459037287
0.13050057771463308
0.3233831220709078
0.38291851665660825
0.3006034487124749
0.21478767687593248
0.4660752129012806
0.06342421860862846
0.03495012173502676
0.24760206378956795
0.08370169750045608
0.04031902249853214
0.20301877534963175
0.14876824606560124
0.2974956892662668
0.14518293113571534
0.05886292390180348
0.3166094600287277
0.024671488302995925
0.19932689645807855
0.2850409022157958
0.01998619393200851
0.2433441795341178
0.429877893847479
0.26764494886109347
0.1288175685893922
0.3537712719305848
0.07932017408998515
0.08045966324728226
0.08164486421306183
0.15217895819212401
0.2663731586760134
0.17347697634719683
0.2579634659576513
0.05867348352760082
0.053462955083767305
0.0592294593348166
0.2845794448584984
0.2724064488702096
0.11693560788799395
1.5709884132542324
0.3393322371947258
0.06066776280527453
0.27281270380342004
0.23002187179623945
0.36287207316082437
0.10253806044179647
0.29398897901804766
0.26561109446747366
0.09336610617503549
0.28859488984521064
0.15883249860661142
0.36532336244727937
0.2708273678666435
0.2184038000924824
0.23087349093543708
0.3305810402549314
0.24702139435086146
0.3213910772770179
1.0305047950212938
0.17978831058784372
0.25019026613436957
0.08920456732648052
0.30881388605704707
0.01526169319761106
0.38595357093858773
0.197587854404512
0.061272280788876365
0.2888198184583164
0.27248090095578537
0.3461334707503072
0.26704137731767474
0.18306439211200587
0.16221356432541612
0.1295975095482449
0.19476642469533267
0.03920719757527902
0.010329729128677911
0.16819834261398192
0.35353392227273783
0.08110843027630388
0.3650212911167321
0.015420555141501424
0.3492863177244807
0.2478571158564149
0.23791310955403056
0.8739801215747143
0.1997948716359037
0.07653633903145085
0.1562288909950995
0.1944236779347488
0.21950521595837102
0.10304322249949394
0.058082288661336356
0.41545795113107875
0.23617314894072727
0.042769460000965154
0.08715945271838965
0.31118018154168325
0.1162484812740816
0.04571694293892126
0.1138672278291768
0.11457141464893539
0.2914086242646228
1.949409284374056
0.3114382431828737
0.8693429139596356
0.5880903540962716
0.18898176941682188
0.17370242620451926
0.26949520497870605
0.1373212584891048
1.3105388984135526
0.2869900613192904
0.25001198827298765
0.23459645524040074
0.21677840738707577
0.29276343170936414
2.2110182305831785
0.20439734514487196
0.37969548374042805
1.792785640855925
0.23879065803408928
0.04482042833834665
0.14671322478683457
0.11056253438463859
0.18397514245925795
0.2653991188345737
0.3253146028607308
0.24783987944322483
0.9061693601594323
0.1622145265244983
0.14647703896632436
0.23719721864018162
1.6448397596769588
0.19677895224000608
0.3494007163182058
0.0203673419878303
0.2825724083928014
0.336427273943384
0.05997069266593957
0.5939889790180484
0.04938384547260899
0.01110391745357564
0.07398012157471445
0.03706716023587564
0.15404594923727544
0.05826365222299845
0.31821395005605524
0.256397841300517
0.1257651035547358
0.06248709681032327
0.1873966566479499
0.5559365902463824
0.2483124460093844
0.5506024870550075
0.119214732407527
0.5518512373797027
0.04403948614699438
0.07136124821036383
1.0351807167125493
0.06682700598923752
0.654535120851282
0.20437753062183983
0.251291565789721
0.08696004218125974
0.31840380009248204
0.18451846524553694
0.5176263603007376
0.3485935438096943
0.19805472298999227
0.004223184742731867
0.06468608508529439
1.6422324469042122
0.15724752812688347
0.02364889682003124
0.18744867325739545
0.14229655947664277
0.13275404973456428
0.25731041739420313
0.2973994691301325
0.7504901659835674
0.20400350874680218
0.1824378886888134
0.23460088116542632
0.33775201006663913
0.832067316891604
0.9987597400763724
0.5815131194915892
0.09110523835889595
0.2708347288804305
0.16932279288191765
0.14444621885803866
0.11153216813042288
0.552126046042468
0.22896868570084639
0.3712577424525474
0.15569460214551256
1.1521272360577655
0.2449191856468893
0.1826858391952495
1.3052335753046673
0.19886079395322387
0.06909983932068098
0.28568737791026955
0.030021871796239274
0.11709267196757533
0.19385150750590885
0.07650488607727102
0.28350578155869144
0.0032601865559032106
0.0303886896137584
0.0722616730235055
0.1621373389326246
0.31970697373976
0.07532851169700372
0.20564786122482914
0.1382127257123491
0.11422225922548801
0.28792775863649567
0.28504534022878225
1.8247318063396776
0.1254842013798143
0.27397982759055317
1.7195403367527176
0.012563020138427916
0.19562144053735775
0.0355006141085612
0.06941895974506807
0.27225759555642703
0.340314152429956
0.2050899956923642
0.33626031783690014
0.01422478627200352
0.35128784994679396
0.040673240687512546
0.110350964253489
0.18802292071416637
0.2884322334269056
0.30404435493604787
0.05622889099509898
0.27347697634719736
0.2053933752312318
0.24564654232317196
0.04914872239753265
1.8296451201826294
0.2380153862514538
0.4428130937266319
0.2678068060699079
0.23313189274985113
0.003467885504919721
0.09736546499525911
0.21303995781874008
0.5164942184413084
0.3746732490503515
0.05622889099509898
0.30275978926182745
0.03109067982865632
0.24240641637208604
0.02368291560844682
0.5519052315441728
0.1162459361343453
0.00445635887942597
0.06564457101873522
0.5043973451448718
0.18001909418216044
0.8195859021294813
0.5543555872224495
0.3024190783573424
0.2768341639989744
0.2037965572448499
0.29242625122193733
0.5095999027103693
0.21579840046335796
0.7187292622911965
2.0896702708713217
0.19476642469533267
0.3367792078408627
0.11397978179849932
0.3532867752131654
0.2945387571262401
0.3244244972330268
0.1590983538258488
0.10030874316119398
0.13907603838306226
0.004003508746801998
0.31840380009248204
1.0487697729111227
0.2792579165640978
0.07125774245254757
0.06409944018316605
0.05290017680356485
0.051024609945794275
0.24552432690071058
0.26049791839921177
0.05516024032304134
0.20269185843838144
0.2860075912332203
0.015420555141501424
0.16409944018316658
0.14816145028223726
0.24939751294499324
1.0351807167125493
0.19634087118187704
0.002152174087123093
0.3382514184478227
1.2412565555497501
0.1918938792411673
0.11480260866572145
0.3094778745248572
0.1694189597450686
0.5852398574103352
0.04287505713398776
0.3040035087468027
0.15650306510737622
0.24035679398725485
0.20238004765537454
0.3419169381167624
0.04063417633324651
0.27968970064419807
0.044488863787916166
0.08190245454237655
0.015420555141501424
0.20708632167221896
0.22094267736592688
0.25883249860661195
0.049764413183159384
0.24865961735202902
0.05374726956810161
1.0683812202498153
0.3571030896120613
0.26008951724283413
0.025507657396521388
0.1830255517588677
0.06392097462749469
0.3040666748368821
0.728245067683277
0.1515663922733097
0.12997675262680275
0.1137360461263981
0.14662180133562774
0.047517612830753286
0.06502129111673227
0.34725855294872243
0.16637315867601377
0.5705652894628397
0.3101193218621683
0.15122488844128767
0.2911861139429526
0.2501178312632639
0.06342421860862846
1.123485651247262
0.17379412104730196
0.2804140978705183
0.007567331741625161
0.06022516451423687
0.08278278496097524
0.20061009195680768
0.30745204332938414
0.0722899411722393
0.05703291987363368
0.23573022067059135
0.16109639040494095
0.5939889790180484
0.05622889099509898
0.0364647304336847
0.35548499141996626
0.306011020981952
0.022756419713449993
0.24240724349122544
0.2624307084428903
0.36409944018316587
0.3803342131625378
0.11432459328684175
0.29718819203119473
0.08755576788492725
0.015420555141501424
0.3025145480808735
0.2751426630265499
0.28409697664331723
0.72248194536279
0.10146403048621
0.1869045063397632
0.007953983927031949
0.2653991188345737
0.33367435830143855
0.25065285185239183
0.1786081936889774
1.4316937457320043
0.15874344445025024
0.3089726747236199
1.1521272360577655
0.31986111841264453
0.1324490688858262
0.05736785948377232
0.3393322371947258
0.01526169319761106
0.5753672724823042
0.007485274584152712
1.632296632041486
0.08668632087657979
1.4156095392070442
0.15184330724042994
0.07681308257687469
0.4170881930713124
0.06637315867601323
0.1176939469137448
1.0653991188345744
0.10933897271448423
0.2610153422452637
0.6066281539989564
0.180559984874062
0.08850969418223897
0.16714590978082633
0.06409944018316605
0.3650212911167321
0.14359314753310226
0.34865961735202866
0.1703769513325657
0.10585322937188035
0.31336198929003434
0.03513832096855918
1.7632804292903517
0.3220434593543233
0.1405272024990314
0.1916042130654212
0.22473830680238915
0.032158739451678464
0.26049791839921177
0.3588324986066116
0.2077646633639274
0.10646786898587202
0.21092405015266813
0.027284847103394405
0.07170294506121788
0.3986950328811858
0.22374600986316295
0.1314020478626423
0.9307319736888093
0.17681308257687434
0.05042666288986375
0.249499760117466
0.2817823916458071
0.2697431357209563
0.14275247187311635
0.42372573156564375
0.27799091659300146
0.1599706926659401
0.30625905413699606
1.4334853646342829
0.26327674942266555
0.9746560356585912
0.29854850473351835
0.37734683258752977
0.13879065803408963
0.25397601759851796
0.32456151935212496
0.3035265218171368
0.2884322334269056
0.29232630963327466
1.5722434621104373
0.5851973913342787
0.09341828174611777
0.38487069240911165
0.05157689783846653
0.1186889530597437
0.41527384554961166
0.1751931772818942
0.4691622209329722
0.09316442850585371
1.808296370058784
0.28473830680238876
1.9022438217193631
0.18457944485849875
0.23506580747636985
0.1562288909950995
0.2196670339374025
0.5505992836817946
0.07303853731669463
0.11692870715105119
0.03592129181413117
0.2206995638141498
0.0833262783603228
0.24671322478683422
0.10242124480701342
0.21841483027237807
0.21329631585049658
0.0387906580340891
0.2971857600036705
0.3461667212127413
0.3167784073870754
0.36532336244727937
0.23661315710783626
0.01526169319761106
0.29272401464221165
0.19098956389727473
0.29989541381341667
0.03361443788879104
0.22773630975620485
0.01739822446633088
0.13561971120020733
0.1667801797035171
0.3693643912864992
0.19772615147857486
1.6054055875463877
1.3124442321150722
0.21022179072588099
0.2854946167031951
0.2753285116970039
0.2532867752131658
1.2382547177833185
0.01526169319761106
0.30067310354192145
0.4637247371304456
0.09723856481564308
0.016262309380886464
0.36612187006960717
0.08891375879856067
0.2663731586760134
0.05599201335186965
0.3785593345156153
0.2661190218719476
2.185040902215796
0.2329331936240866
0.13590351901559483
0.5025380604417959
1.7263200025582535
0.05997069266593957
0.043025523276928546
0.08488951539121015
0.6076236832044781
0.18118095792330102
0.26338684289216374
0.12346366096854933
0.1039896903326234
0.21700673720492425
0.27297309822300786
1.9822503701090985
0.33180318288586186
0.2652575260412178
0.5937487709029812
1.7539632208012677
0.14948718063083977
0.48700580649696956
0.3190243768533083
0.015420555141501424
0.13460657612956162
0.3068546877458793
0.17941972037506648
2.8490435091629482
1.4114302471482558
0.12524812611089864
0.21114026201665048
0.006286155945966598
0.167550043602132
0.28550712106904896
0.525267642964514
0.3848406124906081
0.01183737380990113
0.12254093511236697
0.48504090221579776
0.11182294450327834
0.07227599395485829
0.0580806202376456
0.928051355897253
0.1319396992250894
1.1532867752131661
0.01526169319761106
0.21932997714127644
0.30015758595699893
0.3988206408462762
0.2553645789912693
0.20439734514487196
0.11151187483842051
0.29651486459725973
0.011567766573094218
0.2644993858914386
0.1476020637895683
0.13590055981683413
0.3068546877458793
0.10601102098195181
0.6333038448864485
0.3440687558231641
1.02306375422019
0.30810544402756435
0.46682822697775084
0.7400293073340602
0.20640992032777383
0.19086479852867022
0.48714733177267266
0.22780041122489614
0.05376461478791317
0.3963448744481619
0.0900754373195527
0.31056326589858596
0.9079539839270323
0.10958386674629406
0.11542055514150196
1.1403190224985327
0.291038605879649
0.28767748230393053
0.06189776760118715
0.11619540970148368
0.16280278135981874
0.20625905413699552
0.2659406338602679
0.04019038594452695
0.27961490262989663
0.2895392754516184
0.3272221520194636
0.09984166131834993
0.17879877075772033
0.37355750046056535
0.12126893233736169
0.2362603178369005
0.13590351901559483
0.16614834544675983
0.37708756721596703
0.16328042929035202
0.05447018940356241
0.16637315867601377
0.024853579147516847
0.08097562314669204
0.05895750428280078
0.22882138129052443
0.08625805051002722
0.20889476164110388
0.3154147351472023
0.4815961999075178
0.3451239612136128
0.08457944485849822
0.5263200025582533
0.2596809775014677
0.09039900951313662
0.4427763238605955
0.07543088280507693
0.04988216873673679
0.05123022708887692
0.12383579054230331
0.03896616974571376
0.29760590715512336
0.4647674500984973
0.3152300661670253
0.026965377435934634
0.27383981835155247
0.22619762691507628
0.8453827030753516
0.02238833106227034
0.08715945271838965
0.024671488302995925
0.7581486837828386
0.23219319393009208
0.3409514213626057
0.10760990288400585
0.6456465423231723
0.2503045329644564
0.11708148334339175
0.3240522134786472
0.34768611735995947
1.0226531674124706
0.2618316249666215
0.4974854519191263
0.08457944485849822
0.21581275865616067
0.13725619798520228
0.06678017970351657
0.10458572674167055
0.14088166162092275
0.015174372497484434
0.7833517603744369
0.11409610825125416
0.3321931939300917
0.33256453065612845
0.011567766573094218
0.1905221254751428
0.7403190224985323
0.14060556333314267
0.0017614447281397716
0.7640787081858686
0.31277310175785367
0.32581099252345425
0.41762636030073796
0.1346008811654258
0.18620484436274065
0.3660450087353597
0.006510751764869482
0.0359005598168336
0.21738892689393996
0.05352296103367582
0.04329399228908759
0.7749601344556805
0.07443163642807704
0.11140511015478971
0.09873821798133608
0.13219319393009243
0.6665211414342203
0.13752758513823782
0.1265615373361646
0.413039168970589
0.248708434210279
0.45520014823415433
0.33634675387561863
0.25997069266593975
0.19476642469533267
0.3089070349915195
0.24865961735202902
0.24976441318315956
0.18005393030826422
0.19579392107075222
0.05997069266593957
0.3013627557095271
0.4848706924091113
0.6006731035419222
0.20859137573537723
0.5105179885474076
0.6842155318206125
0.10249539880519176
0.1599706926659401
0.5743859958126789
0.03347885856577992
0.6306596883880973
0.5321931939300919
0.23525870269597782
0.20879772321249312
0.008880807195619234
0.37359910379570493
0.016761286193200498
0.19875461565595565
2.1169620139468908
0.5814927136598724
0.007567331741625161
0.09476642469533303
0.09655884273035475
0.13952075880832115
0.17186969851203315
0.19887121930955853
0.3440687558231641
0.3558214679171128
0.24671322478683422
0.07415191497870044
0.06409944018316605
0.14179543666041816
0.32943471053716067
0.006011020981952164
0.3041870612338293
0.2953501845908235
0.19369143307220416
0.09838299930464078
0.31512930759088853
0.20316202739198808
0.38159619990751814
0.6419177113386638
0.21329631585049658
0.2555537811419608
0.04497453239548932
0.3010619036892299
0.545979978793989
0.429524204379379
1.5142247862720035
0.032382441375603754
0.3129329746775369
0.15743707282955732
1.1569744767230716
0.37379412104730214
0.2052849167289903
0.05402002120601068
0.17515055756192144
0.009028521297453018
0.2442119531721776
0.30771460076059753
1.8791703748756348
0.335730220670591
0.08898176941682134
1.5721995887751046
0.3400293073340599
0.26502129111673245
1.2950689734910341
0.6865008630959375
0.9443735994736793
0.3143065872882831
0.20767369036672534
0.008837205369852441
0.1786130654603575
0.01526169319761106
0.02339642980011991
0.27392840292648213
0.05352296103367582
0.2838821371874989
0.08898176941682134
0.18473830680238912
0.35011783126326357
0.1951527480704387
0.20723138025254784
0.2142247862720037
0.09072362820943436
0.31512930759088853
0.25849639931423596
0.19232630963327502
0.4006759492360219
0.7114302471482556
0.2996496003880864
0.28542858535106497
0.6448397596769588
0.38996366697437423
0.49922034724145004
0.2713100450769801
0.06754278226959176
0.16724595026543643
0.07828159910457622
0.2728712298419218
1.4346433884273333
0.0716815157531796
0.28398798208189824
0.29761995234462546
0.28473830680238876
0.0596809775014675
2.8829185166566074
0.3028012329768943
0.27170294506121806
0.3751593901458685
0.14172871148783184
0.11876646727967533
0.003497449346091308
0.13293319362408695
0.2895392754516184
0.08213588782182857
0.2917956072879342
0.31512930759088853
0.0918500341036852
0.17693624577981026
0.27170294506121806
1.0180347764704827
0.28902594394063463
0.06248709681032327
0.3423251235824383
0.917626360300738
0.6523979362104324
0.33881520400051013
0.30696107293565866
0.6841046234574772
0.4789905319893082
0.22099484543015802
0.20601102098195234
0.2747323570354858
0.2676056477683151
0.7240110617652471
0.10621237001145989
0.6199530745115904
0.6633037506715667
0.2884322334269056
0.07355323855714868
0.31060086075891924
0.3025145480808735
0.04497453239548932
0.1359212918141317
0.13646894739875037
0.2653991188345737
0.23590055981683378
0.041152830322197964
0.27340596954879093
0.1699781282037609
0.11455582211404103
0.2905587362503903
0.11480260866572145
0.12715350212390497
0.007331802130020826
0.13362684132398694
0.159685847570044
0.28594809516633113
0.21624041372798963
0.08626395387360208
0.14399093257357265
0.16992558853359085
0.2973994691301325
0.37693624577981044
0.0170814833433921
0.7018267436904324
0.16201531028083238
0.08712250674629463
0.12815688818813697
0.03271930055249417
0.3250773000117011
0.288770970570412
0.2911627946301474
0.15600483927395992
0.012852668227327335
0.2776428537132061
0.007567331741625161
0.05635391890346053
1.8503000123198037
0.2993899080431923
0.10961242156978201
0.0617876347337285
0.5436008855130243
0.23460088116542632
0.2678068060699079
0.2723116374782544
0.1505166979960899
0.1841696252730589
0.6749624880527474
0.8806768827975064
0.0066338938249650425
0.20749449052671842
0.26941895974506824
0.1278004112248956
0.17991046481808404
0.14671322478683457
0.13773262435627753
0.25622889099509916
0.2643953078497656
0.28416962527305856
0.817464236463108
1.0077300865105814
0.37379412104730214
0.044488863787916166
0.5271642796657501
0.09250550947328229
0.09283140459993344
0.16539911883457403
0.399794871635903
0.054733065159822125
0.08843223342690543
0.2888960825464242
0.07170294506121788
0.02780041122489596
0.3167612861932003
0.20685468774587967
1.3146177336753064
0.17542076205160662
0.24377110900490084
0.08843223342690543
0.28077175764592255
0.3581370500663619
0.3547464174385384
0.07652842426206963
0.5093786789580586
1.3003537189784797
0.13122320341362848
0.03593002713615334
0.8096790987156695
0.2970629264779694
0.027858545946812363
0.2894820114525922
0.21316979450552864
0.31240153914289603
0.5308973888908319
0.07988771089286129
0.1698151820092466
0.9537681354121368
0.16482339705005433
1.9840074897041324
0.10656309927865149
0.2102836412232385
0.35257347735213607
0.1694189597450686
0.21379515563725882
0.07969548374042823
0.159685847570044
0.3388584923672413
0.1943345881370746
0.21510883033082884
0.21210476464279981
0.292416614112998
0.01382095812153139
0.7115677665730944
0.13050057771463308
0.11542055514150196
0.2201644385394701
0.002634535004741423
0.005233575304667504
1.8346426501648123
0.4661733117151199
0.15104741673617195
0.26840293420055783
0.1525400632502345
1.5154579511310784
0.25997069266593975
0.006473479084434963
0.1739929805565028
0.33028747522384627
0.12186938542029502
0.17083472888043083
0.28550712106904896
0.03184448232436399
0.04505239743575107
0.12937950495301287
0.7432535798600401
0.665399118834574
0.8591274878950328
0.31740722037392644
0.24790074172767262
0.752933732940611
0.0387906580340891
0.43923434545393825
0.1029009674733734
0.4243461786837539
0.6125513267426044
0.21693560788799449
0.5425940041704882
0.5430756915201975
1.4848706924091113
0.30524272758865667
0.2635384433155492
0.13628298964561125
0.276135515473249
0.18216930837964362
0.2532867752131658
0.006011020981952164
1.1206385648398038
0.11190964590372854
0.04461229136939515
0.18542224911397653
0.043800676449352594
1.0513403826479717
0.14976441318315992
0.5362071832999762
0.34806114203494776
0.4393865272852038
0.08613272923521453
0.21157400058289522
0.22866077222450798
0.14787276394223436
0.28287877103582026
0.9070887596835995
0.7892693470189016
0.0873384759233744
0.17062049504698784
0.20260421787684368
0.30780496838186444
1.5817445451163428
0.07588463098398535
0.37693624577981044
0.42306394399816405
0.017217215039024403
0.6052335753046671
0.0930673381717595
0.2648703513029034
0.13933223719472565
0.39805472298999245
0.34254300276770433
0.08948550142586154
0.34736726541933205
0.10289469753414338
0.2759798114279004
0.40990101334862405
0.16061347271479676
0.28995990283458717
0.15968097750146804
0.221609058848518
0.3953686783512973
0.2678068060699079
0.05902895849125844
0.03497164505510497
0.16118479599948987
0.15354205847212476
0.0661076039965991
0.1562288909950995
0.048227534197549105
0.43283979773206305
0.35129156578972065
0.30629877290590457
0.1885697528517447
0.40242124480701325
0.302412145595488
0.1549476025642491
1.2096321784874826
0.05095649083705123
0.17681308257687434
0.7320332050751848
0.6498102698846218
0.17437276464406093
1.1125513267426044
0.3610811640750331
0.11512930759088835
0.28635395962472643
0.28131104694025666
0.3676740983731115
0.38671551185119846
0.1943521387751712
0.03406565946604001
0.5305810402549316
0.08113065350946513
0.12387657264864327
0.1039896903326234
0.5640964809844053
0.28887697416950964
0.26751333529135746
0.302412145595488
0.29159019322669266
0.20646786898587166
0.20735513137145212
0.06508826113211974
0.1837386970862429
0.15851970813759042
0.21581275865616067
0.02771005882776123
0.1907236282094349
0.5115677665730942
1.0732559998442044
0.028297054938781763
0.26838184981248947
0.009656193496138776
0.28277575021071666
0.7378477361775264
0.028352342146940934
0.1791790117277774
0.1803380285127716
1.3276954145875122
1.4436907607410552
0.3742467358779846
0.20110681589043367
0.25622889099509916
1.0186982914771363
0.7396916898019503
1.6172242497892837
0.10961242156978201
0.04544184151166508
0.24296708012636703
0.1629011946098009
2.8248406098541308
0.18781991263995046
0.8428199715111688
0.07453288949802417
0.08101640552552336
0.5624777491636133
0.1109240501526676
1.0486507652182473
0.055153806376941894
0.2889817694168215
0.2640994401831662
0.021513618202885887
0.18843223342690596
0.1957808233309848
1.1488913223136477
0.2723714375688058
0.14362919432845533
0.27609920569939117
0.15454128058772731
0.8496866846207372
0.30705723632269066
0.4612093419659109
0.21512930759088889
0.1330026280666594
0.026131679415851927
0.31442754218553937
0.9488112195460543
0.01526169319761106
0.3190842488960275
0.19237631679552258
0.2727151528966054
0.2115677665730944
0.2068555698775043
0.24019038594452713
0.21022179072588099
0.46539911883457385
0.007494490526718245
0.20253806044179612
0.21316979450552864
0.056746420139959675
0.2055562213291795
0.2428407374299848
1.22464378069329
0.2975573871470045
0.09163076279204763
0.35736785948377214
0.08948201145259205
0.022468676939895182
0.1783505540902155
0.28709922537698596
0.13590055981683413
1.5264719293615023
0.745646542323172
0.7349787088832676
0.3302319365559967
0.2397942126599375
0.2335464975952215
0.34877177274888993
0.08620661791314532
0.23573022067059135
0.40803395310054125
0.2299148977190022
0.06941895974506807
0.06897501669595574
0.13765591296685553
0.3874266855848276
0.4020973052018144
0.2986617512668728
0.18415640531962651
0.7336844927772628
0.34948577210437115
0.507965790073496
0.18986957536293403
0.2766574059503579
0.047130965980044515
0.26603172146561427
0.7447625131058659
0.19237631679552258
0.3178892706922003
0.18457944485849875
0.2799134126580958
0.6532867752131661
0.3650498782649736
0.2695666664533789
0.24545871941227304
0.24671322478683422
0.30319300918360614
0.2884322334269056
0.7331579141252647
1.1066281539989564
1.1959964912531973
0.30295065017713085
0.18066573736950353
0.4364155190280181
0.01895654333228247
0.2764590632315169
0.26170820902143
0.2790420384310135
0.05813705006636205
0.1007172087918784
0.3754488866011352
0.2895189675213352
0.05023558681684026
1.1580637135149
0.23761139897109018
0.45328677521316596
0.2689835410388266
0.33715721742658644
0.1460239824014824
0.4276181059293176
0.11905181420660416
0.2300374722427838
0.3247956592910244
0.019861118412644707
0.3439649105742486
0.24127629176278376
0.1751931772818942
0.01624848127408196
0.11248942418046681
0.22004841623136429
0.23896616974571394
0.22602017240944683
0.4304394264885909
0.16652114143422025
0.36262672879250246
0.32079817238571007
0.03432045450862642
0.04671322478683404
0.306011020981952
1.054551296349449
0.1833360710070986
0.3419037688129709
0.7480279629101965
0.05222235865784608
0.1550814954969022
0.291082069913438
0.760695032336737
0.20485365888919738
0.08333607100709806
0.14019038594452748
0.07833961219261187
0.6101503069704233
0.2610068963280465
0.19040009728963092
0.26407870818586865
0.17693624577981026
0.2911627946301474
0.7462626143987139
0.8841615534579779
0.2545350027942188
0.24879554449255448
0.43293443925604347
0.16892500649790865
0.5158317387045459
0.24859023843139205
0.051829478063375234
0.11336198929003416
0.4115677665730946
0.8359527582891628
0.3474919566104431
0.09435213877517068
0.2596809775014677
0.37355750046056535
0.40553565261658253
0.27891301359300513
0.05562640052632073
0.09751705207484562
0.44952153032757813
1.165399118834574
0.2220838839299244
0.3526703053704523
0.86611940646082
0.002634535004741423
0.1712577424525472
0.028973811607913014
0.015420555141501424
0.6140961082512542
0.19718321950547146
0.16561109446747313
0.35968117019951595
0.055176323964510665
0.3918059938681697
0.3988206408462762
0.1255704899176351
0.10060344871247473
0.2873989713673275
0.22334409119347765
0.152687630298054
0.5139924087667795
0.0621106931057005
0.11480260866572145
0.07645906323151674
0.1977428469196667
0.23460088116542632
0.14152627232662418
0.19476642469533267
0.31440934322368097
0.21386722782917644
0.25622889099509916
0.30749449052671807
0.10461562156741078
0.03671957070964815
0.2213577676028624
0.5751205196118399
0.03161485542715514
0.20060344871247437
0.0850741816049867
0.2663980313983494
0.6700851022809982
0.05134923478175235
0.14865961735202848
0.3588324986066116
0.23611438248642536
0.12357927951372183
