0.01900190643595323
0.08704245029137603
1.2652879437616447
0.20319463439104002
0.4953774729821818
0.1671166547948868
0.3170266241501212
0.1576279090588315
0.8576768842340039
0.32580053330661674
0.5513866610598992
0.2374477225878744
1.034568223153948
0.14892201815302109
0.5979709075547506
0.17970177204432147
0.297657503230786
0.3053381546651597
0.5550894563971616
0.0665971910645764
0.9080098361866797
0.12694583697884365
0.07664064927204972
0.032749339438225
0.13030096591332097
0.05112652230796311
0.5992602582681545
0.07981520665094699
0.16526909758546093
0.5702961520413483
0.009578871122116084
0.41238381186050166
0.2807663785313794
0.18380523885756617
0.009350831169645524
0.19341609284093764
0.06243687496514472
1.4041427221695546
0.2932105445949498
0.054530905619149195
0.312383811860502
0.5051337139801184
0.2684660737410871
0.2385165591757259
0.23131981297072812
0.0354998506564268
0.39988920115524085
0.06118526151733583
0.6166696643470777
0.4030059449866359
0.47432460630641504
0.329209335490698
0.396026653702541
0.08299334756065413
0.18348934728807365
0.6168533127361764
0.4170266241501208
1.2786705996930703
1.0088591558937896
0.3361595647917932
0.33598398419125
0.07510836760242778
0.024546030455825374
0.17981520665094664
0.07016654806716627
0.35869095942653395
0.07267896932244255
0.007485998315383213
0.1022135220502669
0.14060861270591563
0.2252091994544525
0.10583268615989816
0.05811979949221424
0.35869095942653395
0.02773485793801722
0.2043914808224221
0.4490378416696297
1.4201334709007698
0.279245368341992
0.5165124290819447
0.41049464575359007
0.061746878046482934
0.25724801939545383
0.06570247048372302
0.2969940550133643
0.18657602989138855
0.06264537056360098
1.8177301971276991
0.23072582375274475
0.16561271232267583
0.41238381186050166
0.3490375340292138
0.07080215619007824
0.4735827226766043
0.5830786785689819
0.26192867064109215
0.35027245387474526
0.08928676140410108
0.945878013978092
0.2382531219535169
0.13324237444503417
0.1936364579945442
0.022327322779731595
0.19824003495476195
0.3644416182193142
0.039050129042159654
0.272145393955431
0.22385830608163193
0.21386848872927722
0.08830787225982295
0.3507980462885447
0.1985867118579545
0.06698303352844359
2.1575817193586593
0.22807457962083255
0.1865937109685749
0.7119070171474915
1.4805407437601916
0.005874105924124962
0.5838560565215021
0.2940240008845523
0.20074083321470493
0.07305416302115653
0.2834946922461743
0.47968282530184947
0.26688968316944184
0.2876161881394985
0.37214539395543067
0.3521985778798866
1.604926247257354
0.4721029268499519
0.11120968864214031
0.6651132922228005
0.36541977707968787
0.30300594498663536
0.2692800297161231
0.15712188278125439
0.22129038773176823
0.3650796156136087
0.1954093243744195
0.3887903113578597
0.10178447688869863
0.1227993414673989
0.4311099279865127
0.02694583697884312
0.3607348906877066
0.36900444130045695
0.11493142243856536
0.35988432039640195
0.2927759518120192
1.0238558550653005
0.20349213966475332
0.5812683964789978
0.3270703288336483
0.3224855712075536
0.5434063500914892
0.6855532659539803
0.04882496989260865
0.03184745200243988
0.5331834178267814
0.050104021918259356
0.3111555965961559
1.119188917616313
0.312383811860502
0.051705043027033604
0.18176803155312626
0.9961401800843861
1.2571598005598643
0.17911113150349678
1.9715369753088572
0.2030059449866357
0.02546120397292384
0.6060531069178401
0.08313640124752464
0.13820372117499335
0.07608926902581459
0.1526205565975225
0.02773485793801722
0.25829789323030106
0.11127241165451718
0.04077142907421738
0.06829920327012573
0.07671724134176827
0.1628448565458891
0.32434586014841393
0.5742200363285734
0.34681221683787644
0.5304231292718935
0.3382969698733742
0.5993772342158374
0.26094277675949495
0.2795914665455763
0.8703129924153155
0.004208433821185409
0.19014767768860796
1.0923516427146938
0.5056530637668804
0.9102641943190584
0.24881572820896913
0.2077983669246004
0.26688968316944184
0.41382074637706445
0.1668670104744283
1.007037838459512
0.8142760883158076
0.37136264765431104
0.04707581065620037
0.13002461597798476
0.8785305643307089
0.27674677153672445
0.7879704904300491
0.3974345182410328
0.5647176142426753
0.2726620525687826
0.2947123721539029
0.49699405501336447
0.33605581229489623
0.2906491688303552
0.2578047765671023
0.12533535933463202
0.2829933475606543
0.117026624150121
0.28502070289258885
0.20788782289774588
0.05796626070683342
0.5149314224385657
0.2885254077158512
1.1398445424101284
0.02694583697884312
0.31779059798198084
0.42067516743782374
0.0713872974014178
0.35481428890077904
0.4693834117053415
0.34018281712970033
0.3715372459825863
0.6649826615348422
0.3801944531600885
0.1915767633112937
0.561826596336001
0.3458944012656149
0.2692143186332059
0.06803123428609226
0.08803191309596237
0.6979180502611424
0.5816661258834186
0.02297702686343417
0.03118575925101741
0.19729427268618238
0.07698608058715006
0.01120968864214067
0.1893726757734635
0.02476793929388421
0.20533815466515914
0.2787166662125644
0.08368265224891669
0.09220163307539941
0.36881515275357213
0.029842094808042674
0.7588075432754966
0.49778647794973274
0.5932105445949496
0.2030059449866357
0.6988750098916956
0.41238381186050166
0.2717835668007478
0.4903287101933502
0.41402163335169906
0.41238381186050166
0.6759398976771758
0.22497876542274753
0.24150931707028622
1.3652879437616443
0.41394640613986144
1.1080972474097797
0.42384612768713126
0.07891672395640459
0.37824182531133754
0.04535796914040624
0.12773485793801775
0.2321085835772534
0.1478867718044894
0.41238381186050166
0.2043914808224221
0.25332529298432593
0.36731932933548794
0.117026624150121
0.21238381186050148
0.2043914808224221
0.09699405501336411
0.38310394321518615
0.009945480180643784
0.5085458881975322
0.0445569365854217
0.18502070289258832
0.16907546916791816
0.611227949798332
0.2030059449866357
0.4548888386597918
0.7684965997265216
0.5698657155840312
0.19650705996052142
0.42343434328985996
1.087005178497825
0.013821037889523602
0.36522141016843435
0.36148344082427375
0.3886383795225541
0.11385078648483393
0.3611346140115659
0.08524962557401228
0.4560609722362159
0.8682429410592025
0.04864365285661876
0.27079912648390714
0.08879031135785986
0.20040664786450701
0.22093506296771181
0.437153919796204
0.1954093243744195
0.07592335292186725
0.17783080678196672
0.090139838351182
0.619060845544773
0.9307258237527449
0.17845147933324412
0.38848663322579036
0.36830531760967133
0.4162061445151517
0.478882242169524
0.32210148265801664
0.2582709199088198
0.32707568302498835
0.08223722040449388
0.312383811860502
0.45379786215732754
0.917545982335902
0.5838714730917092
0.012383811860501304
0.0054298303323614405
0.10651374381379775
0.3663309551251288
0.00918651977343643
0.08688075009523022
2.232798582016203
0.17226514206198296
0.18380523885756617
0.3183370522278617
0.46353942647885216
0.09118109031088562
0.05031378294905231
0.4761441449346995
0.13641676886027998
0.6222986333276284
0.9525968443947157
0.587013783268123
0.07658000698165157
0.18761618813949799
0.6492130547016988
0.280575156809336
0.6269458369788437
0.21238381186050148
0.28214257085004135
0.16243286556068526
0.23913312731125824
2.0033813816754655
0.12756797341007342
0.06667416017768968
0.800893630207324
0.21922812993865026
0.2593686912187083
0.29306023451253793
0.41238381186050166
0.10789481393829092
0.34523416622759395
0.018753514427483076
0.1472683356675777
0.36898632973868395
0.02694583697884312
0.7879704904300491
1.997426767005341
0.14892201815302109
0.2680826835178065
0.3798152066509468
0.597434518241033
0.3013274335950529
0.1022135220502669
0.278241825311337
0.21608702698820448
0.3699635904820626
0.07998187708316262
0.2974345182410332
0.0011589116793793153
0.6742978044834933
0.01127875701340475
0.3528880094847544
0.25732550551070066
0.020482310926035474
0.0942238065159895
0.19508831967911267
0.21057449111188742
0.09389302890784457
0.6100168471967589
0.403750569702499
0.6614065746601732
1.6365526770188161
0.18297337584987883
0.42231358170641453
0.02694583697884312
0.10301841334114847
0.5275229532186225
0.2426803831593869
0.023917885868273814
0.25548898009921217
0.18134744983961504
0.47083898616388
1.1915659587492327
0.49699405501336447
0.013119249904769426
0.024787428287790014
0.14906866942609742
0.5323849398770069
0.2290209265774017
0.6792792687752129
0.4294586480835729
0.1052843143860871
0.2954991716518913
0.02583586110152325
0.7351383148080171
0.5311099279865124
0.680604830149754
0.07965402281806977
0.40546198603566896
0.4759089640312171
0.2956178545369701
0.4170266241501208
0.3082999259620127
0.2205642354029278
0.03263997690234355
0.047110829537083454
0.14011567960359805
0.09446121603324276
0.0849355674168839
0.19007561558689723
0.028758415075942345
0.07344991855405425
0.24219522343289768
0.3277420434678566
0.08435449916421156
0.09258461914641991
0.2485351768772892
0.09670979815150105
0.41238381186050166
0.4224901483907946
0.5894495450446859
0.1790617419254481
0.17226514206198296
0.16087877740050693
0.418581316615505
0.3810727458563363
0.4403751567505463
0.8955001270857599
0.02773485793801722
0.49699405501336447
0.24390174209168958
0.057815963496257616
0.7481358715818454
0.32115629799225953
1.351077981846979
1.3876161881394982
0.12311555024018439
0.6645171992047114
0.41834304771122177
0.2960143202776875
0.21255966361805
0.045465571031374274
0.061129548427916625
0.028944604787358053
0.2645179597788454
0.0765959279652364
0.06467205612316018
0.0740369302239543
0.08291951898787175
0.10503084651107475
0.36881515275357213
0.33732923380606383
0.21865591929291472
0.2910581666622791
0.1336911584588938
0.015320967325069823
0.06140657466017352
0.14150931707028658
0.5431760879945786
0.14290207151790923
0.5074331247087942
0.22018479334905372
0.06804505846256337
0.27446668945050146
0.7059399011820666
0.37090847646370406
0.6614065746601732
0.8036258600335833
2.1849588604859624
0.13640459078373546
1.2210835515423097
0.09372574654301591
0.18002061703701333
0.030166427901439086
0.4149792971074113
0.29007561558689776
0.293721036094337
0.05265300799206951
0.1918083973116982
0.23677194709927907
0.7348867077771999
0.19013730545597785
1.9979180502611422
0.3065137438137979
0.4761441449346995
0.38761618813949816
0.32335935072795063
0.446721272997852
0.23585211979091003
0.3469101084270685
0.0030059449866355337
0.40802789721359467
0.4919721027864057
0.3569896446435914
0.21238381186050148
0.033409875253107124
0.19143997815089175
0.781634534214839
0.34719985486146676
0.13903824760802408
0.5070750741544652
0.012383811860501304
0.46338646059348587
0.19918965316611725
0.38491714521435316
0.28297337584987936
0.087926713501985
0.41238381186050166
0.009977196826345569
0.34887347769203636
0.25751165148483324
0.19974362396079215
0.6616358511477669
0.9850134038801412
0.312383811860502
0.312383811860502
0.5337389780032114
0.312383811860502
0.07305416302115653
0.4175606586879539
0.014164311386925199
0.02694583697884312
0.1628283836602522
0.25894453987001764
0.7838010105681557
0.30175996504523805
0.32752295321862235
0.06688968316944166
0.35996182359460516
0.3978236362373728
1.6219147342153697
0.21238381186050148
0.14011567960359805
0.03715391979620364
0.13239026606171667
0.01120968864214067
0.025681850074984247
0.39974362396079144
0.42881203892261865
1.0903622359598488
0.25751460574177454
0.6282162560518785
0.5030059449866355
0.12472590187325494
0.1740750316526416
0.12773485793801775
1.707254584104767
0.8487494446995685
0.160070577164384
0.07512607559042106
0.6237548246532363
0.8016268576463776
0.046906605242865496
0.35811806217976283
0.06989353924035324
0.08394235092362301
0.5250950060976693
0.04011567960359841
0.2633864605934857
0.41073680993163286
0.01020151361575472
0.18805400575047493
0.012708038525000909
0.16474358351100804
0.40574033794174813
0.6703357653319779
0.44537327777181446
0.8070378384595127
0.1827336679810303
0.08761618813949834
0.029769129633498537
0.3608787774005071
0.42626997941028844
0.20919293649435478
0.21194599424952543
0.21238381186050148
0.21702662415012064
0.41238381186050166
0.0855210131298314
0.17579390957197116
0.3842725079159681
0.07664064927204972
0.21238381186050148
0.11238381186050184
0.48899221720950425
0.14430456050862617
0.11238381186050184
0.25047339571317107
0.12308004694706742
0.0460059177610006
0.05814920673650814
0.2694072889055157
0.7955001270857593
0.13912567885475635
0.42343569014061444
0.07226514206198242
0.31058865541603975
0.2950600229869069
0.39869113679122936
0.17226514206198296
0.4028388615790801
0.05987609599492849
0.33840804095639143
0.28221108675400064
0.0082999259620129
0.42785460604456915
0.13374704240216406
0.024867833852639798
0.4366813804613878
0.674439181846803
0.08503029223815783
0.3388034666857864
1.1850049106156417
0.41238381186050166
0.012383811860501304
2.6904993271995847
0.3170266241501212
0.5181575611462659
0.312383811860502
0.3863520456105114
0.043556260225940946
0.15422508895421405
0.6790617419254481
0.4906491688303545
0.32591813317938456
0.24585145846903078
0.2035952243194057
0.02694583697884312
0.33629673114567726
0.3920559818331455
0.241856033632474
0.17226514206198296
0.3799799186153079
0.6859193798680776
0.15813955349430575
0.06620599228748425
0.0004877874347481992
0.23630487908732611
0.3439802154488252
0.16208945197066615
0.48110795187555766
1.5138757490652486
0.09405823186427753
0.24892201815302162
0.34721418881513877
0.1267256953870639
0.12846788366582995
0.42626997941028844
0.4723322050162979
0.26639836830927877
0.5119701885575525
0.355998744345305
0.4008936302073236
0.5355522027969046
0.08872635217249769
0.6712972985839176
0.07827997448079227
0.21878079979713316
0.7405519630428206
0.30710049092127445
0.3218759647233673
0.11238381186050184
0.22147898343724748
0.42807187714027606
0.04231148044437738
0.033207550847075495
0.2969940550133643
0.18746232029377197
0.040744771472819075
1.8790649370322887
0.08844427244206887
0.11951677171517172
0.16646975251125973
0.26928292114095953
0.3958854312713491
0.5463149708373365
0.9712972985839174
0.27676962185525333
0.4162061445151517
0.9228355200656404
0.2795678332443572
0.312383811860502
0.034297529516277514
0.02694583697884312
0.28475824347866574
0.4141732886745819
0.48792465219132986
0.19536218908963932
0.1319892216015086
0.07664064927204972
1.9407000080931978
0.21444748692858617
0.31419384281776885
0.09331958007158114
0.41238381186050166
0.27147349157881795
0.053325292984325756
0.5576534211722688
0.02533599955904453
0.22384199829749019
0.29457016966763927
0.27780694706904097
0.07039253906377496
2.120016618118033
0.21064206891377157
0.06354955821872998
0.03735726049400956
0.312383811860502
0.1472683356675777
0.8672266693554382
0.17305416302115706
0.45709403814686667
0.5012319011017645
0.06255227741212632
0.4919721027864057
1.9412797310107592
0.024312309090571027
1.023435690140615
0.2641610498485276
0.015241756521334082
0.06436290852666193
0.0644761146602999
0.25332529298432593
0.3838801788710047
0.6613604486391473
0.14261466281566104
0.012136779792981223
0.7119373897233059
0.3887903113578597
0.4670837320362766
0.2662059922874844
0.24391874212707254
0.09855594725825689
0.2186513396955263
0.49483030252243765
0.22184097755401844
0.415304581413916
0.20796118650141882
0.2829933475606543
1.0279914282213545
0.16986571558403085
0.11766855342879712
0.25895736990571816
0.3022135220502671
0.6741017304624544
0.4411816644247528
0.16030075721065273
0.6656369294611055
0.2919721027864055
0.41238381186050166
0.09190784028856402
0.06467205612316018
0.1102730638232643
0.11320257121941069
0.19417920896188523
0.009885019642686288
0.15451916346994565
0.14153465699325984
0.3178022220522916
0.20796118650141882
0.7215310190515289
0.2199389369099416
0.07305416302115653
0.011707643174558413
0.019219792682097392
0.21702662415012064
0.33477858983156583
0.3695964787114372
0.19933425932780224
0.14318876939819258
0.312383811860502
0.1807749086674324
0.14922418328119846
0.7471784388657738
0.14011567960359805
0.5283232715520274
0.02694583697884312
0.5520582723410978
0.3131696508307362
2.7876161881394976
0.49289950907872626
0.13039249764393546
0.2544848733556355
0.9636175393627537
0.359728534057556
0.27280371356542776
0.5341600040458205
0.0812765760806009
0.027970366716463246
0.33247082043212206
0.7643272101571803
0.0859797951170993
0.34546909438085116
0.13790299646876303
0.28937267577346315
0.2584406878622625
0.11363235564241148
0.7891507911236548
0.6743489909125815
0.2370980843313264
0.32752295321862235
0.05030777765507555
0.848766997571003
0.07664064927204972
0.646125982869215
0.2288686604525001
0.2876161881394985
0.06141796830393176
0.7790296481967864
0.3659082104566611
0.26280399389836706
0.6997321606629772
0.32576043357773443
1.7352566226907307
0.2211562979922599
2.1956085191775783
0.5876161881394983
0.09560851917757862
0.09935756920838568
0.3715372459825863
0.41238381186050166
0.19322385897918348
0.3198675042806842
0.09446121603324276
0.022493957504707396
0.45645210256752744
1.0025654817589666
0.2730541630211567
0.3205092690686353
0.5844161867893325
0.3213403987386503
1.2183338741165812
0.026449803388316262
0.05798105737511072
0.13347432540793402
0.1916491694087359
0.15698964464359122
0.28659371096857456
0.18427250791596794
0.30349213966475386
0.2234040720347643
0.3858103693743029
0.08950535424640993
0.359593052560216
1.2140806201319227
0.478920117049876
0.06868018702927259
0.6474586611263247
0.06898632973868413
0.26237345880759566
0.41799442789644825
1.2111220198683403
0.2939120489156162
1.4453133835565088
0.2624368749651449
0.15615351112049858
0.8840854720231075
0.3901029316005369
0.8774589095075633
0.16366564040947384
0.01685331273617674
0.21238381186050148
0.22012623766640882
1.334108608587787
0.5334098752531071
0.15489185963279883
0.31537682560657476
0.6975400768934419
0.10012798203119466
0.888531602891117
0.16868018702927223
0.6765388136987047
1.2676129273837828
0.4026913717635878
0.9991530485703404
0.2493798482244607
0.29113326046643184
0.027490560322510404
0.03646057352114784
0.08421521410113986
0.38112011355406494
0.02694583697884312
0.2215268982956733
0.14460833470916512
0.5454109918789003
0.07226514206198242
0.41238381186050166
0.07906829232307278
0.16397602182380133
0.3361204388242669
1.1614834408242745
0.36864661848044555
0.08566393039576692
0.14327652137913116
0.01989068151942064
0.117026624150121
0.18715060095437597
0.05687484538574239
0.2715831797347592
0.11266034508759493
0.692623953380421
0.37122718400469434
0.9082762218241678
0.017573269247090906
0.32248745642718113
0.03138274496617921
0.272316577163755
0.05666355493951336
0.1600205399436252
0.2961096841982105
0.4573853371843386
0.3529241893438
0.43696222601417567
0.21238381186050148
0.16277783327532536
0.0014828082396984854
0.027522953218622526
0.11238381186050184
0.470492999152917
0.010626056822205854
0.7948726663659462
0.23647902300533197
0.5702961520413483
1.1411160355889782
0.17726415654343075
0.10885915589379014
0.29157676331129334
0.4586909594265336
0.22559632440129285
0.6994067837238997
0.02773485793801722
0.03360580773238908
0.07080215619007824
0.1022135220502669
0.07305416302115653
0.4170266241501208
0.2914399781508914
0.7751514424663695
0.04817425678690146
2.13900890925081
0.2897449105135008
0.6947041809326864
0.7315717040410243
0.20197121695570885
0.06501971559437347
0.5697773557724037
0.2759431545681448
0.1446452261449762
0.3867597668968914
0.2043914808224221
0.0424182806413409
0.08937267577346297
0.21337661164875055
0.056023421195923184
0.07363124292271461
0.14231102533850581
0.34438178970057187
0.039076201623934104
0.5742978044834928
0.2730541630211567
0.4963587512173726
0.5021211457613024
0.1916491694087359
0.38347620902017443
0.3190979877290516
0.9106363452400101
0.6790617419254481
0.20533815466515914
0.21702662415012064
0.20510552842359342
0.3320245027347877
0.3465825101794877
0.19941512689001772
0.7564880241918042
0.33107182732281437
0.3887903113578597
0.11430800051513668
0.1069146041715161
0.028028421150001037
0.11342356186599556
1.2829733758498794
0.09220163307539941
0.08761618813949834
0.4832060162645968
0.2930627708111251
0.3786441857807237
0.16232148177633032
0.37791214953164154
0.08040048964346536
0.32671653287621627
0.1203970760190991
0.34546909438085116
0.5572838655207955
0.2217658978514203
0.03138274496617921
0.7060779171346674
0.20533815466515914
0.5884973164379916
0.32078715163430793
0.26278640587460167
0.9876161881394987
0.3113829502779568
0.24719985486146712
1.78641817765953
0.12773485793801775
1.0285020587734914
0.0024659571286989035
0.5944455197817122
0.5230800469470678
0.17226514206198296
0.4278351989559974
0.5289659278912424
0.18297337584987883
0.07523126063354191
0.09094794091304603
0.3863520456105114
0.039050129042159654
0.11884337990892302
0.1383641488522338
0.010195340536610864
0.02768342283624481
0.5884442724420689
0.6953621890896393
0.6083508305912639
2.033232409555362
0.054305650632262115
0.17683744788124756
0.048981652420386546
0.2734128620137932
0.5007408332147048
0.39197210278640604
0.1214565241932073
0.3080098361866801
1.0838052388575665
0.06964662020432755
0.29359168670608415
0.11053475960486647
0.39293130728177683
0.10220903890252675
0.25050085027953894
0.2327735626418841
0.19401676407363677
0.025857042015952736
0.13317841636614336
0.2512590239659298
0.07475622615577482
0.6971766520436233
0.9052487345395326
0.41238381186050166
0.4511993210327434
0.6955001270857597
0.5371696390446505
0.14633551975169024
0.16676759044463818
0.3108492088763448
0.0472229462187288
0.7761176503843998
0.029901636594098946
0.2426996093360323
0.48837442883372084
0.6889385304942044
0.31449081295085524
0.3679524553564475
0.33475606508822064
0.23715391979620382
0.030725823752744574
0.018117665974657804
0.014194444456655297
0.2576534211722681
0.07226514206198242
0.17653309879198087
0.014734509697256648
0.2695277095250175
0.1664451325753804
0.1904440014355675
0.30300594498663536
0.01529197045159325
0.6860808831347107
0.37400764267843556
0.30036280147426275
0.08550207600549342
0.8217581746886626
0.07490479344569945
0.39822703000372695
0.36816638843034877
2.098457872832916
0.3448758094373474
0.0400381764053952
0.20440897491431365
0.2692699456316303
0.4696990340866787
0.32022906143622354
0.0035985261992346196
0.07862736322814534
0.7215310190515289
0.44945662834865985
0.41127788432368195
0.023147456296984892
0.02710402722689853
0.4853080871112043
0.8614065746601733
0.7570979284820902
0.8617468780464828
0.061181782585228106
0.12694583697884365
1.0659926286376935
0.17226514206198296
0.4553153933280134
0.6348393465502351
0.11190701714749096
0.3095006728004144
0.312383811860502
0.8728073836979142
0.026716179849236354
0.7348867077771999
0.02793196631058148
0.7638205695835998
1.148672687926255
0.17378781477899174
0.5030059449866355
0.2724770467813773
0.5313908925470141
0.41834304771122177
0.22855338199757202
0.12618314934155794
0.07928981799851265
0.008992553736760556
0.970418282905273
0.5654282869012102
0.3010076769143648
1.7191889176163135
0.14988942226288504
0.1736720107982892
0.12148540140330777
0.5045774679386366
0.3209552674291283
0.20866226410333777
0.37577072955862345
0.2862925817954478
0.05780900679818224
0.4220581856487984
0.010304833306149064
0.4695643911106089
0.2924094204893679
0.15752520580671536
0.31686666964043564
1.6385934253398267
0.2657826724433754
0.5160576490763766
0.7936097754469289
0.34711199051524577
0.3908072419964581
0.41301563086683046
0.38008095764706784
0.15513202241824242
0.2155766017869718
0.14934142142504747
0.9147023353794426
0.1666953710346437
0.21260809216945642
0.1608668726887421
0.9718952479465761
0.46581089925860386
0.994661845334841
0.3279100042075225
0.09635919110442348
0.3160870269882041
1.020938258074552
0.3367719470992787
0.24339330315496177
0.4384245646859686
0.6762826590524451
0.014111121968941376
0.10412147385676906
0.497984389928007
0.01774496302566675
0.1533252929843254
2.7805407437601906
0.36311375434542636
0.035288863584893804
0.17871666621256477
0.3209552674291283
1.2114745922841488
0.4378029465176132
0.15392612831201014
0.09321800887088383
0.008350830591264291
0.34892201815302126
0.6347309024145389
0.08040361400714602
0.8390089092508104
0.16243286556068526
0.08675703664217416
1.3887380963955778
0.764249104296133
0.4112787570134042
0.8609387280042267
0.4030059449866359
0.5272730095985159
0.014814001943929789
0.06982956513907368
0.42626997941028844
0.33243562763986834
0.3192281299386508
0.12526724289462532
0.3850207028925885
0.2058605396726083
0.18469541858608363
0.29602665370254044
0.025317283067598062
0.15306594534213502
0.29925916678529507
0.3811905692689157
0.2742407466024108
0.8876161881394982
0.12774054192993844
0.5292093354906982
0.3104001266234775
0.030024615977985114
0.15794693820056604
0.034461358664528596
0.35988432039640195
0.11683120302087247
0.07278155403586073
0.015727492084032235
0.16045594698348342
0.4935930029350093
0.312383811860502
0.8700807897110723
0.16824409585525757
0.42753147118836843
0.0859452925054578
0.2947223291707184
0.4275229532186229
0.07439141357002121
0.5037181510021567
0.11865255016038478
0.052996266588139385
0.08761618813949834
0.5032095866739814
0.012383811860501304
0.12311555024018439
0.6583959810620081
0.10708225175491037
0.7762826590524448
0.2148689240557502
0.22248745642718148
1.11113001861336
0.497984389928007
0.14934142142504747
0.0400381764053952
0.09848651204776893
0.3037113021034328
0.02614874081226759
0.15498178150456443
0.012383811860501304
0.3450664679154869
0.367228019042936
0.6348867077772002
0.2509146306421579
0.08893853049420386
0.2114058820694904
0.22328576000236566
1.3521937402821447
0.31777842958018443
2.2408689220914395
0.4632280529007211
0.312383811860502
0.32313913351409607
0.14880067896725624
0.08505474776789423
1.4445898767570169
0.7247471753673862
0.30439148082242173
0.17583203407053372
0.17004090463700283
0.07680051223534079
0.301324338606471
0.5808988207940162
1.5049262472573544
0.30439148082242173
0.514945655299961
1.3306337654470006
0.16630884154110603
0.36505953776370514
0.6409941073741736
0.17049461077292705
0.02694583697884312
0.1668896831694413
0.5832060162645964
0.8903259461606643
0.026620477486067884
0.6597022711718017
0.2385775243455477
0.8932482637546046
0.008350830591264291
0.5238461276871309
0.19322385897918348
1.027897073150048
0.40933405375168075
0.22249395750470757
0.02694583697884312
0.4902481063875763
0.03825312195351671
0.9511013266782165
0.5903070426608465
0.39197210278640604
1.131670288147979
0.8619574950868509
0.5259416141929654
0.3275393575369945
0.2434180694587793
0.46444161821931385
0.05341205292786366
0.7313827449661794
0.4279100042075221
0.41238381186050166
0.42093825807455154
0.1313486448877521
0.6439272193440857
0.41611982112899515
0.06808268351780633
0.4730970112800543
0.4301630511679697
0.3228083721230073
0.03528010030639006
0.030034501085697052
0.2689863297386843
1.7917286007927933
0.1441359600762464
0.2224133316230663
0.18710334751017488
0.1401233018673249
0.377975988324053
0.018655919292914547
0.7307258237527448
0.13900890925081022
1.2089547410410182
0.11586273681304338
0.08761618813949834
0.25578087391697046
0.05087529148187819
0.17226514206198296
0.02694583697884312
0.49778647794973274
0.1485848749095382
0.7134239701086118
1.12108507981878
0.08435449916421156
0.10238239184227549
0.05117514323617378
0.24893986623187203
0.02476224606585653
0.9054093800897061
1.30056984236486
0.17608211413172636
0.03139474019429134
0.3006426303356493
0.44219522343289785
0.3813396717612436
0.7790617419254486
0.05273166433242249
0.08495104498210093
0.06806392046065302
0.43488670777720007
0.12971064498582585
0.29702005045747626
0.11970827379710691
0.32705788593620166
0.5832060162645964
0.06679244915292415
0.5355583817806862
0.2626593206620029
0.5149697077618418
0.22569165783280365
0.34212626066352847
0.09825561252010662
0.16533706726471475
0.3686700900142741
0.061598042025646116
0.4311099279865127
0.24792125391511366
0.6571935022624036
0.007656696488443693
0.3792328691918998
0.10489911293230403
0.15288800948475423
0.43042547222117644
0.28051903866347416
0.41836155945024256
0.1482078437740979
0.24354789743247274
1.8791502895138965
0.10113012152981149
0.07226514206198242
0.39415556479869185
0.6218422070266607
0.12896592789124295
0.18474716918863177
0.046350297050604006
0.04394332123588818
0.5107368099316325
0.02958171709472701
0.4742978044834931
0.33016305116797007
0.12728718807860684
0.41238381186050166
0.19466184533484032
0.0043914808224219115
0.021720025519207375
0.15221480484948824
0.2077983669246004
0.034461358664528596
0.4030059449866359
0.021769300025155758
0.12773485793801775
0.021570134945026354
0.312383811860502
0.20398350160486878
0.07226514206198242
0.4535999734938345
1.846725528630862
0.2334028089354243
1.2680826835178065
0.06894488031137591
0.8106273242265365
0.34721418881513877
1.9439928828547144
0.5868663581827454
0.6614065746601732
0.020184793349053542
0.02694583697884312
0.14003817640539484
0.1935586776537388
0.08297337584987918
0.2613543955336395
0.19018789769192868
1.2018132711953875
0.19607472231537582
0.3063635420054558
0.5294357553836067
0.41238381186050166
0.2932317638853137
0.21238381186050148
0.13736345657122584
0.09130646440802792
0.9656648919226791
0.3131464606686212
0.1069927961192052
0.19197210278640586
0.8872327641226825
0.009667482518442405
0.07660105749224222
0.09164916940873624
0.3464192716399648
0.37361697792539594
0.2501468091658845
0.5257386705129958
1.0656844404282726
0.2676125664133764
0.16791259923648738
0.3654042519213405
0.6035997721093995
0.24029772882819866
0.04011567960359841
0.2355522027969048
0.15541143331271634
0.4662059922874846
0.23528010030639024
0.5072545841047678
0.10894183333772123
0.39884083418352656
0.10019654028251157
0.312383811860502
0.21194599424952543
0.08077490866743275
0.20320486142019778
0.18872124298659543
0.029816364870042023
2.401858592470738
0.013884967204044862
0.05811979949221424
0.4168287499042904
0.3021532526012187
0.312383811860502
0.10909188530458813
0.30228964373415934
0.1181996136587733
0.02399631861118845
0.5315034002734782
0.4093884103669341
0.5989333001898789
0.345181341331001
0.19377599068345486
0.02694583697884312
0.3192281299386508
1.020938258074552
0.32607824767842164
0.4460738716879895
0.13733363748955174
0.2058326861598978
0.2991847215287988
0.5876161881394983
0.06397675721195561
0.44711373898685913
0.19377317436786878
0.007836180719491104
0.08008110824884707
0.8553319157213934
0.08668793050785428
0.4722651420619828
0.07041828290527441
0.8821687655643853
0.5327122002491382
0.1677348579380178
0.1149865961198584
0.13038236406650583
0.1888220793447255
0.6671271984795046
0.12323037814474702
0.7923214362231299
0.21238381186050148
0.20475671544391183
0.23790753205393678
0.16771423752957393
0.12522596076772263
0.37856069428674033
0.2831039432151856
0.2927086056410966
0.45358072836003505
0.3692394258526468
1.3319130306027471
1.160870863749512
0.13864079552430297
0.16573547259137555
0.22002008138469265
0.312383811860502
0.1242084226074267
0.4437946295407613
0.6798152066509466
0.11106146950579632
0.23291626796372356
0.4165124290819451
0.10935083116964517
0.3715372459825863
0.14912210750664734
0.3906659462483191
0.49826771142365445
0.36451795977884505
0.30639022455307163
0.0025382794670560926
0.3878366289423463
0.06722643735811662
0.968212990050211
1.1498676462242763
0.2561133527181809
0.08073410835226369
0.2091325108400559
0.6096234505009939
0.521765897851421
0.5198026176644746
0.2043914808224221
0.7562907801184915
0.1090300221196534
0.00711699592768511
0.36898632973868395
0.22018479334905372
0.1853080871112045
0.17762427717502405
0.523670449849182
0.7844408315820379
0.06140657466017352
0.21238381186050148
0.3584725239761326
0.08761618813949834
0.44388664728181926
0.02694583697884312
0.4149314224385652
0.30300594498663536
0.24185079326349168
0.008350830591264291
0.3842725079159681
0.0889911308281155
0.06170356641745833
0.3170521300646456
0.03251403674416409
0.20489911293230367
0.050289953952358246
0.10230177965551146
0.7612961147722048
0.06264537056360098
0.12773485793801775
0.43336505742162146
0.3929892316437833
0.7088500587000652
0.07483887606911832
0.7045906756255809
0.3022135220502671
0.6751321661473604
0.15840602170304052
0.10132433860647083
0.08077490866743275
0.06400781520148424
0.4811781829593329
0.4426996093360325
0.05871417402547685
0.42248557120755414
0.07226514206198242
0.3510779818469789
0.2240698169674058
0.3859307552581823
0.0663309551251281
0.4812464855725169
0.41225769348946706
0.002325123749728597
0.41238381186050166
0.30618959721384886
0.0654151540721859
0.26074468403802964
0.6864043489231468
0.12694583697884365
0.2869955406396789
0.16243286556068526
0.2876161881394985
0.2048617036525986
0.4401841263130528
1.0119070171474913
0.28700356823355033
0.21702662415012064
0.30300594498663536
0.33778977391106935
0.11238381186050184
0.009198996146307259
0.1508310896510281
0.21238381186050148
0.10653698127832456
0.1759263561520248
0.19143997815089175
0.5218151033206047
0.08473720693607412
0.31692966903577346
0.3354811347931568
0.5832060162645964
0.11106146950579632
0.4515381787162944
0.043638498658147284
0.0030173183321187125
0.015727492084032235
0.150841758798113
0.1748949721465305
0.6849038948709261
0.02694583697884312
0.1257021955165074
0.17305416302115706
0.1644513353138244
0.2327515171503931
0.07226514206198242
0.38614862666804317
0.01850788474711429
0.07226514206198242
0.18432037946085167
0.03825312195351671
0.001668293735519022
0.4530898915729322
0.49680536560896016
0.1916491694087359
0.4987675061229311
0.11865591929291419
0.38216876556438617
0.24892201815302162
0.47931446317845783
0.5186876780361311
0.22968330850896024
0.24138348683425992
0.9605346327202655
0.41238381186050166
0.7420189426248891
0.11238381186050184
0.04370921988150922
0.5570839578888558
0.10181003839304381
2.0690754691679185
0.7487775773713174
0.25033653370466435
0.0012985086167569548
0.41310858619656265
0.046742919731277865
0.09197210278640533
0.42721844596413927
0.25085888783111443
0.19264929484690985
0.6859193798680776
0.6696651262819842
0.2951382963474014
0.23113969152542246
0.11854685742614723
0.38761618813949816
0.21512037583273091
0.6891507911236552
0.21613444886995836
0.8923214362231295
0.8697451349629954
0.3635394264788525
0.0065371174391506415
0.5900836635155979
0.5542350117507207
1.8328687977108844
0.5175997783608395
0.24947046127815842
0.46938021985271483
0.5083508305912643
0.09375066471806814
0.7608708637495116
1.112896652489825
0.312383811860502
1.0876161881394983
0.3019899346275663
0.07305416302115653
0.09083112968835572
0.12476392464232955
1.5001832019959345
0.3360002646754072
0.5225128676899553
0.16243286556068526
0.0781100181794594
0.15794693820056604
0.4170266241501208
0.0928995090787259
0.0457466023521933
0.08761618813949834
0.06982072192406807
0.7454109918789005
1.108027897213594
0.30486170365259824
0.1106273242265372
0.12094672201373058
0.002858376072363278
0.14011567960359805
0.4279100042075221
0.1482078437740979
0.012383811860501304
0.17226514206198296
0.6712465577570752
0.337363456571226
0.4347560650882203
0.5495775964377172
0.3278970731500488
0.059876698132675266
0.07931446317845747
0.19465061049155974
0.07592635615202514
1.3465014529877726
0.3957897496362781
0.2967439492807742
0.5476045097619888
0.023431170725788597
0.29027602203008307
0.7614204498561401
0.05099335505244795
0.5549046118910912
0.016188749554244986
0.004404789127772979
0.06243286556068561
0.02773485793801722
0.23581844112818562
0.34838408965182754
0.6676531515423347
0.0776242771750244
0.064431310467989
0.11812061611274327
0.41238381186050166
0.2986799181385882
0.023147456296984892
0.08561980229454846
0.2017599650452384
0.04640651398325435
0.39409050831532255
0.6111220198683398
0.5637415229973719
0.030032382578753847
0.3281047520534237
0.10439148082242156
0.44535819577125135
0.4919721027864057
0.7114625571760991
0.07305416302115653
0.22608217120986485
0.2196477520965745
0.8590745954282939
0.5811423145259162
0.12736081175029135
0.06293655443065038
0.6990284607206512
0.6560609722362161
0.06258213912954957
0.04850752653568691
0.3663309551251288
0.2277348579380174
0.19362020642161326
0.850592067478618
0.1954093243744195
0.3053381546651597
0.788938530494204
0.20327052634719678
0.23178970411254607
0.37364668987047
0.8593555484500168
0.15491118026641537
0.494500639690318
0.4437260772132188
0.28803191309596254
0.6051337139801181
0.5107495300177138
0.6510059737952867
0.19707332966364444
0.10992978319635771
0.3463355197516904
0.2632774995778906
0.3759431545681444
0.4008197406759395
0.30659359013105725
0.3133120694921452
1.6637615119225924
0.14540973203952667
0.07655943678135824
0.4876161881394987
0.544033197701399
0.3436449827531769
0.11700665243934605
0.18615467359164306
0.011007782790495746
0.8183603283618366
0.17090847646370388
0.3205530555164149
0.20269137176358765
0.035016020754967236
0.596709798151501
0.38506857756143464
0.5792805672236403
0.042973389921370675
0.030272418500659093
0.1571106624956391
0.6738954719499395
0.30375056970249936
0.3676242762195203
0.5044264329421289
0.38347620902017443
0.0030059449866355337
0.470492999152917
0.2516625428401964
0.5557607889757152
0.41402163335169906
0.3149859968545874
0.7021445986352086
0.4148689240557504
0.06564450252888765
0.14241659548996832
0.2198416667546761
0.1721453939554305
0.18659577131209382
0.29752946592087337
0.3192281299386508
0.18857538029397158
0.3011795941034361
0.6060779171346677
0.117026624150121
0.4815066500259304
0.27559157504142195
0.3209552674291283
0.2743914135700214
0.5608787774005073
0.06140657466017352
0.278241825311337
0.18364048668959487
0.0032477244338569022
0.23335037792501367
0.08495104498210093
0.2525968443947155
0.41238381186050166
0.2591310779085605
0.10976740554015763
0.4003628014742624
0.001308863208770994
0.38033664309532256
0.13501733846515762
0.12174804402163986
0.16186605285348055
0.10115916581647344
0.28297337584987936
0.4093915496174825
1.0285533819975718
0.35860953690757125
0.2030059449866357
0.3702308703665018
0.03887045157208302
0.38493120371839407
0.11912334113644718
0.914142880632066
0.15771805502785963
0.312383811860502
0.3504484069759757
0.3053381546651597
0.42626997941028844
0.3192281299386508
0.6889385304942044
0.312383811860502
0.02122154472726301
0.12248331382111477
0.05184019813606522
0.14674815820669007
0.3410910479151008
0.25332529298432593
0.12366252226905239
0.4343630705388941
0.035537476187880834
0.0766235036828311
0.40800983618667974
0.3056074914414779
0.12555015952574955
0.6259141474318755
0.7941617273862764
0.10954914659076387
0.5162061445151513
0.2347560650882201
0.3845818987817955
0.2303009659133215
0.30419343421558853
0.1391212225994929
0.41922812993865044
0.4490378416696297
0.05692266882740604
0.03238743358662344
0.07688444975981579
0.29504528422514653
0.8941258940758754
0.2921456795141264
0.4371223384760885
0.5612863816656359
0.41238381186050166
0.41547889571585284
0.29466184533484086
0.02559632440129267
0.2211365062216375
0.36662205046535234
0.18469541858608363
0.30292667033635556
0.01698557595093053
0.7013515103346828
0.005499360309682011
0.377419666129982
0.4515381787162944
0.7102641943190582
0.3120690716255403
0.5790617419254485
0.35845466619270105
0.08764957880551272
0.12621218522100808
0.38380623040991946
0.05720321722404709
0.5901358112159603
0.11782331631926102
0.18761618813949799
0.08442339821302891
0.017760245614916848
0.48635204561051193
0.16698233693045328
0.8257787280840381
0.03464187308203037
0.40802789721359467
0.11629166840135774
0.14892201815302109
0.0663309551251281
0.40601702137831897
1.8831712500957094
0.12272081876517849
1.0589018659766118
0.4643648911575182
1.9313198129707274
0.1564949809575218
0.6579760875486151
0.43330462896535593
0.04275774148179057
0.20528431438608763
0.35868221487465846
0.21865591929291472
1.4667576255549664
0.08895487331591578
0.05132464352367805
0.12682084999854304
0.3022135220502671
0.26524888153239345
0.012383811860501304
0.42626997941028844
0.4654319373423057
0.0654042519213407
0.5488157282089698
0.37543655594959624
0.7932833153667564
0.8808059643095492
1.1733363208464809
0.5491975041172923
0.03722216672467482
0.45705715060145913
0.32694583697884294
0.27702743819731435
0.33488670777719953
0.31327856726051984
0.6844161867893321
0.055132022418242776
0.37427733292140974
0.5508096108899156
0.18761618813949799
0.005653063766880351
0.6768795720960759
0.46169740076398114
0.2510779818469784
0.1300345010856967
0.5528186228517908
0.39197210278640604
0.04149359755125026
0.01777915861128676
0.45288800948475405
0.7170211333354599
0.18635204561051122
0.10324772443385744
0.2196477520965745
0.08766428096885637
0.4960266537025406
0.4662059922874846
0.5713352414924513
0.09769822034448872
0.10499930436427984
1.942011156165612
0.36095128948738875
0.2729656564981182
0.7940516478442285
0.04602870206280496
0.21106146950579596
0.48635204561051193
0.21299135116242418
0.24278431065718387
0.2870749539250177
0.1677348579380178
0.2803522479034255
0.23033635950111897
0.36989126313189136
0.312383811860502
0.5114115912088169
0.30175996504523805
0.12101806508699742
0.4333258398223103
0.0922061038989277
0.30319596040467456
0.41238381186050166
0.23900890925081075
0.28879031135786004
0.11100886917188468
0.68887798013166
0.2367882879138241
0.05246637787116093
0.5070726263376155
0.7080098361866796
0.41238381186050166
0.36701872621252996
0.026969810335558897
1.1332324095553616
0.41238381186050166
0.49905815460902225
0.2208251474946783
1.1969940550133646
0.4512330024289968
1.169952501738437
0.13229426611627648
0.14185079326349204
0.373940874490736
0.18094154741665758
0.4092054576294091
0.5385819482901795
0.636327548370609
1.108350830591264
0.21106146950579596
0.23674312472893977
0.15398539591657645
0.17812403527663268
0.130472290474982
0.14546909438085098
0.39395975849415077
0.31950707618360763
0.02483001807066909
0.12093506296771128
0.08193839223685462
0.4421587249548651
0.24000120356679933
0.001884034584618277
0.09649303257861241
0.11688491725874162
0.6751321661473604
0.4482513861257962
0.22108327604359612
0.2667070486635996
0.09765750323078581
0.14934142142504747
0.19508831967911267
0.08488663094349036
0.06243286556068561
0.7136479543894882
0.14839402566933568
0.16112954842791716
0.06172513303943372
0.6445658383544313
0.1174081330145933
0.07226514206198242
0.11238381186050184
0.05107798184697909
0.32416345047660666
1.4376785182236702
0.7884442724420682
0.33538782654272836
0.8876161881394982
0.3430103553564088
0.2409783553268836
0.24278431065718387
0.36907546916791834
0.4967097981515014
0.15687827918848374
0.11683120302087247
0.394830302522438
0.027491828241800853
0.21106146950579596
0.37209552167017623
0.5016213795154139
0.5577174474675965
0.5527316643324225
0.2542344859089445
0.4370750577404108
0.43150340027347855
0.14912494928502618
0.12846788366582995
0.22242750197477967
0.5112096886421407
0.14011567960359805
1.9298163648700424
0.27446668945050146
0.378279974480793
0.015438898962549352
0.20759592154074635
0.17252722741329052
0.08073410835226369
0.11707482036406258
0.44691010842706813
0.44027778917172267
0.09066594624831925
0.13446135866452824
0.2252091994544525
0.19848651204776946
0.16118178258522775
0.03316850309829711
0.35016586314360154
0.09596139759633981
0.25122310261443115
0.07226514206198242
0.22101806508699706
0.2039887811808727
0.4162061445151517
0.9000157947441814
0.7188094307310848
0.02024110520356448
0.06486337408596032
0.4426337424396163
0.590909139492724
0.23373427935126845
0.01798284044903653
0.061129548427916625
0.09819567262577156
0.269351054568002
0.013231946381917048
1.002725711411796
0.34286692203104874
0.651819612639799
0.2800381764053954
0.40663139788696334
0.18707495392501716
0.15174929561585415
0.41238381186050166
0.7870424502913762
0.006401530026337809
0.3834893472880738
0.3311099279865122
0.12476392464232955
0.28740503073697266
0.4688142407489826
0.8083485129300909
0.6656369294611055
0.4415847491835372
0.47430954779427115
0.14219522343289803
0.32375482465323646
0.09680182621097622
0.09951457896234306
0.09637413996641708
1.9976886167872792
0.3166323526655832
0.3581666576470717
0.196696697568723
0.11037405752527274
0.1897449105135003
0.3577824376519745
0.967345550490589
0.06363164500999563
0.24062069014454757
0.606462144962614
0.8614065746601733
0.09636214895045825
0.047272985622388575
0.35261114935228743
0.12773485793801775
0.23862852602094975
0.026110949190303323
1.0501352298881823
0.38546884578378204
0.3930972697536017
0.6614065746601732
0.2482664278780522
0.2043914808224221
0.06449652630588787
0.34393902776378393
0.4798682928286562
0.12186775079025658
0.2809415474166572
0.3279100042075225
0.33587666652292825
0.21457803077392157
0.1561859586976615
0.6597716613943394
0.35615351112049876
0.4835358128911462
0.1812385549488349
0.27092142135691244
0.743068820373777
0.29974056406556837
0.21238381186050148
0.27210199592096185
0.6917775169255487
0.42528484161985247
0.22747407569240252
0.04188974039873017
0.18722904825481468
0.10946761524470805
0.33101367026131623
0.38839687934031186
0.14724210747472988
1.578774965500429
0.2232028101873027
0.11124326151878261
0.02626657469121252
0.4518299189961388
0.6567941369034953
0.0058326861598976265
1.4640968144475126
0.32752295321862235
0.45761755880202326
0.8614065746601733
0.7730970112800541
0.02694583697884312
0.15672347862086866
0.8415317988360274
0.7224084631295673
0.5030059449866355
0.5671553807440457
0.23166176570195596
0.32514557985958614
0.16677803214728293
0.4162061445151517
0.23153034323440647
0.915304581413916
0.5527316643324225
0.03872301138255985
0.49778647794973274
0.20547101229853393
0.140023733328567
0.04306849474731944
0.11854685742614723
0.444304560508626
0.3803067294171427
0.18761618813949799
0.1253353593346329
0.07748713231004256
0.22541273043910248
0.05333905191392052
0.2862744018424914
0.26263827236250403
0.5614065746601735
0.028965927891242416
0.021500484378016438
0.3170266241501212
0.38134866030447334
0.04633551975169059
0.050289953952358246
0.21805915876033577
1.1239751286718223
0.15107798184697874
0.06711860541094516
0.4782917453396456
0.18073410835226422
0.001668293735519022
0.21238381186050148
0.3193336802096596
0.142303801593207
0.654896913610524
0.5802838744572485
0.23150079844621718
0.6436874420608687
0.2091325108400559
0.7987784237273612
0.32108345976919406
1.198240034954762
0.1336690448748712
0.2071169959276853
0.3421952234328982
0.0018265053032786582
0.3770724255429245
0.25327872700214815
0.2501105777371153
0.3811573905959049
0.024403132939841754
0.08761618813949834
0.09164916940873624
0.740215930801587
0.7693102228501782
0.07911113150349713
0.6790617419254481
0.13736345657122584
0.4876161881394987
0.8966547146616852
0.38546884578378204
0.32013170717134365
0.03239026606171702
0.02773485793801722
0.34044423385187095
0.0444527267846766
0.14616911768313212
0.10633095336650822
0.7130523307835048
1.6773016636131066
0.6375671344393146
0.009350831169645524
0.06198801640189
1.4424304038056697
0.049637215400816004
0.5921051860617093
0.1670862385646199
0.16022384163422032
0.4623988225289528
0.17884781787212756
0.6741055740155435
0.6455467602411877
0.1030924922112284
0.21278527927954016
0.3509353072336383
0.16444161821931402
0.2698920411347343
0.312383811860502
0.24737944340247786
0.48292517963593706
0.3533252929843256
0.07289597277310111
0.14710830283771426
0.2861789621104762
0.5349025151730791
0.5832060162645964
0.6075643221396927
0.471369807702378
0.5889385304942039
0.4148689240557504
0.7396916868594694
0.01646418710885378
0.41238381186050166
0.07986829282865582
0.39197210278640604
0.11358970391365641
0.39064916883035483
0.2498670944546113
0.18792671350198553
0.13191770223207033
0.687616188139498
0.2043914808224221
0.06415999201862199
0.4617468780464833
0.4010666998101211
0.04129684478590079
0.23715391979620382
0.16607435819717686
0.11238381186050184
0.1069146041715161
0.3628776615239113
0.11238381186050184
0.925088973086746
0.2607445319838737
0.032156840071747794
0.13239026606171667
0.012830072130013193
0.0933697659358943
0.01960217398170272
0.004999304364280199
0.03483934655023457
0.48581036937430344
0.8052776708292813
0.14246988191270038
0.16898632973868377
0.16459190180872696
0.16099000212972747
0.1437311743922729
0.06017929742368988
0.6996472335673527
0.16438634046783207
0.10954914659076387
0.4482664278780524
0.5260782476784218
0.3265640735947768
0.3170266241501212
0.12694583697884365
0.18915079112365518
0.18503509966313825
0.034042207223591525
0.15144400648890688
0.2999842052558188
0.5073735546178257
0.07305416302115653
0.3816661258834184
0.34914524584270534
0.5336473485522477
0.12694583697884365
0.0753050957871606
0.2914399781508914
0.15325184179330975
0.2982473383010822
0.41646826714467533
0.3329163400390227
0.5860808831347102
0.0030173183321187125
0.25141512509046215
0.21702662415012064
0.017545982335901655
1.0318676704159193
0.06849531856486735
0.08297337584987918
0.3906659462483191
0.5318474520024399
0.396026653702541
0.1163557045958683
0.0054093800897057065
0.30382210497800255
0.21238381186050148
0.4733539416162236
0.023440563218642296
0.09529926804509614
0.10300594498663518
0.18534033071455713
1.8683382342980437
0.2144217286690191
1.0070928591988944
0.18502070289258832
0.6164351153532435
0.28502070289258885
0.07031617125038458
0.17664795329005667
0.2859315147700281
0.1274104903069153
0.44576509839970146
1.3033226030511598
0.17226514206198296
0.014531154216218312
0.23377406999240158
0.1047567154439113
0.18710334751017488
0.033409875253107124
0.44247479419328517
0.37850796233716455
0.11901697114515297
0.28457768177857723
0.1954093243744195
0.8791173191599082
0.6832960659438729
0.16192867064109162
0.24540973203952632
0.022152025736264847
0.44130294480934484
0.3368862456545738
0.08291906945869965
0.3838560565215019
0.45107798184697856
0.10537226134996125
0.5760973981686908
0.13317931722519205
0.17305416302115706
0.07226514206198242
0.19465061049155974
0.05505186540417295
0.1437084975755729
0.11828451123577466
0.07226514206198242
1.6187668305367602
0.17981520665094664
0.25323478159489987
0.07981520665094699
0.07226514206198242
0.41238381186050166
0.6991530485703406
0.2197121999374314
0.01960217398170272
0.24185079326349168
0.4170266241501208
0.027358149807529486
0.07226514206198242
0.4148689240557504
0.0654151540721859
0.2277348579380174
0.12391073097418559
0.0037356357803766116
1.8201317071713436
0.22384199829749019
0.41834304771122177
0.0057761934840110385
0.5085600218491084
0.07592635615202514
0.5348867077771997
0.029213557755054964
0.017448635742078444
0.2578047765671023
0.2456087940821119
0.11943479624965825
0.017074820364062937
0.22093506296771181
0.3463355197516904
0.015849599175428608
0.09870149138324269
0.48255136425792156
0.603399637181262
0.4623988225289528
0.33269169808412613
0.36600493138219026
0.012383811860501304
0.2618321660355205
0.41238381186050166
0.3260782006799534
0.9790457761828852
0.10393089082860651
0.18857693837443268
0.13549985065642733
0.33332486538768613
0.22799142822135376
0.44667470701567424
0.6803946348649887
0.27153724598258666
0.3803079752623528
0.28954552072781237
0.5786448060104474
0.550854754157295
0.4448391916695007
0.3448561595314299
0.4798682928286562
1.7137238066326201
0.2532558261074733
0.499028460720651
0.12694583697884365
0.24711199051524613
0.272145393955431
0.3746838477018004
0.4737300205897119
0.41238381186050166
0.8324298587732715
0.6911058006389377
0.1276979018873483
0.46169740076398114
0.15100597379528669
0.07891672395640459
0.01127875701340475
1.000665740672198
0.0030059449866355337
0.07305416302115653
0.7200414237359016
0.07159947705554082
0.2704835131885117
0.3011795941034361
0.5217200255192074
0.4510059737952865
0.04011567960359841
0.03032242376387284
1.0009878422000842
0.058142182265072506
0.3005848731099823
0.41238381186050166
0.3863520456105114
0.2957719660925777
0.08824496853828823
0.0753645792857549
0.00622400931654532
0.1931219046432462
0.4214393057132595
0.2446473321161191
0.3942238065159893
0.41238381186050166
0.8932870626028349
0.4932833153667566
0.1022135220502669
0.1524424464721843
0.0438866472818189
0.0978271756708633
0.24667470701567407
0.16513168159077818
0.547111990515246
0.5575817193586596
0.2277348579380174
0.043017279461606606
0.7348867077771999
0.1946820385509369
0.10493997701309343
0.4536890959348705
0.46651542803218415
0.13904871051261125
0.07038660802873942
1.1577805993847123
0.014589137127294372
0.1572422585182096
0.04508332619316224
0.312383811860502
0.09910446256238359
0.08172622177494926
0.07934859532858152
0.5952601229144259
0.2063797935783871
1.3033226030511598
2.1976886167872793
0.461406574660173
0.7187938003104923
0.4982405282706681
1.0541545107648673
0.49699405501336447
0.21071323859589874
0.312383811860502
0.22751677562268924
0.312383811860502
0.5557607889757152
0.35248041800627483
0.495333810479341
0.28879031135786004
0.17175835713953536
0.1381848322841117
1.3498676462242765
0.6979438860853486
0.14150931707028658
0.33264180455701187
0.3300254055638181
0.42490548912932713
0.7882200947592155
0.2301608538070692
0.38967999397061526
0.4848914027515594
0.016523790979825037
0.16601832844590536
1.4526902643202817
0.30953495589503444
1.0599814145130955
0.9876161881394987
0.71120968864214
0.278241825311337
0.30783288335910086
0.07795768893937094
0.11854685742614723
0.6719158025126912
0.04721418881513895
1.730128423490246
0.024999934189984252
0.09984795030188565
0.4053381546651593
0.2993342593278028
0.5498357938391614
0.13681350658797076
0.18543808171861453
0.53454971154554
0.9542087312404375
0.1491695265949442
0.23552199847501054
0.37986829282865653
0.8292931430059651
0.26023970848114697
0.04062069014454739
0.8471620642730882
0.3203970760190993
0.5049399352819819
0.7297082122112064
0.0630841072864543
0.16439740574067496
0.3850207028925885
0.10850302217597729
0.05465343825178248
0.06393803113595542
0.4030059449866359
0.3188576854740841
0.11238381186050184
0.32799483532745644
0.7835068534181238
0.24219522343289768
0.14184895451366586
0.285745683558182
0.012383811860501304
0.07984409091372324
0.16140657466017316
0.7249982155314347
0.8631362963411124
0.29130321275277193
0.4139655262554056
0.312383811860502
0.7853994821096606
0.10084695142965927
0.19523899779839393
0.3598987574746282
0.11611488274968895
0.11238381186050184
0.11486892405575055
0.23366904487487172
0.4030059449866359
0.3170266241501212
0.1335548674246203
0.24227733067831903
1.0064465487772658
0.29533125018101636
0.11084920887634464
0.3317740062391783
0.5399488189046782
0.19508831967911267
0.22412899167311373
1.2156305448430667
0.34238523061206916
0.19910446256238412
0.2030059449866357
1.050661141958277
0.3628850958566803
0.8327488128149856
0.19466184533484032
0.15493063080260772
0.1916491694087359
0.18761618813949799
0.3973908396986445
0.07656882927421105
0.45409954650215134
0.019123341136447536
0.4722651420619828
0.13942731415612464
0.011272411654516645
0.014566601924298261
0.16112954842791716
0.06806392046065302
0.06322805290072164
0.16438634046783207
0.312383811860502
1.0063065770825537
0.16481960185662725
0.0556319319239007
0.11148503459293391
0.8946618453348405
0.03030096591332132
0.7722184790832527
0.31834304771122124
0.15278581118486123
0.2335513924147392
1.7274133890573857
0.24003817640539538
0.466767590444638
0.34331878676366046
0.8147503744259881
0.4267500271863742
0.5378972734809944
0.4148689240557504
0.13360580773238961
1.0682417877140944
0.21238381186050148
0.31464384759903297
1.2676129273837828
0.0015655293943686033
2.448994026204713
0.1692741762472556
1.1919078402885637
0.4162061445151517
0.11486892405575055
0.4796540228180701
0.22101806508699706
0.16287766152391114
0.14646891428481723
0.2621975761805633
0.8247471753673858
0.20419680653984518
0.6228183782884935
0.27671960914635907
1.204939977013093
0.09164916940873624
0.48028387445724885
0.2614065746601737
0.15439858643816784
0.12773485793801775
1.0085600218491084
0.20489911293230367
1.6493287560120793
0.38194028065666075
0.2532518417933103
0.7375671344393151
1.702705727313817
0.5726620525687824
0.32846275401741387
0.587042450291376
0.117026624150121
0.16140657466017316
0.22816860914684067
0.18871870849195016
0.4269602578188154
0.11238381186050184
0.17226514206198296
0.02694583697884312
0.17392611260279978
0.4030059449866359
0.18915079112365518
0.1335548674246203
0.05120594561972247
0.24586122308720348
0.08761618813949834
0.2512330024289966
0.3659082104566611
0.3564154144315639
0.0016980479907795498
0.7210850798187796
0.11922044608632199
0.3344642797587989
0.07307933222035334
0.08761618813949834
0.6217960739517778
0.3170266241501212
1.0343630705388946
0.11611488274968895
0.2443964212232359
0.025022619292650816
0.6718469333899542
0.39651644925302243
0.6257592533975895
0.2650595377637046
0.2690754691679187
0.5390502989578314
0.17657466734809635
0.26293655443065056
0.3608787774005071
0.29925916678529507
0.19765750323078546
0.1901149803573139
0.7638205695835998
0.1972411633178437
0.30300594498663536
0.26688968316944184
0.10164715462986695
0.10300594498663518
0.3482078437740981
1.596954537894196
0.31334055545218753
0.061746544152775584
0.28825630275145464
0.5018132711953873
0.06990071506881623
0.40938841036693585
0.41712161935638914
0.8838010105681553
1.0506056473300172
0.38896247065718814
0.3202411052035643
0.33131366218138414
0.17226514206198296
0.6348867077772002
0.3742613294870045
0.35008145892620224
0.19925916678529543
0.19680536560896034
0.5269602578188151
0.7389353774455403
0.11029835205994498
0.6397504450038243
0.642017731690407
0.5683179882848721
0.28039085290515153
2.0844049001359846
0.16243286556068526
0.4060156997675639
0.21238381186050148
0.011111319951963239
0.1387413582649497
0.17608211413172636
0.16380203472905475
0.5411924567245032
0.5307081623467278
1.3813440807070858
0.21238381186050148
0.14654501579250745
0.5396029558141979
0.3449812837209034
0.08908532819987247
0.27601064779828377
0.3108492088763448
0.19341609284093764
0.18473975873892545
0.05868682404280623
0.3770724255429245
0.21865591929291472
0.14342947904304815
0.18017674635156045
0.10129850861675749
0.23377406999240158
0.20002934467765332
0.5030059449866355
0.1449310390284877
0.7986756613935286
0.02694583697884312
0.35814920673650796
0.8680450584625632
0.07226514206198242
0.12736081175029135
0.15576078897571488
0.1125383312580075
1.1715831797347596
0.47327430461293574
0.5790617419254485
0.20657590106290868
0.17156873492414348
0.030147208698019234
0.13528886358489345
0.2241955109300937
0.5271243408092454
0.6657894265636095
0.3654151540721857
0.41238381186050166
0.4165124290819451
0.09837862048458579
0.14730973567971883
0.414446462666306
0.8329812737874702
0.22861270259858202
0.03741118854565961
0.0792163643238668
0.1644708279350784
0.5510059737952862
0.7712972985839173
0.10799458924848704
0.3609545971725989
0.08089882079401622
0.012136779792981223
0.04942017425025913
0.02976337504132065
0.18872758834548353
0.11458913712729402
0.5326766914519308
0.7965644671688175
0.23677194709927907
0.1318451875516935
0.14713325219791873
0.312383811860502
0.5134053691455183
0.41238381186050166
0.5692201389466778
0.17306728193058962
1.0210163590618286
0.6848049638056901
0.4819402806566613
0.4257787280840377
0.4967097981515014
0.4502405375779359
0.367116654794887
0.30300594498663536
0.13005536281253427
0.28879031135786004
0.5979843899280075
0.6052776708292811
0.21238381186050148
0.17110371905046762
0.117026624150121
1.605429830332361
0.26618666252753354
0.04454150495091458
0.1916491694087359
0.25446110307359415
0.25244753004910603
1.568646249358494
0.41198828537149
0.05332709369500588
0.008864084188931365
0.4575834045100313
0.18611595508492051
0.10459067562558033
0.48330055644580217
0.1687209711188098
0.33156735805271076
0.3310949024436063
0.15275789252527083
0.19143997815089175
0.4435736883724104
0.41663235266558285
0.36111378799367966
0.06562995053979037
0.0016438564256224808
0.7531361016152394
0.636327548370609
0.2621044817024849
0.10839982352252431
0.4170266241501208
0.2941673138401022
0.10933405375168093
0.279791716859517
0.2338098088374796
0.2796265957354338
0.8080098361866801
0.1677348579380178
0.1189446069643516
0.4388704515720834
0.27238421819752023
0.2586909594265334
0.3678948347049298
0.22577872808403754
0.8217581746886626
0.2581492067365083
0.20255018961105797
0.018655919292914547
0.07226514206198242
0.331503400273478
0.4287027014160829
0.35448487335563517
0.3129948215021754
0.2733500124051087
0.21675177188779937
0.36898632973868395
0.45643304751223557
0.08847089625956528
0.08761618813949834
0.4111113199519636
0.673665089253638
0.002176363762626643
0.5999333499031572
0.45746982418784565
0.7060779171346674
0.1737300205897112
0.45288800948475405
0.26461217345727217
1.4646571531948176
0.20475671544391183
0.0012005238797145878
0.9338900958818765
0.16966364049888139
0.5355583817806862
0.00144405274174364
0.4465101612162412
2.1331103168305585
1.1967294736528036
0.48843070007782075
0.7982400349547616
0.016152794536310466
0.23765335038062219
0.46590821045666164
0.21324023310310825
0.13268884255314273
0.7969940550133643
0.36947142651430553
0.190209358042301
0.25140884415894593
0.3485848749095384
0.26009105335715166
0.039843906077812186
0.1523351806236226
0.46928002971612326
0.31513055571584214
0.42490548912932713
0.32385830608163246
0.41754033529833734
0.03908868112160491
0.2568112306018069
0.24645830816365333
0.21832582151384727
0.22279934146739855
0.03216157213144388
0.998331706264481
0.2575301180873
0.2611295484279168
0.010386649653986169
1.1445043614769395
0.7260500045800873
0.07984409091372324
0.39806765583087955
0.48066631979034113
0.031139691525422286
0.41238381186050166
0.7061937851713971
0.007189048753922123
0.04914111216888539
0.1692741762472556
1.0964262941951057
0.27990975008764174
1.572730424520052
0.07768119496768655
0.7055725245773887
0.26927417624725525
0.25780994610222585
0.33488670777719953
0.07827997448079227
0.09638625495816111
0.08226460617517795
0.04124302609231911
0.7436874420608683
0.34388375426757634
0.0935978305609515
1.2158772181873347
0.01646418710885378
0.8770316033421839
0.25253953838864174
0.07226514206198242
0.2621044817024849
0.8231474562969856
0.4720955216701759
0.9256528750953006
0.023918290496824035
0.6947041809326864
2.1310007510496902
0.37709606107928284
0.1864102960863443
0.36311375434542636
0.010403807074545135
0.6269458369788437
0.1640968144475119
0.1380314010868675
0.03762000438705648
0.07411063946078755
0.352425708713044
0.05738567929660743
0.17198459430906254
0.21084920887634517
0.06560659925793377
0.48297337584987954
0.49283822161475754
0.3025487766544037
0.38761618813949816
0.05491118026641573
0.0016980479907795498
0.06813232958408033
1.6889801575219066
0.5725112237750656
0.0787572211084635
0.3411816644247532
0.24858487490953785
0.23554866468617508
0.11238381186050184
0.12773485793801775
0.5282353833582363
0.13138274496617974
0.48408547202310714
0.0822769152539582
0.019507076183607808
0.0765584592955646
0.2885254077158512
0.2747694462388406
0.049168910348972084
0.09033762849453719
0.5338098088374794
0.1126035645748793
0.19143997815089175
0.28645853539976773
0.3906659462483191
0.3108492088763448
0.26131499103001943
0.12846788366582995
0.48600028634770176
0.010627324226536672
0.1502708720572974
0.05855334329365647
0.5080278972135943
0.8352801003063908
0.26306038338028337
0.09164916940873624
0.10403860240366036
0.043276521379131516
1.8903765494990061
0.32712434080924524
1.1850049106156417
0.25332529298432593
0.12018479334905319
0.08364696137711469
0.28893853049420404
1.8679207906392064
0.312383811860502
1.0002232923026346
0.5010666998101208
0.04327773488460185
0.3392328092470436
0.07486303172799946
0.2638205695835998
0.3506611419582768
0.5617468780464829
0.0586619655308267
0.09483579748487703
0.9327488128149861
0.15032401143679852
0.031136130860001998
0.531160422647635
0.8037132958504598
0.2876161881394985
0.3709161318736447
0.035945658789195534
0.8330169664715568
0.17864418578072438
0.019373896767479692
0.22416345047660702
1.0198232536484397
0.10565306376688
0.24185079326349168
0.589734789024158
1.6656844404282731
0.5518196126397985
0.13933498446468828
0.8051337139801182
0.053689095934870146
1.7176536051372961
0.2914399781508914
0.5292931430059653
0.05075847872104777
1.6081685139489172
0.17226514206198296
0.16243286556068526
0.2043914808224221
0.2528252012338905
0.16243286556068526
0.538977469706472
0.23230145546052494
0.5709790734225981
0.05829789323030088
0.0993342593278026
0.08319245614339366
0.04011567960359841
0.24060318505173317
2.2445350958924646
0.4808059643095488
0.00144405274174364
0.1901029316005367
0.279868292828656
0.2331319782916843
0.10384217889302683
0.48057457550717153
0.7100168471967594
0.42367044984918145
0.026088576432337085
0.005794186768986798
0.2547836469179341
0.5834511061337366
0.5178574291499585
0.37986829282865653
0.25326273193027227
0.14896766155157337
0.02694583697884312
0.06087877740050729
0.2851654409776794
0.16600493138219097
0.6657894265636095
0.3935916867060838
0.21238381186050148
0.07656882927421105
0.38101572833727815
0.22353650146696946
0.19506002298690728
0.2638423019887197
0.32018479334905336
0.3517921562259021
0.12694583697884365
0.7887573235639138
0.3690323721103317
0.012383811860501304
0.48606181183834973
0.3855437473507841
0.4941673138401024
0.32752295321862235
0.5436744571267944
0.13584523336180698
0.2730541630211567
0.21573451415838996
0.41476879078918394
0.2900186342679749
0.012073286498014646
0.26563692946110606
0.11974198242776968
0.1403210619841655
0.2744989445263144
0.37303018966444146
0.08077490866743275
0.23683906698513724
0.2972742885882038
0.6337970095812668
0.27708994634172424
0.06255227741212632
0.6134053691455179
0.5209382580745521
0.21039071081796568
0.3022135220502671
0.7373286988454888
0.5555209099827172
0.09548933913412583
0.28676298320440363
0.5159565190831046
0.32577298666409593
0.029842094808042674
0.3719350799969705
0.3668896831694415
0.16243286556068526
0.4575834045100313
1.1142517009569595
0.4726391882497083
0.17226514206198296
0.19197210278640586
0.24858487490953785
0.8640968144475121
0.2563205564073927
0.24897321619407187
0.13113969152542282
0.5636295158409474
0.3689649908061945
0.5337940077125154
0.11701483594408657
0.32801375487429496
0.12773485793801775
0.10020986269584409
0.3632774995778911
0.10497358827950443
0.538270102648573
0.004208433821185409
0.21101312886063361
0.04534656174821716
0.3444527267846773
0.131129987494079
0.1916514870699091
0.5785210165627532
0.09453801396433104
0.10300594498663518
0.018231968446873914
0.4030059449866359
0.5442191260830302
0.6473469920079307
0.22050926906863566
0.1935586776537388
0.12773485793801775
0.17939265285477113
0.207491760273264
0.009350831169645524
0.23858203169606806
0.6001347221403055
0.1134062890314258
0.12694583697884365
0.1887903113578595
0.7712972985839173
0.2570810858610999
0.08761618813949834
0.04339330315496159
0.03994881890467816
0.2371042382698194
0.009945480180643784
0.24881572820896913
0.22742623938222106
0.46169740076398114
0.5899831528032413
0.786376447571552
0.03556842073405608
0.018117665974657804
0.4815066500259304
0.0933124862209116
0.21759977836083966
0.5931020956420614
0.07226514206198242
0.17861720432047523
0.46221329679315293
0.43913312731125753
0.0970372770497061
0.0031299517535767762
0.15262258754283398
0.18427250791596794
0.11144418176482329
0.03213496250728909
0.31345750162173047
0.03138274496617921
0.1399502216929429
0.45628532743720207
0.2538794249707008
0.08875779486296498
0.23625847700262792
0.46444161821931385
0.036336770689362474
0.3954483940449274
0.008350830591264291
0.19533198835371657
0.05588368347832251
0.47381158614062446
0.4740750316526414
0.36208945197066633
0.2681663884303491
0.7411924567245034
0.37392611260279995
0.4876161881394987
0.6743489909125815
0.27671960914635907
0.18675976689689122
0.43590318555248775
0.42242750197477985
0.08222084138871377
0.3279100042075225
0.07113133954750062
0.25641541443156424
0.5691911124925566
0.31049464575358954
0.2876161881394985
0.03251403674416409
0.2215268982956733
0.03227265073711827
0.42279655001157934
0.9411429833323668
0.8517967712079422
0.05405665034654028
0.20345985700387637
0.014083098708087327
0.014435590793824282
0.4482664278780524
0.7251238524528336
0.24219522343289768
0.2614224756544523
0.3267256953870641
0.22134413821186083
0.25719122630509705
0.32694583697884294
0.518651339695527
0.21775278422278443
0.29232057864406435
0.4761176503844
0.3293299585409928
0.2564751204062121
0.7481358715818454
0.162398822528953
0.5275229532186225
0.42062139583813885
0.2803522479034255
0.312383811860502
0.5837972279357695
0.3248711137210796
0.4214306339498357
0.41238381186050166
0.23301334440793564
0.6348867077772002
0.38310394321518615
1.4615007985955328
0.3535271954225818
0.917545982335902
0.3615585703650135
1.382793821666997
2.298869878470189
0.9955001270857595
0.02773485793801722
0.7502546770015242
0.04339330315496159
0.14063130878129204
0.027490560322510404
0.09253090011204357
0.2832539328221495
0.29742676700534076
0.1068821344335582
0.20099980964299302
0.7892043247791332
0.5700074990127701
0.3106273242265365
0.05505126593336929
0.027458789166405317
0.12203041152247973
0.47367154670435774
0.011061469505795785
0.33966246059183547
0.010304833306149064
0.31865255016038496
0.31545017237327944
0.13010873686810864
0.2490378416696295
0.41238381186050166
1.066729868739376
0.5238558550653005
0.2865591270183403
0.24398021544882553
0.8853403307145564
0.1112422051370352
0.3093340537516811
0.1095006728004142
0.3721019959209615
0.054017292445906584
0.008350830591264291
0.09460387998159714
0.04984401793034987
0.4967097981515014
0.24381404130233797
0.550947127122428
0.08087867019767181
0.21382074637706427
0.22024110520356466
0.31659940638422057
0.1538182587232182
0.23192185395657372
1.3471119905152458
0.45003219837894815
0.01573451415838978
0.4030059449866359
0.8203088582066105
0.16225725732598484
0.30300594498663536
0.02694583697884312
0.23992942283561636
0.008350830591264291
0.5275229532186225
0.3115557275579315
0.02694583697884312
0.07775377323522381
0.03502761182203429
0.41238381186050166
0.07911113150349713
0.07626644464701737
0.24019645537378587
0.2939597584941511
0.5549046118910912
0.26639836830927877
0.2923230395107792
0.8539097089612291
0.027910004207521766
0.35996182359460516
0.009616713054662718
0.37986829282865653
0.17226514206198296
1.8409965723136894
0.3740750316526418
0.08432739003804723
0.15279203499495875
0.4354334816163501
1.4331103168305583
0.5841227818126651
0.01842088206111203
0.07698608058715006
0.4964262941951052
0.009091793405005433
0.09274501886082298
0.410627324226537
0.4170266241501208
0.3234356901406148
0.0401594627161197
1.3867146594674704
0.42101806508699724
0.33390633328860275
0.470492999152917
0.21600010235261635
1.5876161881394983
0.06781862701196761
0.3858858905623812
0.3269054509604592
0.16295924288594765
1.020938258074552
0.12490548912932731
0.5341893153353912
0.06751729595506362
0.26589139141221363
2.25646953467888
0.23301334440793564
0.4061895972138485
0.07226514206198242
0.14551631150517075
1.7858444908245987
0.020807744955239293
0.38239296139873336
0.7017245063076345
0.332514927814354
0.049168910348972084
0.035789201080911326
0.4968700482464232
0.11976889990407891
0.2990577175064333
0.5380720241337213
0.6870639389909234
0.04602106772816317
0.2685802032165112
0.9876161881394987
0.8875928465890368
0.16135439553363984
0.9730397421811849
0.006226825632131394
0.3458514584690304
0.5030059449866355
0.08488663094349036
0.1232827586582319
0.3088378527183213
0.10602034833403717
0.20364080889557634
0.09164916940873624
0.12434726145518393
0.022164199204462776
0.05332709369500588
0.12170825466035406
1.108237173379405
0.4802168628838661
0.47343592640522303
0.11106146950579632
0.4604618689684363
0.04349004812750401
0.36511329222279976
0.09473243334196191
0.2595609067264233
0.38761618813949816
0.10004282107499218
0.06365208551020807
0.054253397647806345
0.28675976689689175
0.01284939904562421
0.3232857600023653
0.48555353733369433
0.8969940550133648
0.7876161881394985
0.5758784681396785
0.37209552167017623
0.117026624150121
0.01346013437010285
0.18662338835124892
0.19699790907627435
0.21702662415012064
0.3039308908286067
0.4286410232116342
0.13099649939102687
0.3747482958938617
0.05198240537287013
0.07303018966444164
0.31962149555309605
0.09045085340923631
0.4908925475863688
0.16135920447569685
0.6140202048829009
0.14327652137913116
0.38256777357859395
0.4978351938401815
0.45181961263979886
0.5017245063076343
0.27735859576786126
0.07981520665094699
0.4604618689684363
2.1849588604859624
0.04755246995089468
0.7759268552910914
0.14201669488895874
0.043584585568435585
0.3809753217764946
0.8595584503717095
0.12013170717134347
0.28659371096857456
0.010133900480680857
0.5489428914587924
0.4789785880098778
0.22248331382111441
0.6093340537516809
0.09699405501336411
1.147110829537084
0.49393874703460927
0.3074670029173552
0.0038714652415086093
0.312383811860502
0.7670187262125294
0.2535488618532282
0.5220423110606287
2.098457872832916
0.1981956726257721
0.19588543127134894
0.10753035256066656
0.19904317346798983
0.196810643631105
0.20221747728974204
0.8751321661473606
0.2998229426087642
0.21238381186050148
0.17662350368283164
0.19982294260876454
0.2252848416198523
0.24445272678467678
0.7356561829168973
1.7369028414636754
0.11486892405575055
0.5134062890314253
0.17226514206198296
0.3567594205566076
0.06748507218564637
0.5222187496466217
0.8041214738567692
0.07906829232307278
0.4170266241501208
0.27790660211752094
0.3647176142426751
0.48792465219132986
0.20022526653034767
1.8726789693224424
0.023858306081631753
0.30478698781054536
0.4450888197335843
0.2677256132418746
1.7301284234902452
0.3005161292593206
0.11797166259883252
0.39064916883035483
0.24726833566757733
0.09415556479869114
0.3196243036857984
0.009350831169645524
0.08435449916421156
0.2876161881394985
0.15868792124813602
0.5261831493415574
0.2930627708111251
0.3634267684991066
0.15117503010739153
0.17465808528230298
0.28694766921649517
0.5209382580745521
0.45892582679098304
0.16492441016396775
0.0012985086167569548
0.0814919355106376
0.2742200363285727
0.13138274496617974
0.1397540354436302
0.8134816113004346
0.26326732564504773
0.24971004604764158
0.023441540704435937
0.3264837751516696
0.9292135577550553
0.3900756155868974
0.05843098261856383
0.03138274496617921
0.6474604616113586
0.5406206901445474
0.38393884951255863
0.6844161867893321
0.49598896454968777
0.4267500271863742
0.21702662415012064
0.3317397550333716
0.35988432039640195
0.2752740981267445
0.36607435819717704
0.4030059449866359
0.35404781964376664
0.051662542840196224
0.6506611419582766
0.2876161881394985
0.19416731384010166
0.033669044874871545
0.5479651699036658
0.298881965933405
0.25778243765197484
0.6855532659539803
1.4892867614041014
0.3608648789862343
0.6236704498491816
0.15881833557524683
0.012383811860501304
0.9736466898704697
0.5140216333516987
0.10679252443148712
0.4153209673250702
0.06293655443065038
0.052888009484753695
0.05725953154444774
0.29616450932088245
0.18761618813949799
0.07193507999697069
0.272145393955431
0.14337646328332365
0.21238381186050148
0.2908070635056452
0.10516420251512315
0.42420609042802937
0.5213021068585926
0.7774275881584449
0.10534938950844008
0.5888779801316604
0.4352617954097262
1.858149206736508
0.5665761697610208
0.25025467700152415
0.031104209732945698
0.08893853049420386
0.0846409056488584
0.1257021955165074
0.503185197131752
0.059379309855453144
0.7233830057383317
0.5564486521502037
0.8695718275589437
0.5121670551827888
1.0086651851137018
0.301324338606471
0.0905558481490818
0.47208999579247823
0.5808988207940162
0.39293130728177683
0.5275229532186225
0.131670288147979
0.08388017887100485
0.23836414885223345
0.18094154741665758
0.1365732315008934
0.02773485793801722
0.3242606984240224
0.31112950048619936
0.037163108297794345
0.20873663600446868
0.2581492067365083
0.2017729699962727
0.01632853339126239
0.3466747070156746
0.41253540781185993
0.29160102321117787
0.13565947651514598
0.2876161881394985
0.02694583697884312
0.16359798811967696
0.21486646653960495
0.19443339213464128
0.35552421414453406
0.4973181242220992
0.12614726539589327
0.2576214681551283
0.8595584503717095
0.009350831169645524
0.43736345657122566
0.12736081175029135
0.31707482036406276
0.022483313821114237
0.46234216978287446
0.44407400688931364
0.17847343839463647
0.001152183103172888
0.05800918879346284
0.4476045097619892
0.2334028089354243
0.11542231822142313
0.01497929710741186
0.37364668987047
0.3024907168206834
0.17559686706015842
0.37950056450466363
0.41238381186050166
0.3214789834372471
0.24641927163996513
1.4043151830484906
0.23351906743711304
0.4757649431278015
0.24150931707028622
0.30300594498663536
0.36263654342877416
0.4029266703363552
0.23584345079856028
0.2251455798595856
0.35576078897571506
0.22384199829749019
0.3973908396986445
0.17272699040148431
0.19401676407363677
0.2932238589791831
0.12614042641290268
0.5542350117507207
0.7676097339382828
0.312383811860502
0.23756378280029722
0.4834946922461745
0.25748459245694466
0.32523055376115906
0.8984131402475661
0.6074164167903291
0.7258575940362464
0.0005787222635920131
0.2002563760392082
0.20967405383933535
0.45062045890725955
0.1300441184354808
0.2801767463515601
0.5139464061398611
0.6060999389128492
0.25829643628841925
0.18761618813949799
0.11238381186050184
0.17956501378528777
0.03113865758646206
0.9278546060445692
1.0071890487539221
0.12221874964662138
0.10586053967260867
0.04135035778379059
0.3835376741090899
0.13163129750486302
0.16177684435243833
0.19959340254366698
0.16767671871899736
0.35098501619281564
0.09699405501336411
0.30300594498663536
0.2689863297386843
0.44185370448710604
1.0317740062391785
0.1074164167903291
0.5489940262047135
0.29547403939657535
0.21314070939988472
0.15239549023801136
0.37303018966444146
0.014194444456655297
0.4170266241501208
0.41238381186050166
0.6524357964817717
0.45489131702704455
0.20246789664545872
0.11760703860126664
0.12533535933463202
0.3776811949676864
0.10178447688869863
0.4932482637546043
0.02031041102068798
0.1387413582649497
0.23053395768639895
0.2030059449866357
0.31544262421075775
0.2812201305148152
0.2809391544552273
0.6085221114372326
0.13110247740833447
0.632883345205113
0.3704261431757754
0.25397129793719486
0.6102641943190585
0.44219522343289785
0.5275229532186225
0.09560851917757862
0.0799472683961211
0.10822248307445204
0.2119070171474915
0.11557660178697127
0.061129548427916625
0.07462050906747653
0.006306577082553666
0.16733811963634615
0.3200286169238922
0.19471568561391273
0.5952432845560889
0.1916491694087359
0.1374178608704506
0.11558381321066769
0.2498531908341155
0.048749444699568656
0.17226514206198296
0.19859793098304035
1.3049262472573542
0.275836549523393
0.41238381186050166
0.13288334520511302
0.043888910669764414
0.007854320485873423
0.26688968316944184
0.15928820865804028
0.4458944012656145
0.3802250203623885
0.05326273193027209
0.46447611466030025
0.06620599228748425
0.749201585393835
0.07664064927204972
0.4814493911385185
0.5175997783608395
0.14104738804651262
0.4284627540174135
0.410627324226537
0.3044264329421287
1.128502058773492
0.5315034002734782
0.065043306979649
0.18292625864862178
0.12773485793801775
0.1030924922112284
0.06861725503382043
0.4170266241501208
0.1342056372532605
0.29274504185147787
0.07767267722026894
0.41238381186050166
0.8801944531600885
0.30484902010730686
0.4170266241501208
0.5351383148080169
0.3260252833256674
0.2803522479034255
0.012925046074983015
0.4924580535987557
0.30666964581263745
0.7348867077771999
0.012383811860501304
0.28879031135786004
0.14011567960359805
0.05762790905883097
0.4882200947592148
0.788938530494204
1.3038598199156137
0.06243286556068561
0.006712937397165497
0.5280897379925262
0.15489131702704473
0.1811913175695734
0.3734948449676665
0.2956085191775779
0.21889204812444252
0.9035952243194059
0.7561042446425494
0.30421025036372207
0.13567796722741665
0.3025732329946589
0.15161591034817246
0.6740677306231673
0.11342356186599556
0.30937223962699356
0.24290207151790977
0.1520787460848867
0.2303009659133215
0.143839101771027
0.12467608508092809
0.08201546793571346
0.43741118854565997
0.8034367766338031
0.24609029103877145
0.30300594498663536
0.06444779720309501
0.312383811860502
0.45595261205291937
0.09368151951985482
0.24275774148179075
0.06015609392218746
0.3277420434678566
0.013278567260519125
0.1634473229811837
0.3029357401298798
0.24392742550513358
0.13640671791512826
0.0467255286308621
0.481889308704317
0.061420403851423444
0.012383811860501304
0.24848538479832794
0.11586273681304338
1.7286373254876777
0.6689861993545545
0.312383811860502
0.5206855368215422
0.4699834261327993
1.2608708637495116
0.3866233883512491
0.07491102691325402
0.42308004694706813
0.4170266241501208
0.14049223081996676
0.055458495049085066
0.5140216333516987
0.46169740076398114
1.0606304510756397
0.21238381186050148
0.09910446256238359
0.4271674424252181
0.4967446165416547
0.48022044405838216
0.1212914371953886
0.2851310759442498
0.4149314224385652
0.5497119134418469
0.02694583697884312
0.01833387411658105
0.30583268615989834
0.21382074637706427
0.3208393196902932
0.019938936909941418
0.10977745422077057
0.5864043489231472
0.4030059449866359
0.687616188139498
0.25224328408153607
0.8113000076441361
1.1636632293106377
0.6534360006158
0.16384236753775472
0.05515953721470446
0.30260503201465294
0.20172313656259888
0.13633627295848338
2.0485559935110933
0.695477464160704
0.47439146812834654
0.44093961613902266
0.20450082834810868
0.06401601580875038
0.2993342593278028
0.22824377656502648
0.1678650374927111
0.21110545520157054
0.05738567929660743
0.13887045157208355
0.590187897691929
0.5708389861638796
0.17871666621256477
1.3502546770015247
0.2867480093583641
0.5527316643324225
0.02694583697884312
0.9481598018639348
0.012383811860501304
0.6560234211959228
0.10786937514137396
1.7245462209770892
0.377975988324053
0.00478698781054554
1.0039733462974594
0.4030059449866359
0.08764957880551272
0.021993358061069834
0.10604024150584923
0.4763023342997501
0.18297337584987883
0.6082808505919504
0.4623988225289528
0.461813802809905
0.14063130878129204
1.2876161881394985
0.4279100042075221
0.31950707618360763
0.09220163307539941
0.659961823594605
0.506631397886963
0.46769854453947524
0.7130243677577575
0.32751677562268977
0.4655043135558996
0.02694583697884312
0.24167029903017134
0.8858356886130752
0.1469101084270683
0.24464522614497586
0.085265490302743
0.05308989157293187
0.09560851917757862
0.008398976788822843
0.6140202048829009
0.247941727658902
0.08518599805606986
0.08844427244206887
0.21238381186050148
0.0005787222635920131
0.8034575257310959
0.0400381764053952
0.8882923568254419
0.19697258856349276
0.27366508925363764
0.30300594498663536
0.054784500331320984
0.17358272267660446
0.8987655648699038
0.33030096591332114
0.3202411052035643
0.13048223976089623
0.008092159711436508
0.21238381186050148
0.37885385873473787
0.3575301180872996
1.7132402331031082
1.3919078402885638
0.5012319011017645
0.22200373661223693
0.6500288814201811
0.3838801788710047
0.4546267222281859
0.7947881759566515
0.05670507350296461
0.07226514206198242
0.11084920887634464
0.16706261035271552
0.07106166184291318
0.019621495553095336
0.12554621415385725
0.0320069175051767
0.024935310132862654
0.018284511235775014
0.24504443576673118
1.271285910203149
0.2373589424594078
0.11483455902232098
0.027522953218622526
0.6752886291488043
0.7891507911236548
0.6540995465021515
0.4352801003063904
0.7348867077771999
0.38320601626459627
0.04301493342538176
0.014738749950737429
0.25273166433242267
1.7710340721087574
1.8409965723136894
0.22925620197046648
0.6374178608704506
0.1530898915729315
0.3228424189773298
0.5841383370457445
0.30300594498663536
0.9906491688303545
0.6411924567245029
0.5225128676899553
0.3225843709038445
0.1482078437740979
0.7350809642831226
0.8248415348914726
0.5527316643324225
0.17615800170251017
0.3465707322983267
0.21508050464656492
0.28388017887100503
0.3333503779250133
0.3095788805592168
0.14489636737250855
0.09047410275756373
0.10893624236601784
0.03138274496617921
0.5202283545262505
0.7114841317466523
0.2130541630211571
0.1047567154439113
0.02345089202716899
0.0593627730493953
0.22466825615418617
0.5239896835528333
0.3838801788710047
0.29830195200922116
0.9712972985839174
0.13464187308203002
0.31686666964043564
0.10710049092127427
0.10644132234626102
0.2871858844997677
0.47891672395640406
1.7406093142885846
0.5527316643324225
0.40910745241363156
0.03442652109483646
0.14951781803894093
0.0639760218238008
0.7580179048690985
0.14343072470050977
0.32311555024018457
0.503278577102864
0.6100514966537638
0.32152689829567294
0.12785787699994078
0.8371631082977942
0.09856189982908692
1.0461308414688597
0.37439141357002104
0.025606599257933738
1.7504224035622826
0.8080972474097798
0.41238381186050166
0.20123443513009676
0.27628265905244476
0.18871870849195016
0.19699405501336464
0.05935147621225667
0.3942238065159893
0.08675703664217416
0.9346719391526079
0.01065404813501658
0.4768631421305294
0.14011567960359805
0.2884866332257907
0.12189073321292021
0.1404781632704477
0.4525190501453027
0.29283822161475737
0.8440012556546952
0.03602324278804492
0.7387202131481301
0.33502387040600556
0.11238381186050184
0.3212874036624891
0.23554866468617508
0.0043914808224219115
0.018841180620302822
0.015113369056510173
0.10826264901086002
0.6226138479163721
0.2730541630211567
0.17305416302115706
0.22257241184155507
0.24546909438085063
0.5083508305912643
0.4878300177536419
0.4919721027864057
0.020020685013173
0.5628661644882298
0.222298633327628
0.0343878696082367
0.687616188139498
0.6742978044834933
0.34854946718730684
1.7264977437505964
0.2949069360673997
0.17304330656930578
0.7867974287805897
0.23318341782678154
0.24464905710916707
0.08761618813949834
0.23422395084293246
0.272145393955431
0.2463871083755036
0.583489347288074
0.2058605396726083
0.0525462553677114
0.22384199829749019
0.40919008838890836
0.1677348579380178
0.587042450291376
0.312383811860502
0.056068361935054156
0.14088194622397854
0.117026624150121
0.1090300221196534
0.30038679671795876
0.02552115934333621
0.6560234211959228
1.4707906645093018
0.3279100042075225
0.4132785672605195
0.3933697659358941
0.46087877740050676
0.13816783396447985
0.04848538479832776
0.27484911997972095
0.18534033071455713
0.2754365559495966
0.3969940550133648
0.2945624149241244
0.09164916940873624
0.012383811860501304
0.024312309090571027
0.14934149152644327
0.18761618813949799
0.045449266418757794
0.061746878046482934
0.2803522479034255
0.5348867077771997
1.5160001023526162
0.01850954191039378
0.23829054435176822
0.06872097111881015
1.0042309689492308
0.07367201079828867
0.3493786738191993
0.22291005365827576
0.16513168159077818
0.026190116686652942
1.2471119905152461
0.26677868463587373
0.07328346712378409
0.02846275401741405
0.05549563852306072
0.7448391916695014
0.4782418253113372
0.08435449916421156
0.369527709525018
0.27906174192544864
0.4363309023832107
0.41238381186050166
0.07226514206198242
0.02052179871673232
0.11124326151878261
0.14934142142504747
0.24730973567971848
0.027522953218622526
0.12773485793801775
0.36821029588745446
2.3458780139780915
0.4141141094376186
0.053689095934870146
0.35087789249335266
0.07561459021062689
0.45553401380311165
0.21547515842010068
0.2801767463515601
0.08236887124919168
0.50332260305116
0.6032826696046447
0.04023152471686142
0.6782917453396458
0.02694583697884312
0.44303654756250666
0.10604024150584923
0.4015134879522311
0.2377897739110697
0.3850207028925885
0.08761618813949834
0.2133345344497668
0.25510280593777335
0.5030059449866355
0.05709792848209094
0.7231203512947131
0.18502070289258832
0.0753386447826836
0.4930602345125381
0.5304231292718935
1.7699558815645187
0.29989547686935136
0.015241756521334082
0.09326590809900459
0.15248041800627465
0.3249982155314344
0.3547085718517131
1.221758174688663
0.022603306269654233
0.10933405375168093
0.08761618813949834
0.018059158760335592
0.38513107594424945
0.7438627797000921
0.1091039823713924
0.39470418093268655
0.3562853274372024
0.14667470701567442
1.4306337654470012
0.11106146950579632
0.3887903113578597
0.02196119780999517
1.705267566658038
0.4703793471573947
0.16243286556068526
0.5843273900380472
0.41253540781185993
0.1916491694087359
0.11334284981656406
0.5995353335905351
0.66401601580875
0.15698506657461841
0.5620561545951146
0.07664064927204972
0.016523790979825037
0.09322385897918295
0.4489715135245582
0.22921355775505514
0.014868924055750021
0.1478867718044894
0.24504443576673118
0.16898632973868377
0.19508831967911267
0.012383811860501304
0.15949171953490637
0.2922199626505675
0.004756715443911652
0.02908386812635566
0.696279330475817
0.1525395383886421
0.41271046490744023
0.22976337504132083
0.10166829373551867
0.2482664278780522
0.2752528119212583
0.05919191180933936
0.36239882252895317
0.34954678179975573
0.27835003317941
0.7917775169255483
0.19682875878585016
0.1636520855102077
1.677516686178886
0.8897347890241587
0.2603970441858028
0.0932418979003069
0.13590318555248793
0.33193571070832206
0.9025406469588342
0.3838801788710047
0.027742043467855915
0.6779759883240528
0.2382531219535169
0.28235791181270375
0.1741412470806436
0.21253833125800714
0.10300594498663518
0.3027988358856524
0.40092298078353483
0.5844161867893325
1.0091284065128132
0.270305386627105
1.6385934253398267
0.12334561516555187
0.14633551975169024
0.24237853184487168
0.49478992039349023
0.08330577703496012
0.09760335731524616
0.5243089511558843
0.14393902776378376
0.7355380369735931
1.1209785453297005
0.41834304771122177
0.2667675904446378
0.05443920177461603
0.3751260755904209
0.41238381186050166
0.5366135394065141
0.0992591667852949
0.4994350595894943
0.07930219530547333
0.5149314224385657
0.17167796752084552
0.02694583697884312
0.06039992811329142
0.35205827234109766
0.08761618813949834
0.3586716266515948
0.04892201815302144
0.08469541858608398
0.444461907707395
0.09650664108660045
0.26507961561360904
0.47671960914635836
0.5661019127586799
1.4871885053233198
0.23724874070333524
0.4454690943808508
0.3997379624551387
0.04311432821368033
0.19959340254366698
0.5996418423406649
0.3423785318448713
0.5291918357553156
0.5030059449866355
0.15023096616626486
0.41238381186050166
0.3808366580892306
0.17852101656275288
0.3047567154439115
0.0970372770497061
0.5028973774659349
0.3323379647003266
0.42980021721535433
0.06867009001427338
0.2611295484279168
1.108350830591264
0.7724770467813773
0.005028106995421666
0.41876683053676
0.3320874007635126
0.24227733067831903
0.312383811860502
0.23047229047498252
0.35990670656275103
0.06923942585264697
0.2876161881394985
0.11238381186050184
0.07885462750649719
0.6157555305586966
0.21851103019281393
0.010191459856254248
0.4410741732090173
0.4787269728794916
0.5083508305912643
0.011892360751112108
0.11924261601479369
0.04947046127815824
0.11238381186050184
0.17333632084648087
0.3794469444835853
0.22093506296771181
0.30175996504523805
0.1178396528489305
0.016326589082900966
0.3083962423508755
0.009945480180643784
0.0863676443575887
0.3663060777382112
0.16221022608893065
0.4170266241501208
0.3734419878768751
0.35543317179041267
0.10837041508569722
0.16898632973868377
0.16789141642274696
0.009030022119653758
0.9863764475715522
0.8487768973855685
2.094686395121893
0.297657503230786
0.16868018702927223
0.09090426502880788
0.7917775169255474
