0.25028441163800963
0.4320073647415992
0.33353775909505945
0.8138676336043815
0.4028322787681349
0.11718740998445742
0.02815871926938751
0.23337820707981116
0.1226596721620874
0.36441612766451925
0.3274957320386154
0.32781315789956267
0.27801560613047727
0.11386763360438223
0.27540661111128983
0.10764488607079681
0.3254294646405844
0.12310191292008987
0.18613236639561848
0.6952824291076745
0.06293653796167842
0.4036790791760705
0.0033736750289241613
0.024357908878148926
0.010920261814013621
0.03181207142167963
0.09342469790625962
0.13529290742922218
0.41328397646048476
0.09165773335051863
0.6008449740673605
0.17548018884836836
0.02254837244217267
0.18613236639561848
0.15006306440397132
0.2353921811313242
0.5908650527907664
0.778191301423405
0.35609714655285263
0.10626304884466098
0.045910098542584876
0.2472654212206571
0.31326654003661236
0.26989805327094807
0.07668581747081671
0.4221365487154243
0.3099311416886188
1.7739556495685438
0.4768825647862407
0.49068642344673297
0.3658237242265283
0.13095975942812554
0.3236077246724811
0.22546482220937225
0.3367828238180284
0.3627807850195506
0.14223705451387492
0.36841898435627485
0.5287461888394951
0.060802419144395436
0.6525854674552498
0.3513631055149098
0.13478196194810543
0.4236402555457879
0.5763597444542121
0.17319565063375197
0.23596830096475152
0.7996972494582595
0.09010988597027225
0.08970217039959572
0.10936991462253598
0.27491171797215586
0.33905991142587055
0.09663857843241441
0.15327399863946045
0.07779912679304779
0.34684800288364315
0.3197189172369175
0.0897072825972316
1.5559903597893783
0.09349814341974128
0.2801060635861141
0.21057259260654781
0.05742499680674218
0.13854388908006054
0.03784993002274728
0.22442139216822632
0.02772788521928149
0.4588467841804009
0.3332104993867251
0.32719112567904496
0.3432421080305659
0.3862487291227712
0.20637145438719173
0.18613236639561848
0.3930528429837086
0.21272265848428873
0.37961088108492813
0.17746090279502091
0.1944159988536338
0.577951621091076
0.42286263129912083
0.6496302635275271
0.10478446552321863
0.366359662389522
0.5515274167940287
0.10409366288482058
0.6081159358988568
1.5028993084044089
0.21935246072321668
0.40574639660557565
0.25194849428208776
0.3073097955785222
0.08957176300106884
0.2706858702453374
0.4773093257343879
0.15873048054543926
0.4169773705260269
0.23396492759292542
0.1307883630089508
0.12931190846801588
0.319764325637653
0.17997091978959112
0.3046543530448087
0.006411683925420242
0.21195668222175712
0.28961384713334404
0.1668820335912411
0.13686942960642678
0.024243392846640788
0.16921163699104902
0.2047175708923259
0.3277353533703078
1.9083847493001809
0.047958996955014044
0.06791893569170515
0.7692116369910487
0.4894248716930729
0.5423942315188004
0.36976787535912425
0.3084121834943687
0.26218337662315694
0.11386763360438223
0.26796251171859353
0.13063078795312766
0.19090837141708228
0.13767077328194244
0.13716558160367676
0.33111461480639726
0.11042812831118365
0.46492955979945805
0.24208360044886668
0.44247719662736884
0.33094557118115464
0.13919758085560474
0.06152829704606866
0.4496302635275269
0.17770074620852405
0.29319534518565504
0.2868064215127273
0.10070099901506513
0.15606451560280465
0.40302811397661475
0.0266577073328218
2.18846179535203
0.5754135918873686
0.3257470568283445
0.8130559402584092
0.08613236639561794
0.049485161208074224
0.4225805679989936
0.289856583615542
0.12061086641573393
0.24196859677894267
0.33836792529517723
0.8208163754411393
0.2608024191443956
0.5989846989927425
0.14993693559602939
0.3199323688391509
0.21292751701845525
0.30584446526154263
0.1795482404694031
1.013478108664402
1.190697275670443
0.33727939927691253
0.19165773335051917
1.4385077976477083
1.524736785762907
0.7069761690088452
0.12427553164371119
0.3257521303315247
0.11097555704727391
0.27427421821121367
0.3650005283010227
1.749936935596029
0.12126076201295
0.2861323663956181
0.6192648939423204
0.2550172525973018
0.002757783522832291
0.05521042035783008
0.12688699514737678
0.14783950020169723
0.9645870275416923
0.2091949303076337
0.2873343738527421
0.6349994716989773
0.17849801383053965
0.18848912613870095
0.31112551499251495
0.06417892598046215
0.11835506810825613
1.0692116369910494
0.8039689758359074
0.1465425687953461
0.010428128311184004
0.27355328563784287
0.3930528429837086
0.5391975808556042
0.18436705276738685
0.5888941188788461
0.13941527870362602
0.3834171524559036
0.30402683759926674
0.2925151742352927
0.1828993134328627
0.756033322722681
0.694972368131987
0.434158065327483
0.18429440629363025
0.07765396196277408
0.12876875981325497
0.1685528173354074
0.11386763360438223
0.25710250965764025
0.15715982676721296
0.0047844655232180955
0.029451238613214414
0.4070899664876846
0.34520087561310575
1.6865367994850349
0.4948033087563726
0.32626609983426036
0.2681879285783211
0.166978726846704
0.9397426372365052
0.3430301166680607
0.3386648716790672
0.2002129941769848
0.3522209735236661
0.2949723681319867
0.3714234446192508
0.2834635954294491
0.1311067274227904
0.556767114515103
0.07473961879103719
0.2658241442686258
0.257286165224059
0.08613236639561794
0.22265967216208793
0.1226596721620874
0.23866487167906758
0.0884717208402499
0.2861323663956181
0.30592161413951935
0.17427421821121403
0.18613236639561848
0.14287968638811055
0.025745849099345186
0.27293607228258576
0.013867633604381702
0.29681410683427245
0.013867633604381702
0.05794140484143728
0.380188626474367
0.722947786730515
0.25617902876535936
0.17031092540867654
0.013867633604381702
0.042035128841011904
0.2917509987480873
0.4051966912436278
0.3419180716075694
0.1510805745540882
0.12382038966684572
0.278182817556198
0.0508796578452797
0.05194849428208759
0.7911568591820224
0.37922189604920664
0.1697477240205263
0.050712194479545225
0.16477258868093259
0.34928732060414625
0.06458702754169199
0.11364304539811787
0.10017496820043448
0.24503300092756142
0.20476265933978155
0.3763484802002388
1.2266687377837293
0.33027109406599386
0.3250678434444936
0.08985658361554183
0.2115282791597508
0.353791447709801
0.195584625991712
1.9466113517142478
0.09843539316396654
0.12233129553820188
0.22773535337030815
0.6784647814335312
0.0099619547261236
0.2706806209230228
0.0632736345270013
0.10030275054174087
0.013867633604381702
0.07511111170822193
0.3981269965055425
0.323988074885353
0.3497124689957616
1.7884717208402492
0.0033385867210524722
0.10515089865910987
0.27954824046940274
0.32004716382554754
0.256096198363597
0.07846478143353153
0.34503300092756106
0.30187300349445767
0.18100788376497334
0.08816999643746826
0.28283698873705276
0.28311179933187525
0.3923414606447544
0.24778579608305762
0.13229648155880103
0.3657584406101524
0.1676552573510719
0.18985658361554236
0.0923650200498658
0.1858552880267137
0.35279272637908754
0.11014341638445835
1.6105751283069267
0.3664857410953992
0.08041689758431492
0.11386763360438223
0.24778065218720613
0.3676348613128759
0.14538415533097737
0.007309795578521516
0.377137368700879
0.26194017063823516
0.24909593952543752
0.16775698283172957
0.3064098908152513
0.21993236883915124
0.05449894132180155
0.4466246775238476
0.26589223332480927
0.2916577333505188
0.3291226120001376
0.29715979650429425
0.2726434331054177
0.10513972510378355
0.1600630647861685
0.08283698873705347
0.22421572114174992
0.000949578903895798
0.34371442786045936
0.10607423124858872
0.33813676208903587
0.07998820505027382
0.23042084419300224
0.3779325394098727
0.40730979557852187
0.13601925003884308
0.2740651795825002
0.9428801833862375
0.9569074649604739
0.31670973712113515
0.3560961983635966
0.16796707021299184
0.0682861972639559
0.26417892598046233
0.07556811766442273
0.14377309591354503
0.1534998312670961
0.34567776292159635
1.1827209893729176
0.009272378426023131
0.2092136786994807
0.21433741925847727
0.039247596186003264
0.021535218566469005
0.2046357752649648
0.25853963546926106
0.006557005716818942
0.21993236883915124
0.11336661803122983
0.15754775272443844
0.10780864358513842
0.030747890198013828
0.11386763360438223
0.36189787816974484
0.044618379744146175
0.15584714218308893
0.005196691243627427
0.06837332408408692
0.14008501732282763
0.015217164746228029
1.4654295944982865
0.01950747696884214
0.1048091960733375
0.3341015547644002
0.5164230657055313
0.07450604822787188
0.12790756018530214
0.2214301843906732
0.07216993531064642
0.2491301633023335
0.10261019034194874
0.022289878099637228
0.013867633604381702
0.3172790106270824
0.16401705772142616
0.2829663090429104
0.32540619926924563
0.23310691004843065
0.2861323663956181
0.32087273325410237
0.3506970183490701
0.2673643177275542
0.06584193467251698
0.14063590737383524
0.007908320556540893
1.0337863701266015
0.26205306038079534
0.29030124158395765
0.3252908979368083
0.6619174715894651
0.15694430480029187
0.317811622546893
0.12269067426561175
0.3504717731543039
0.5558051166951312
0.42706321312965834
0.22506509870533087
0.17293607228258612
0.28258644444650827
0.0925433950270067
0.375288873042388
0.09529473380192766
0.15072611720844442
1.6654773475322528
0.20788179530424422
0.2629365379616786
0.12391007920493813
0.4497124689957612
0.27988228442326424
0.31808707017682636
0.15633229260655312
0.07540661111128966
0.28902444295272645
0.0868656492257065
1.5114286540391166
0.06024053115886474
0.1951688359120407
0.4663879966550919
0.4175930565804933
0.038991263500069984
0.49397611609778114
0.2453841553309779
0.330788363008951
0.28795843667809606
0.6439038016364034
0.29918643530800537
0.16182249447298602
0.26500052830102305
1.374659547352759
0.19460912520135665
0.3077047900176737
0.24427071544414147
0.09351559649155927
0.2413312891241688
0.018407821513039657
0.09165773335051863
0.11678205417882559
0.03583322395857902
0.2131219476629891
0.2641667760414208
0.07918362455886108
0.35427735163946394
0.21848255078868029
0.13033571500530172
0.3826352447459964
0.33126130487884886
0.18968435427757857
0.18839202527589904
0.33821586278493676
0.10920973057163241
0.19102237447887216
0.06700983875923949
0.027085286637738903
1.3335018545359452
0.3405355950174389
0.29781850189443304
0.04080561336574462
0.39805850009587296
0.029796416895848665
0.16500052830102252
0.3672533454590514
0.29929900098493434
0.34281404064071896
0.4894248716930729
0.16497006150701754
0.08283698873705347
0.37821498127849296
0.20333858672105265
0.002541271352252572
0.9305080136851087
0.11014341638445835
0.00397146509347035
0.2549669990724386
0.027191125679045136
0.1577629454861249
0.534241559389848
0.11781162254689281
0.2400302763373805
0.16351645699187856
0.260759109763848
0.11789500361194172
0.3746662466289097
0.3573186259112706
0.341329747085104
0.23234474264892846
0.11474937967319576
0.48283698873705294
0.33006296895832143
0.23065220856130253
1.4767239079071697
0.19466080286747367
1.1504506471276095
0.30659409141425975
0.15609619836359645
0.6636649730009037
0.034098151653048525
0.1591794991849973
0.5248888882917786
0.040535595017439086
0.289856583615542
0.034241559389847964
1.6654773475322528
0.2385438890800602
0.35684595152827114
0.16184276353150473
0.09105990185632162
0.1361198559139556
0.1834515694437533
0.2588539086017807
0.20478446552321827
0.29465099364248104
2.7105751283069264
0.3373798120457874
0.4523577365261069
0.0014466928766969644
0.003396992718539771
0.1728328822335845
0.4613982246057624
0.1030767429556354
0.33856572403545293
0.3712452248631646
0.07556811766442273
0.20262268232098357
0.14390285344714737
0.028898187361930283
0.16499674025213196
0.5244318823355769
0.2222071772020815
0.22880269127210795
0.20155885381040584
0.24815099480768588
0.289861776330671
0.044192009646817354
0.28446261396693906
0.8751324638598286
0.24020104890322358
0.07513924648832138
0.23339615389368618
0.3804483334793485
0.2707523284833169
0.33947462953278595
0.02356917175169393
0.06767247042292812
0.19427438616725645
0.2898697347251673
0.4453178520791914
0.20056688778106846
0.05476082885280675
0.14703265488806228
0.3397619987219578
0.2884717208402492
0.28116656163354214
0.3027304783631717
0.00346342135414357
0.2222992537914763
0.2641667760414208
0.2608762962439002
0.4263105479660805
0.252574873083816
0.1708773879998624
0.04825690544938954
0.2591943866342561
0.3125242517615696
0.1445195569527291
0.22265967216208793
0.6398397373312328
0.05194849428208759
0.2769385625023286
0.29227865346522286
0.10473229970775666
2.0566730541243947
0.3693878428852386
0.2802048042922234
0.1481246398162277
0.2861323663956181
0.09225770129638278
1.7564845504840214
1.500428660334463
0.18181480516289739
0.10496716710392828
0.1910295775996076
0.3445242563668742
0.2608024191443956
0.2658241442686258
0.41014341638445817
0.0174811192838229
0.34205329350852054
0.11386763360438223
0.34812768013723705
1.080189615031232
0.14503300092756088
0.3934429942831814
0.2773008792118823
1.1757072020192645
0.2841782545210165
0.03974263723650573
0.1737836625155822
0.07929618317547948
0.2861323663956181
0.3748305394861866
0.1894248716930731
0.0015588538104056582
0.21654843055624617
0.5082840168935068
0.06584193467251698
0.042840173232787215
0.3070334200027389
0.21057512830692726
0.2306836700664423
0.18613236639561848
0.3596254884759791
0.31887624675665016
0.2905648905850686
0.18019312970548373
0.3171630112629469
0.025067843444493754
0.026547834260441938
0.3395816501005786
0.03144718266459279
0.17213649902772588
0.3127284810014066
0.28243645882344204
0.2673341149346786
0.13162138559629533
0.12553773111123334
0.3365240843015531
0.04692276283861041
0.001771074249750093
0.3218249686753083
0.7083422666494812
0.008199753300638157
0.08613236639561794
0.3672854741556115
0.11386763360438223
0.04734529077944938
0.2899396769683431
0.2075079640141766
0.15479912438689425
0.1686013378726159
0.3394218102506432
0.190301241583958
0.17746858303154767
0.22031600021792563
0.3106483313990811
0.2008770593490361
0.22786350097227448
0.21337851888997772
0.1989504579724546
0.4981614059580082
0.44764226347389346
0.2855567389432423
0.05973952893580314
0.0785679503268506
0.3735532856378434
0.36185141084365124
0.15834160063616576
0.41163809665671103
0.3092097305716326
0.19165773335051917
0.27288335628473526
0.7317398233302406
0.13335730739310225
0.4725578919036213
0.008455633475842994
0.04003027633738032
0.10928823707546531
0.13302127315329582
0.3590639924758907
0.2768351277681784
0.1583208256970856
0.38694405974159096
0.1989306396879531
0.037279399276912706
0.07914213022533811
0.29434572973136497
0.2650176262109998
0.0908268564207706
0.31326654003661236
0.23297595952003292
0.223998880657156
0.21272265848428873
0.2669605388600207
0.06976787535912443
0.40092545144177993
0.2425188347278695
0.1507532751978724
0.24297552014767732
0.3238006778324696
0.044007387339728865
0.34610756588957337
0.2613351283209324
0.02691566290145886
0.05091063593454859
0.03904502295357837
0.03633502699909652
0.06284959337816343
0.08358087452129315
0.27178120696270724
0.1238006778324694
0.09573711972174603
0.434158065327483
0.08330915507328207
0.017083679542412078
0.6509106359345491
0.013867633604381702
0.24993693559602903
0.1768438388814335
0.26166883232534666
0.3594387106359571
0.22478774641894006
0.20655700571681912
0.017526349560742283
0.34694548340000964
0.2937290664725243
0.4193199646146013
0.11386763360438223
0.007023423442016785
0.1879873331616171
0.08690597322181848
0.03149724064359294
0.16830545288533916
0.22265967216208793
0.4431540484717287
0.06584193467251698
0.31525737446943225
0.1722721147807187
0.2781113572381173
0.3138451744726254
0.24720033988633716
0.9391975808556046
0.3621727064378941
0.39200123155861544
0.42999656106342066
0.1610087364999302
0.3409271258955817
0.03415806532748267
0.33459801483763485
0.33583322395857884
1.050712679395854
0.09246010850650688
0.19014320117125827
0.05514062062575409
0.2046197395151932
0.622862631299121
0.2503166585181962
0.21832450906444478
0.14343680753156285
0.06584193467251698
0.2349961647700951
0.40897042240039205
0.1712969001367073
0.30774722269227084
0.21201266683838327
0.2638067169385234
0.22040032023433387
0.31837692816924346
0.18613236639561848
0.29801017265808305
0.19767491344488786
0.3269943804580091
0.2861323663956181
0.1525854674552498
1.2115108738612985
0.21752634956074246
0.2608024191443956
0.33474552651588496
0.161507249155747
0.9472928044174909
0.06351645699187802
0.1931953451856554
0.1318785612831741
0.13633502699909616
0.3560961983635966
0.14503300092756088
0.27930479122781193
0.058621125955999887
0.3884891261387011
0.41037063810207197
0.0836922772162989
0.047264385678237986
1.1963066992606741
0.08613236639561794
0.35203510828791984
0.3389912635000698
0.29399219959363165
0.3630958318815285
0.2890076996408695
0.23149172150915298
0.8487122084007774
0.24501718528113514
0.1631286264707743
0.18613236639561848
0.08613236639561794
0.034985377296074205
0.03302522266302521
0.22431647782167374
2.14692276283861
0.004003920187427568
0.1341077666751911
0.12153521856646865
0.2782149812784933
0.008199753300638157
0.15609619836359645
0.1370598639364875
0.1335109265148331
0.0816230718307569
0.26850239148362043
0.6697678753591241
0.22496986397272067
0.3306996641678701
0.31099230035913017
0.14292968917625437
0.366359662389522
0.18267083901623327
0.2861323663956181
0.09481043605369788
0.10834226664948154
0.09710069159559165
0.35577488939065205
0.13767077328194244
0.20993114168861915
0.4632961451667539
0.3796941915103149
0.21724559696702528
0.8242107169207458
0.3672045216240747
0.2861323663956181
0.35103652465374324
0.013867633604381702
0.2664857410953996
0.15910047760678747
0.17811135723811677
0.17638019592923726
0.25437311818536124
0.27293678687034184
0.1833091550732826
0.3242433928466406
0.41669084492671793
0.17032556554829092
0.0007891854005412924
0.18280018369557194
0.31765576624879444
0.0006386683095920276
0.2523577365261067
0.16000811445712948
0.03222113053652542
0.3007492294117746
0.21433741925847727
0.2649700615070181
0.20688044199771394
0.1354184214648484
0.062053060380795166
0.31153002655245565
0.1349994716989773
0.3044961313586718
0.31856187548490666
0.18985658361554236
0.3300315735652948
0.27227279209681754
0.10159951602840511
0.013867633604381702
0.2909488376566589
0.21176718854395205
0.2658241442686258
0.2141516466461475
0.11882142065624368
0.210143416384458
0.30834226664948083
0.1720942790809845
0.31487574614330605
0.33633502699909634
0.016021530389710215
0.3217802700166601
1.6101434163844583
0.3443657058688281
0.10552851517648065
0.004587514197671005
0.2253601346257259
0.14390380163640337
0.3302856368159457
0.4636649730009035
0.011767188543951868
0.3143374192584769
0.331327278343414
0.101517285244908
0.42039925876712214
0.24647142986151138
0.12560886689341455
0.3761993221675306
1.6797923171254947
0.657160284766058
0.32945123861321424
0.30255431167648617
0.1325213101827334
0.316360194960815
0.4259746255266421
0.15396519237892203
0.10402683759926656
0.07067747451272322
0.4051937805687862
0.30936991462253616
0.3260896458710256
0.12095375836079292
0.03648354300812162
0.2707523284833169
0.1315957770307623
0.256096198363597
0.31887987047322675
0.4346434625879745
0.2941555347384579
0.28293650862053177
0.40514893052287526
0.027241420665639282
0.17483053948618643
0.04062787516231925
0.0819882705903785
0.272987150493341
0.33464346258797484
0.004345954755199166
0.2214390210494308
0.25197044156922566
1.5505148387919254
0.1658419346725175
0.06921163699104937
1.4105751283069274
0.2601602626687676
0.09421167197235736
0.16348332903903895
0.17761812314546255
0.21635377839497671
0.0386648716790674
0.023183629647283155
0.17759947736838377
0.1748056928615549
0.31833714738902863
0.19834767944020193
0.3560568070742054
0.27303595780136725
0.4107470144458709
0.4360445240047426
0.12208264265505164
0.4018385940419922
0.16278526482536915
0.012156465173954523
0.21297993705754337
0.3949154084903803
0.030594322990221023
0.5934429942831816
0.04910466426566362
0.18709978798133253
0.34410432013845327
2.047642263473893
0.2508796578452799
0.41201266683838345
0.23281156263579916
2.470680620923023
0.18985658361554236
0.210143416384458
0.289856583615542
0.16818419855659172
0.6994630811436586
0.07856554117399561
0.054713877106451925
0.6101434163844583
0.12419471900297907
0.34170657742562227
0.1850997251008959
0.17427421821121403
0.2916577333505188
0.4921913564148612
0.16533816841556437
0.2797016956632703
0.029451238613214414
0.09094883765665873
0.20655700571681912
0.20852669212662533
0.3541421585994229
0.2093372131094231
0.08020480429222321
0.21163809665671085
0.39736020033542196
0.18985658361554236
0.6818568213398315
0.08345501596004024
0.11122905824396412
0.31761192075524214
0.23247041946070457
0.3579567084124342
1.080189615031232
0.2670699168375954
0.24390380163640302
0.06826017666975925
0.3758892510587186
0.0024652890553111817
0.21492503449093903
0.2940370113932964
0.4064098908152509
0.4074760672602853
0.3390526842077879
0.05712902144455967
0.201838594041992
0.04892029159107825
0.38573287976395854
0.41014341638445817
0.23279547837592585
0.38550507881177865
0.16500052830102252
0.19401675492471515
0.03462994344905734
0.13374780569018263
0.31196178392640306
0.2261323663956185
0.2860749230234241
1.796598083507046
0.26655711041466024
0.45941858570973526
0.11635377839497707
0.06454490853743344
0.10764730241437004
0.3051973725889834
0.2527927263790879
0.930788907922083
0.05198464694066196
0.2604084919876719
0.2794196762467127
0.1556140340776464
1.855757496750659
0.2859734905733813
0.15132416720255293
0.25194849428208776
0.20688044199771394
0.05194849428208759
0.21272265848428873
0.013867633604381702
0.36705511912526667
0.2991840111099595
0.33006296895832143
2.275724468356289
0.3022985268695102
0.2838541787978439
0.0005800258302945949
0.19165773335051917
0.07483181088634527
0.3070234234420166
1.5130559402584094
0.07555356234514665
0.12000595224272015
0.07684180077854652
2.810975557047273
0.4432568086842421
0.16416677604142116
0.32087273325410237
0.27358876843769764
0.22427553164371083
0.16458702754169252
0.2225805679989934
0.4416545941156862
0.2681879285783211
0.2660242756836979
0.27033345827842314
0.0632736345270013
0.24219794246485904
0.18896323877291632
0.36813164883035476
1.3220226350871807
0.1621408898524539
1.4949756439686466
1.1487122084007773
0.09480330875637222
0.03453761122116461
0.07929618317547948
0.5480515057179121
0.13993693521383221
0.30782642117445214
0.18545153205850973
0.3331258417403511
0.3235369318109189
0.013867633604381702
0.2618427635315044
0.005148930522874906
0.49536624662792494
0.3966614132789479
0.0036737863549989314
0.24337902162007374
0.26079494411422033
0.15791639955113368
0.08613236639561794
0.0880407178432856
0.33168669782848603
0.39218117992408885
0.12427466263058573
0.058621125955999887
0.2681362430586951
0.5079377357891595
0.12093925862125854
0.17789694269185752
1.4485767486989465
0.05258546745525017
0.2641667760414208
0.268315843849944
0.3139461623905948
0.1046337533720747
0.07205252134241213
0.06531231736416387
0.23344288958533976
0.03583322395857902
0.3246094363691121
0.06351645699187802
1.1721364990277259
0.5111207624849445
0.2208560893442506
0.12508543938121708
0.38007720528929134
0.13633502699909616
0.11057512830692673
0.22940491827282283
0.14839814413307906
0.31583459206411035
0.21928115861068243
0.34937893850340274
2.026446714362157
0.9391975808556046
0.0012440882691437949
0.09784398404785932
0.17216993531064606
0.2120804775448022
0.049607466982027226
0.27366172173324266
0.2651521947915185
0.417733617317416
0.1322658438375841
0.2259671719083851
0.1775224320720179
0.32153521856646883
0.18750905907294424
0.556767114515103
0.11546807338245202
0.3516284367513638
0.3073790254618176
0.2878347276924522
0.32143018439067284
0.1652191807184069
0.013867633604381702
0.24713701826720236
0.3178314934812896
0.23224301716827078
0.35987680439241565
0.15294405660497468
0.0654773475322532
0.7251118116163866
0.2226991207881177
0.3510955788843013
0.017013868249541098
0.31617205173526663
0.9287547751368352
0.1201589053294434
0.1978185018944334
0.4271166437152649
0.07446226888876684
0.23069966416787047
0.11386763360438223
0.008893366820250215
0.25476212751999583
0.2911971216327771
0.10300202239440104
0.05675789196943448
1.5109755570472743
0.18529945668635328
0.33633502699909634
0.3518351690264314
0.28104973962301116
0.4733750046373597
0.14503300092756088
0.717246002406748
0.33633502699909634
0.21074701444587074
0.6554482279870619
0.14503300092756088
0.31780570767756444
0.16825901927962317
0.2916577333505188
0.362053060380795
0.014612439096870489
1.0974508204090885
0.2749145606187824
0.370200108509362
0.28942487169307274
0.33516952953116785
0.930788907922083
0.9577629454861247
0.14208360044886614
0.013867633604381702
0.09781850189443286
1.0030210473097467
0.11386763360438223
0.28622041878906224
0.16391598140299024
0.04572264836053641
0.09165773335051863
0.7857607656067298
0.02269067426561211
0.34137887404400047
0.011305094959950246
0.3427009698472716
0.09946308114365898
0.09812699650554269
0.2721699353106466
0.2812140264779508
0.03705975190016719
0.4420374049793505
0.4169993493999353
0.05461449260693829
0.07804038783860445
0.03669524419557835
0.1541421585994227
0.01661599784102119
1.5336951543297257
0.5940633464555845
0.2096182738957557
0.3226596721620876
0.2888792375150562
0.011528279159750632
0.3278635009722741
0.11347810866440167
1.2038248811756347
1.1144963818225158
0.3340495818695395
0.3060742312485889
0.32526038120896317
0.34889044045020334
0.7447895796421697
0.22801426220615717
0.3661168178439187
0.22107956627809244
0.11103939824463627
0.24744354040019623
0.13526614060216158
0.4401554129988936
0.21833714738902898
0.008267654992621942
0.023692854908721195
0.36752281325662217
0.11386763360438223
0.008893366820250215
0.27555356234514683
0.31878568650883565
0.16535752880724885
0.5480515057179121
0.15107199260945148
0.029155337027047423
0.16905442881884536
0.2330252226630254
0.32396025649517135
0.05884678418040146
0.03078836300895116
0.07355328563784269
0.6939761160977813
0.13249114207846002
0.34409054784821436
0.26089062793465345
0.3111104312059787
1.1579648711589883
0.22247756792798157
0.03896172335587256
0.03415806532748267
0.3633219025896315
0.39204800683098107
0.3966588000827045
0.40827760829280546
0.2226991207881177
0.36994264028361457
0.2635164569918782
0.25025882781913467
0.0019898273419176604
2.056767114515103
0.9368021564889846
0.2821487349440286
0.18146956835382255
0.22499341389472693
0.05496699907243929
0.09246010850650688
0.3757244683562888
0.26522784260902377
0.18613236639561848
0.3027074233492719
0.13796916560735983
0.39026378185019706
0.17347101227088757
0.16278533649884075
0.22696145156161585
0.8009543994633308
0.11903373568165243
0.3458578414005773
0.3473514213617275
0.05194849428208759
0.37423602210054696
0.05194849428208759
0.0623196186313173
0.3545355781098891
0.03499947169897766
0.37213649902772605
0.11057512830692673
0.4579413666562644
0.4755642309255892
0.12820638493712444
0.08348160074759381
0.013867633604381702
0.31515645388919467
0.3313149775403641
0.08613236639561794
0.130268541476811
0.4319585054172581
0.11906369746147583
0.09370613797358995
0.21383675900434618
0.3088153020669111
1.2391093720653465
0.2608024191443956
0.024593388888710876
0.14053559501743873
0.43344288958533994
0.0030281139766152876
0.39194401308327276
0.21252425176156997
0.047414532544750365
0.4169993493999353
0.2363350269990967
0.4018385940419922
0.3467206032672019
0.3210795662780921
0.19914191315503693
0.24279637933961595
0.08613236639561794
0.5519987052351709
0.20655700571681912
0.22865789722733165
0.08064665464596121
0.25414215859942324
0.22786350097227448
0.16416677604142116
0.23813676208903622
0.16366497300090366
0.4345226524677468
0.05684595152827132
0.1226596721620874
0.11856187548490649
0.013867633604381702
0.4342860473021739
0.33778532660365634
0.34137887404400047
0.28181480516289703
0.12910160250469094
1.2069761690088452
0.2812462124950805
0.3550022490992184
0.3780086951667805
0.06308875111414469
0.3455010586781988
0.0658018255281494
0.8043027843563451
0.20263979966457768
0.2791421302253383
0.017083679542412078
0.19617511882436567
0.1545808029393525
0.2861323663956181
0.19827953221417882
0.26075361150003395
0.2728509543033084
0.2804878269881623
0.3560961983635966
0.16351645699187856
0.3644487554190796
0.4330394611399795
0.30564728326747126
0.3285583650070478
0.1818369988824431
0.25599261266027185
0.13633502699909616
0.3092097305716326
0.13705095329096295
0.4290541397258325
0.056132603663477276
0.19676735646715215
0.2602967705146835
0.31617205173526663
0.3767933036602624
0.06351645699187802
0.470580978595188
0.07264343310541754
0.24503300092756142
0.33040700795623934
0.027323636620756098
0.351669856560493
0.5458578414005775
0.3419822688330445
0.2641667760414208
0.3889719993563361
0.007123340261840916
1.9293667158694836
0.0097362181498033
0.33604452400474294
0.25708284181702723
0.21741856290402062
1.9135722990033672
0.29465099364248104
0.00907580730916191
0.3316820145826993
0.3589511404504506
0.012235560440031712
0.44937713937410173
0.2450982246597615
0.14962134945411698
0.3864601656243085
0.3390426674165923
0.2673630822385995
0.20333012936816086
0.42865789722733183
0.29477287799753427
0.29582021173902184
0.2861323663956181
0.09165773335051863
0.18436705276738685
0.22331989510044536
0.3541421585994229
0.14686103139519968
0.3883894378447543
0.20177107424975027
0.041272186695759494
0.23050801368510854
0.07377310819370386
0.37618542465462035
0.013867633604381702
0.2616657530869002
0.34503300092756106
0.3560961983635966
0.26810977493641097
0.022731220221969828
0.29030124158395765
0.38992381043524027
0.02686330592458752
0.10655700571681859
0.4467949374772946
0.1879873331616171
0.06625219430981755
0.26647691213755653
0.10903976073063681
0.14897536524266908
0.13149724064359258
0.18957176300106937
0.08613236639561794
0.0647752150709886
0.3357289281146123
1.2208353576070277
0.06574770781035966
0.287120338241202
0.22756106783633534
0.12882966767975468
0.038226524410616136
0.2916577333505188
0.11346320051496495
0.2223868582413342
0.3327175925772341
0.208864006800777
0.6784855984418048
0.34478838193220795
0.2797017627420004
0.35838674197914067
0.0954354839057272
0.20423834476983416
0.22869977778042383
0.6248888882917782
0.3556140340776466
0.15902315048093385
0.018040340261932464
0.038408549700343464
0.35195404542657727
0.10633052232523088
1.0942536033944243
0.1330631773350861
0.33526614060216176
0.330788363008951
0.013867633604381702
0.6306163329030667
0.1130940267781817
0.7636649730009033
0.30952218949117594
0.18613236639561848
0.05307723716139012
0.24165567041491798
0.2549669990724386
0.3792484385609258
0.3882551605082911
0.2773008792118823
0.23627514738368127
0.544481255637729
0.35707031082374563
0.07429341135365775
0.6458578414005771
0.298755911730856
0.5066881852564835
0.09344299428318159
0.18646016562430834
0.25194849428208776
0.4161307761676287
0.2748881883836134
0.17997091978959112
0.023814575345380007
1.5072434030772115
0.28707248298154475
0.7458194620724736
0.18137569906525108
0.26535154969224095
0.29234146064475475
0.5908529007830481
0.2635164569918782
0.3560961983635966
0.1440073873397285
0.09023623710850348
0.2274404356470665
0.013867633604381702
0.32878996705736085
0.28330915507328225
0.05592891317426041
0.14313433732120906
0.14948516120807476
0.319764325637653
0.31999936005045093
0.20907917304900892
0.7093148685648192
0.3092097305716326
1.5337832706862145
0.03757717962859175
0.217890398757552
0.3183985161287115
1.7298339784372647
0.3137294189249502
0.2364835430081218
0.02744043564706633
0.15609619836359645
0.3251411569431486
0.8083422666494808
0.16921163699104902
1.048051505717912
0.09536295592330113
0.08613236639561794
0.06458702754169199
0.27890571185410096
0.34075844211249695
0.3308909129754607
0.36696053886002034
0.8018730034944577
0.7540300748143469
0.34276989835823635
0.22831565355220462
0.33303946113997984
0.10834226664948154
0.13832329251037478
0.010143416384457815
0.2935896456414646
0.004391103471955482
0.10107351157189726
0.339166051436262
0.2141516466461475
0.3534926142964778
0.18405427727064794
0.07016215859698871
0.19812699650554233
0.2706225218554259
0.15907287410441828
0.17355328563784322
0.8505148387919252
0.44528368263696194
0.3146480690996576
0.20386410769626284
0.3199388407075183
0.12498675867063636
0.04993693559602885
0.18272191556529194
0.008342266649481012
0.3760382147199408
0.044227952929985825
0.22876875981325462
0.2846235207206913
0.7855647701604855
0.1307883630089508
0.23545509146256727
0.12153521856646865
0.1985533071233032
0.14897536524266908
0.3840887682782945
0.330788363008951
0.3378591101475461
0.1136485441314603
0.11386763360438223
0.08545096231441018
0.2431540484717285
0.08184887679766284
0.2164230657055315
0.7811201295267729
0.3571859593592812
0.11151497667421584
0.32670036931079594
0.4339810834717115
0.8103706381020714
0.477613141758666
0.17689808707990995
0.38049890952111287
0.3481675290244066
0.17345216573955824
1.3098179603226177
0.3541421585994229
0.2103706381020718
0.2898697347251673
0.2549669990724386
0.3146480690996576
0.29234146064475475
0.04809994566807241
0.28398149648344884
0.28709978798133307
0.03078836300895116
0.2786087453830284
0.17955183672672437
0.2939002134108488
0.26024053115886403
0.4485632515999063
0.2649974684273939
0.10820566382875807
0.4721364990277257
0.18277805980688733
0.32430769271569204
0.19322223486839718
0.16351645699187856
0.3541421585994229
1.0101434163844578
0.3300265574545218
0.2774685830315473
0.3120132183856068
0.0781375533777231
0.1919299538601109
0.30834226664948083
0.06613356710050144
0.4397861464326791
0.13351425890460078
1.1458578414005771
0.3818661073082765
0.21306031460749963
0.127555084038371
0.2953321962055089
0.17364025110182357
0.47928415346957376
0.3549393433121377
0.3781750313246919
0.016676575782891057
0.013867633604381702
0.18651491645625384
0.013867633604381702
0.2818956688093621
0.1658419346725175
0.28283698873705276
0.15722782480595665
0.3229477867305146
0.354180537927526
0.21620828508187806
0.2004019645758417
0.1464573609777986
0.49121910002915126
0.25006306440397097
0.23045449763675663
0.11313435077429368
0.3586057822592652
0.023651519799761545
0.07288335628473508
0.011036761227083858
0.42914665534146845
0.02323225059612799
0.20838345449259243
0.7189502603769888
0.3048091960733377
0.2784533315453057
0.05427735163946412
0.30183859404199254
0.07548018884836782
0.2849743962219584
0.18497439622195788
0.27130022221957617
0.0632439423998532
1.512012666838383
0.10884314081797708
0.3877761422932551
0.05453294385859131
0.09119712163277693
0.5773403278379128
0.330788363008951
0.33729611456070785
0.04904423329865715
0.15862112595599953
0.23078836300895134
0.28016200355980647
0.010143416384457815
0.045064846806771364
2.098161405958008
0.08613236639561794
0.27276756046910045
0.17807191297634084
0.31336661803123
0.38164493189174387
0.3175263495607421
0.3042383447698347
0.10940618841235761
0.15384763410075397
0.3122588091933274
0.2047175708923259
0.2226991207881177
0.04503300092756124
0.25047177315430424
0.5882343253308004
0.1609033929755439
0.05051483879192542
0.13088292556757786
0.24390380163640302
0.14177059882952037
0.1454876747966436
0.2914961814328372
0.28404124255662566
0.743903801636403
0.07894193849913211
0.14390380163640337
0.33729611456070785
0.2601602626687676
0.1500366517308258
0.26390847883102175
0.28816183471914947
0.2590273924099673
0.25962548847597944
0.2088028783672229
0.34478838193220795
0.2905493342399339
0.14223705451387492
0.271047024172578
0.3942116719723572
0.05047177315430407
0.155646205510088
0.23078836300895134
0.2873823315522852
0.36546238877883575
0.2044345517076236
0.17174234840841685
0.027198847095679213
0.0884717208402499
0.2676775200650354
0.3373798120457874
0.2859273103153104
0.31160797472410096
0.10865383566112374
0.25551874436227173
0.7773008792118823
0.15194849428208812
1.8771696235238196
0.30936991462253616
0.013867633604381702
0.9165828475440962
0.17684180077854705
0.20973621814980348
0.821620721007883
0.15132416720255293
0.2115282791597508
0.5154412789740581
0.18437161323987272
0.28878350014258025
0.18613236639561848
0.3879352920453254
0.17746858303154767
0.04323288548489668
0.09703365238438355
0.16728547415561135
0.11014341638445835
0.11386763360438223
0.3107198689687447
0.6242433928466404
0.3093180280892369
0.10834226664948154
0.31630772278370145
0.23499947169897695
0.5105751283069271
0.04996503269454333
0.15688972040714244
0.39882787615403004
1.5181338926917238
0.20319572097179162
0.3957947409241127
0.09669422140173367
0.2924431681337829
0.6173647552540036
0.310458094185055
0.03924638849996587
1.7623637882055423
1.0121564651739545
0.038015104627064034
1.176417714584792
0.3650005283010227
0.80111517877517
0.3277353533703078
0.18613236639561848
0.2505148387919256
0.3731130048526232
0.4721364990277257
0.03499947169897766
0.5177664486195992
0.15015537438280635
0.010143416384457815
0.38986973472516695
0.013867633604381702
0.2123923638128682
0.6222851766478605
0.304621668926794
0.06041834989942174
0.22473012881739862
0.4575873618624655
0.4380825284105345
0.21380907443129438
0.37255789190362165
0.2364835430081218
0.1369041681184715
0.5341077666751914
0.5314972406435929
0.34629686095116874
0.18714855506751338
0.08114825576397688
0.07800869516678066
0.15307262790195164
1.119795195707777
0.18412676344714018
0.013867633604381702
0.2600917293402203
0.15478537836652695
0.19435271673252874
0.3352328044675321
0.22438098491349212
1.0139207298518
0.4619872111155834
0.3545355781098891
0.15300648681083917
0.05006306440397079
0.18613236639561848
0.5742478696684756
0.1541421585994227
0.3628230552458618
0.22319873653203537
0.1129275170184556
0.2705487613867863
0.1495282268456961
0.27705221326948504
0.24323288548489685
0.26500052830102305
0.11386763360438223
0.19165773335051917
0.7294458711148906
0.2641667760414208
0.11014341638445835
0.015603436916872049
0.5816684553608873
0.6129002120186673
0.22355582762528847
0.09235282847981008
0.36701413449852005
0.013867633604381702
0.27110747284777936
0.012600154633926941
0.7947463473191192
0.31931996461460166
0.19119712163277747
1.4737731081937033
0.15036973647247276
0.00021299417698461554
0.33633502699909634
0.27425415090065464
0.002712357042541136
0.4018385940419922
0.32229925379147595
0.3430863534483706
0.056874949508168626
0.18729884589566304
0.08613236639561794
0.2641386581234908
0.02341848993879392
0.3638801440860444
0.8083422666494808
0.30655700571681876
0.01813389269172383
0.36950463259081445
0.131646590280579
0.19153742760450054
1.0035631521628963
0.1215064889879569
0.32586452657402454
0.28446261396693906
0.2826708390162338
0.23258646142149608
0.4051966912436278
0.3283709826043619
0.22755508403837155
1.5541640877651934
0.7480515057179122
0.503092502490083
0.035956420908891396
0.43498537729607456
0.34390285344714755
0.05182106465251923
0.26389112413043314
0.3230614374976719
0.03853313442760253
0.32379121889636586
2.7266249953626396
0.36801591735260875
0.2919440130832731
0.08167549093555593
0.08242851853635091
0.39415553473845755
0.37779371390011107
0.010370638102071617
0.30073395308084194
0.2433208612589386
0.32688999542738273
0.3309815910598104
0.05172476237425094
0.33623487659002294
0.45628557213954046
0.09948244150786767
0.32229925379147595
0.6581133257750107
0.3438476974557183
0.09968203468832737
0.5832749308466578
0.705189563946302
0.15204100304498613
0.4726434331054179
0.2154994673413153
0.25906399247589107
0.3424250540410405
0.30655700571681876
0.013867633604381702
0.00478295646096516
0.3884717208402497
0.127555084038371
0.49590633711517995
0.4064098908152509
0.03303946113998002
0.27378366251558184
0.48727734151571145
0.0033556390764770683
0.17846478143353117
0.210143416384458
0.23390726091195457
1.875923037764042
0.25239710681784366
0.429404918272823
1.3906184507851735
0.15609619836359645
0.21217917798303176
0.16921163699104902
0.01879488770005633
2.85102463475733
0.8683133021715141
0.3636440230793756
0.24585784140057676
0.2683054528853397
0.3227293304185004
0.1649589768039288
0.2494851612080744
0.05696210516682498
0.29157480127934576
0.9483282734546714
0.3418539735339703
0.03378637012660146
0.14801641203622307
0.10137254965427456
0.15275894222685515
0.3958202117390215
1.477475924646808
0.2465213443718266
0.6518490051923145
0.06188382315381524
0.1765416401012141
0.3138676336043815
0.19661474286036373
0.055431768822907124
0.2867853579052486
0.08613236639561794
0.26725334545905177
0.02968907459132364
0.310458094185055
0.11001709024829598
0.0175465401523196
0.21981148563508413
0.17427421821121403
0.18962936189792856
0.09257468102868316
0.34396667727731867
0.06100873649993055
0.28798733316161673
0.13821131201844317
0.048674676007508744
0.3300315735652948
2.113283976460485
0.36697477733697426
0.43919758085560456
0.02674111821331504
0.1998966233800985
0.3283709826043619
1.70437229065673
0.3714124119767481
0.21057512830692726
0.059098236254058634
0.34189609485761174
0.2972658085044131
0.6934429942831812
0.09613589230373698
0.1567671145151035
0.1498303155180034
0.184926047070876
0.09030124158395747
0.19066278689057636
0.09302728781425351
0.3086120186543493
0.1545808029393525
0.13196523025246876
0.09302383099115463
0.2861323663956181
1.1548343479814331
0.6314006873921691
0.025260381208963345
0.35509080868518694
0.10973621814980294
0.2506168159472395
0.45496699907243876
0.1615914502996567
0.14273246839420484
1.8549669990724391
0.24518931754929518
0.11006681172443322
0.08684527224979721
0.044007387339728865
0.18743817141682584
0.5169310660457214
0.19911406512406948
0.04585784140057747
0.041378874044000646
0.3290726729672837
0.2860921599121671
0.007919414938579727
0.3885160265080305
0.015297675551456003
0.30862690102286106
0.2858037297430247
0.1279130768814003
0.23993693521383186
0.971210032942639
0.3590639924758907
0.0440057914146168
0.05684595152827132
0.12458640811263155
0.18774119080667262
0.2736761651552886
0.2849743962219584
0.07927853436213361
0.1821653146468858
0.060802419144395436
0.19119712163277747
0.2377853266036567
0.06971436318405377
0.4825087572517601
0.0658237242265276
0.21986028777863353
0.4126226958059718
0.021535218566469005
0.3717558064051705
0.18613236639561848
0.6513338266029383
0.3900348290316007
0.96145611091994
0.023183629647283155
0.1854234253123579
0.21719981630442753
0.46349329795530725
0.3504717731543039
0.32320678534111735
0.23353698276035662
0.037168326477540425
0.060802419144395436
0.33399304686345666
0.25399106024907425
0.12952818519884968
0.2175349448423205
0.33295977241784236
0.22273855243319218
0.3284273636966635
0.2281587192693877
0.03415806532748267
0.338177505527014
0.4467949374772946
0.8322430171682704
0.17717271489451125
0.06221612533544896
0.35729903015272857
0.17355328563784322
0.1860197542294113
0.3124133854325972
0.5300950445141721
0.10764053704195664
0.13498537729607474
0.2449325911294249
0.2861323663956181
0.33583322395857884
0.17289145706872322
0.3685612817869277
0.6349994716989773
0.09812699650554269
0.06133512832093224
0.020673567755491895
0.1642498642304453
0.17477854857700414
0.17417403023614142
0.264478405617643
0.04290933763419158
0.16416677604142116
2.1252183884677063
0.17961897191046639
0.37336295132158615
0.02210305730814266
0.01762405202720796
0.25194849428208776
0.10340833019067741
0.32102827544361645
0.1307883630089508
0.09553450093075799
0.49180024669936184
0.5120126668383831
0.13633502699909616
0.23045449763675663
1.7005057663949046
0.15084068844187115
0.15588063552820408
0.14930298165092992
0.2553070664312713
0.14516565201856668
0.004621668926794165
0.06689308995157006
0.38098271607155976
0.1663860877860266
0.6493426623891061
0.09059381158764257
1.3784647814335313
0.36830545288533934
0.1847985308168809
0.2422164944084022
0.17290410742434403
0.03307756016350094
0.3270632131296587
0.10572408633259656
0.21225880919332685
0.5720833865308563
0.19165773335051917
1.478565541173995
0.03499947169897766
0.09840048397159507
0.008061383842132841
0.1201589053294434
0.4437889487782032
1.309123205917948
0.11653754864516852
0.41056589569955193
0.4894248716930729
0.19155340987406788
0.3590639924758907
0.23078836300895134
0.14503300092756088
1.003966225122248
1.2480515057179122
0.09629035461663626
0.218785686508836
0.5103757211362341
0.2906851314351808
0.29521488455775824
0.10842519872065459
0.0220104555090046
0.39358964564146426
0.256096198363597
0.2385438890800602
0.06584193467251698
0.42824850459461583
0.2463717854830243
0.7049255118322595
0.3555187443622714
0.25868207772066754
0.37846478143353135
0.2358332239585792
0.280137707020506
0.13418267120295102
0.17399809996829863
0.6452592800866537
0.06999272901130915
0.3021348639732171
0.2911971216327771
0.26388014408604477
0.025608866893414906
0.292903546495328
0.24053559501743926
0.07059651490119556
0.19434657199297067
0.24680842905677203
0.3480515057179119
0.2802048042922234
0.3335109265148333
0.09662251385082321
0.33899813412785385
0.27552355140770857
0.23452265246774662
0.2766853218442007
0.6615282911703506
0.2995217902050946
0.6762097693656433
0.41352037315490264
0.36950463259081445
0.20808157322770082
0.05194849428208759
0.024275531643710657
0.32233129553820206
0.31962736479020215
0.1610087364999302
0.2125345090234667
0.1770498838877268
0.3545123252033564
0.07925183853550077
0.305646399465477
0.5969168051029996
0.23369477498975932
0.10637907037513017
0.40969875841604253
0.3691627490351008
0.18380091260048737
0.18613236639561848
0.47239421212723354
0.4334537948419932
0.295787952276525
0.13876363124402147
0.6805375367282451
0.3376707732819426
0.10733329207194497
0.28674229769575454
0.5255377311112328
0.11586121846711706
0.34675463813701235
0.3097362181498031
0.4520287598097861
0.5895325624827636
0.3084968365068761
0.004660479076044943
0.7608088302239899
0.18315400299105455
0.6496302635275271
0.14795474745749448
0.9577629454861247
0.2991020589830491
0.2806607284657119
0.13792277544599418
0.33814858915634893
0.010517231596253396
0.7753905636308875
0.7649080623176143
0.2941555347384579
0.14613879135901975
0.3582471345404592
0.9458578414005769
0.36713608417654253
0.30898007354761514
0.23899126350007016
0.1682601766697598
0.22265967216208793
0.013867633604381702
0.32187574138399455
0.04612864187457255
0.3096926276353873
0.34718228618660163
0.06612631472908426
1.308555553407941
0.07847956696637315
0.07888151834615531
1.1173291609837666
1.337913121266542
0.10109935938214498
0.32438098491349177
0.1358809047653926
0.20143567208705448
0.17386507095216608
0.21566960376618205
0.1386265122194299
0.30905523527636447
0.3104281283111838
0.6846245728434415
0.13197500470016
0.18939716175619203
0.019145674701170456
0.32233129553820206
0.01716301126294706
0.02102827544361663
0.009209730571632768
0.055770658235554826
0.34252498624701566
0.09378864306989154
0.28888956879402183
0.37264343310541825
0.18716570240302488
0.350144281803491
0.33377974295762947
0.11947425532924871
0.27293607228258576
0.12340264177009441
0.21856187548490702
0.2846468554846684
0.21321464209475138
0.09305284298370875
0.17821061990393616
0.18613236639561848
0.20255040617088227
0.25314373263199386
0.2944155067641443
1.0545339617487244
0.2685993126078312
0.07570720201926484
1.4219913048332193
0.16133512832093277
0.14948516120807476
0.2615424084369149
0.14812768013723687
0.23414963866194327
0.01172930632292779
0.3227725728371542
0.11239236381286855
0.508342266649481
0.7386017753942378
0.35950426723047446
0.013867633604381702
0.3520916184004541
0.37970176274200007
0.2494851612080744
0.3806528713506223
0.47941330699987805
0.25680803424575593
0.3556140340776466
0.11521716474622856
0.09774973671653076
0.2209115248452589
0.03648354300812162
0.14330465574259588
0.4048091960733373
0.35051483879192524
0.23650670204469293
0.0884717208402499
0.06866684323955585
0.4197951957077768
0.018250173720208984
0.23149691641411252
0.09165773335051863
0.11630772278370127
0.41386763360438206
0.38942487169307327
0.0972876429574594
0.1001367094170531
0.18613236639561848
0.2589999709104269
0.33855512151845524
0.1796007412328775
0.21097555704727355
0.289571763001069
0.17665249027530727
0.07396438103787162
0.17123056038587148
0.19144444659205906
0.010143416384457815
0.07493215655550678
0.2317409807203763
0.15547574363312577
0.05546851196670133
0.6443116248576644
0.07213649902772623
0.30655700571681876
0.23517281546432578
0.176659750935924
0.4689055646163096
0.11386763360438223
0.3085107043805877
0.10944439655049631
0.26458702754169217
0.16648907348516673
0.04550105867819898
0.036809268902013415
0.2901295372875339
0.2867853579052486
0.2839390244196167
0.19165773335051917
0.05696896308385657
0.011648697954911746
0.12112602785591253
1.148726907274341
0.5007288544482273
0.39685076982689704
0.2822335513804006
0.3482209427361269
0.3773044737656637
0.07377310819370386
0.08985658361554183
0.26516711249351843
0.24038130291630466
0.0840887682782947
0.22786350097227448
0.2861323663956181
0.44537728280434585
0.45435645788516865
0.26570484589996113
0.13423828492650358
0.03181207142167963
0.15871146262060343
0.09030124158395747
0.6043557864650442
0.0538348146687726
0.6613863626666916
0.11386763360438223
0.10952218949117576
0.10653168135542135
1.1188334383664582
0.08613236639561794
0.2231498773146976
0.2547991243868939
0.24448670573099385
0.14390380163640337
0.18613236639561848
0.059083135543316345
0.3661168178439187
0.2852994566863529
0.2969718860233854
0.29234146064475475
0.2916577333505188
0.1428397152339418
0.1394616874850012
0.020425067231988336
0.22706321312965816
0.3538348146687724
0.01784442577935419
1.0437889487782028
0.3165828475440966
0.02357052345855859
0.25721874887169704
0.5448117883551138
0.12427641122058475
0.06921163699104937
0.3226544393374313
0.252505884117455
0.3090170187929857
0.32335479273853096
0.29351559649155945
0.2705487613867863
0.1758939822042933
0.15230342909093775
1.0316828502916646
0.32458640811263173
0.9114286540391161
0.03919758085560421
0.1562696331377431
0.2226991207881177
0.13408220413826655
0.1613002963450647
0.013094026778181167
0.26362547839582007
0.31986081360744123
0.048104631626696204
0.2226991207881177
0.1226596721620874
0.2913807450711179
0.1409216728066962
0.08985658361554183
0.08011733522389175
0.26713760440537193
0.2274404356470665
0.019068741204882222
0.06416677604142063
0.32238685824133384
0.33302694543097733
0.04931893572844892
0.35203565292862127
0.1754066111112893
0.8105751283069269
0.08848502332578434
0.013867633604381702
0.24323288548489685
0.21516024600136596
0.3541421585994229
0.3194742553292489
0.15496699907243894
0.2364835430081218
0.2635164569918782
0.19161525069981877
0.24431839381006704
0.08283698873705347
0.3728328822335847
0.45033469502286927
0.19165773335051917
0.1292211471792264
0.005528172708094914
0.2568459515282715
0.30688302575662973
0.730654806356684
2.1921913564148614
0.21906475671732473
0.37054876138678594
0.2646275310527155
0.28942487169307274
0.2789359383924346
0.5251832666316183
0.009039760730636281
0.030399825393233826
1.20236776736993
0.7371630094921269
0.7569074649604737
0.0498957897657224
0.22549259256347298
0.35199379636856776
0.3254998630295294
0.13975946884113544
0.33351425890460096
0.3560961983635966
0.2223312955382024
0.3238006778324696
0.3866333819687702
0.15609714655285245
0.26249472312226274
0.14053559501743873
0.13301410595637186
0.26611681784391905
0.1802984287239866
0.01746639010229245
0.03428604730217444
0.16830545288533916
0.10749207463028299
0.034387601975323534
0.3097362181498031
1.5556975620948812
0.2893158161774423
1.8107648005151802
0.2785591478867566
1.5053490063575197
0.5526455023505621
1.1645870275416925
0.24119005146333095
0.2633116606804311
0.15599420858538338
0.2299247039635528
0.14585784140057712
0.12001091869771674
0.256096198363597
0.4523469072874251
0.19124645772379623
0.25104037048474126
0.6138676336043822
0.36949227155730036
0.1824364588234424
0.2586816340006557
0.7786084540391816
0.5567578919694345
0.20597089870372898
0.6934429942831812
0.305646399465477
0.32102827544361645
0.29763223263007
0.37833713114942835
1.1602405311588644
0.06416677604142063
0.031653307306782175
0.24219794246485904
0.013867633604381702
0.013867633604381702
0.10377427358012437
0.26720452162407415
0.16345700124761553
0.32953640039944965
0.49344299428318106
0.1573758335465385
0.26328028811992965
0.3068699475930252
0.3890244429527261
0.5791085285318847
1.384646855484668
0.13169454711466066
0.07496247763103803
0.24322173785808232
0.2166512329112873
0.11271685095946893
0.3293533823995478
0.53303946113998
0.3483599839656204
0.0539648419269545
0.33810212183025534
0.08613236639561794
0.4767126895437084
0.15149921595643434
0.24323288548489685
0.199433112218931
0.004732299707757015
0.4613982246057624
0.2044345517076236
0.3097362181498031
0.30183859404199254
0.2595935123346571
0.3580435316536832
0.6811638941031273
0.2447883819322083
0.1642353319265606
0.16313153762454657
0.4407388944256381
0.4812321726337485
0.10180902638594436
0.08942487169307256
0.31522248006904974
0.3871203382412016
0.4420374049793505
0.3411016799933453
0.14189609485761157
0.2615424084369149
0.33094557118115464
0.21378752734015016
0.2956844894077708
0.36128051607443723
0.3148208920519977
0.12831731557336834
0.38144790281882646
0.31800532979492324
0.19793814257597298
0.21097555704727355
0.08962936189792803
0.06359698371005074
0.14491723638283904
0.20235931098082371
0.02341848993879392
0.2916577333505188
0.33698890581303154
0.23781271568753226
0.2943465719929712
0.34647933173454426
0.26368258631709907
0.3560961983635966
0.18391884128477543
0.38942487169307327
0.013867633604381702
1.0414818593174866
1.175390563630888
0.13519746053913817
0.11381772742120777
0.14726542122065656
0.03583322395857902
0.15203510828791966
0.12636658795850675
0.28942487169307274
0.3404555164869443
0.3275092563928865
0.2560645156028052
0.14503300092756088
0.2514376855871223
0.2641667760414208
0.5660350724070744
0.1650927143825509
0.2635704044856375
0.08888956879402166
0.22350462249262826
0.1430925350395258
0.37646306818908126
0.25985382642220856
0.21132748563763748
0.34909593952543716
0.6869708739532534
0.0972876429574594
0.0768980870799103
0.1440073873397285
0.11386763360438223
0.08242851853635091
0.1753502711935404
0.18896795586968373
0.11882494909658536
0.031283634782465874
0.10592161413951917
0.11386763360438223
0.01805318168726
0.87873923798705
0.14550723136604393
0.08283698873705347
0.03766171655248307
0.3558471421830891
0.3191456747011703
0.37628984955771116
0.38497439622195806
0.2421302900052904
1.1120647079546746
0.00024688022137642207
0.20441521712156963
0.2431343373212087
0.3650005283010227
0.4016352640410661
0.02320669633973793
0.5639554759952574
0.2940165488937332
0.2007339530808423
0.0387532209865773
0.3735887684376973
0.23306317733508664
0.14493259112942436
0.78747574823843
0.08436705276738632
0.054799124386893716
0.027749230136516978
0.39264043191262576
0.12151440155819504
0.3550913515064016
0.35475755682881704
0.502866332381231
0.39882787615403004
0.01661599784102119
0.020586693000121947
0.18613236639561848
0.08327837078455769
0.7523168261054494
0.24185318877610307
0.1892801310312553
0.3894798760285241
0.3676690685123827
0.0123451826384402
0.7784647814335308
0.8047855093392595
0.08613236639561794
0.03997169161425784
0.18609938334527953
0.09937568520874951
0.1622475156527452
0.032766910522307846
0.13598007933606926
0.04749411588254482
0.19059381158764221
0.41898939898379517
0.4726434331054179
0.5439038016364037
0.29812699650554286
0.16416677604142116
0.36301109418696864
0.261001403571564
0.6096987584160427
0.09415553473845772
0.1012158783876318
0.2681879285783211
0.32457318295748117
0.025486499011519115
0.277806533480609
0.3038641076962634
0.03479800144995071
0.26029089744248424
0.24603054627270993
0.4169993493999353
0.3242927979807355
0.17427421821121403
0.3358809047653928
0.035071477490707714
0.0954182404441637
0.14029778980274266
0.34866617339706174
0.212181774201885
0.289856583615542
0.2816449318917442
0.12410840257297906
0.38942487169307327
0.3611790504343695
0.28556477016048554
0.29251097549713556
0.09302383099115463
0.3643936778230916
0.1702122637326866
0.008103529488146854
0.08160179820617941
0.12889818736192993
0.17601597557920812
0.018800276005234373
0.4294417997271651
0.55321421630053
0.294806219431214
0.012881422237433604
0.15479912438689425
0.010150506941489112
0.8019113211468971
1.6978184170056672
0.4380825284105345
0.364607786517289
0.8523469072874255
0.13633502699909616
0.09264352251056263
0.2422560256387456
0.35694430480029204
0.022188819240401614
0.2898697347251673
0.4278773668396445
0.29980575955314137
0.13830256481587977
0.07309782628593098
1.9684049471855678
1.4766225586329123
0.441670927033301
0.2742425246784528
0.25194849428208776
0.2849743962219584
0.5009495789038958
0.14390380163640337
0.14503300092756088
0.18006763116084912
0.005844465261542808
0.41761623017722904
0.21818770418595346
0.22506784344449393
0.06704025501328825
0.33277743037759855
0.09010988597027225
0.1596254884759789
0.23302127315329635
0.03078836300895116
0.23993693521383186
0.11033543690494962
0.06077924769581067
0.847137018267202
0.051093685378504006
0.060160262668767395
0.2942038290827309
0.11720052523790692
0.35279272637908754
0.06214878322257622
0.256096198363597
0.05573812161343028
0.17665249027530727
0.3473049718164152
0.011821858832893994
0.3380823360848897
0.14379535675996014
0.029924703963552624
0.24321695166950708
0.1890244429527259
0.08573287976395783
0.19165773335051917
0.1665571104146597
0.11386763360438223
0.2172371958197541
0.22300070309422892
0.17746858303154767
0.2641302682174569
0.3073897051372736
0.12634371650999388
0.46780490374157235
0.34262234508564404
0.013867633604381702
0.33971283885725345
0.38164493189174387
0.6440073873397285
0.15067632762937322
0.27666118743151635
0.23078836300895134
0.1575228033726308
0.2730930958746196
0.013867633604381702
0.2096182738957557
0.02269067426561211
1.5547281689368173
0.43504102319607085
0.4777007462085239
0.2682861972639561
0.24390380163640302
0.16697477733697497
0.08020480429222321
0.39480621943121363
0.49673972494161234
0.06384434240673986
0.29234146064475475
0.2021683250317503
0.049528226845696466
0.6241947190029791
0.08902444295272627
0.04867583279744725
0.3941669134050194
0.330788363008951
0.2203491598676468
0.19622572641987546
0.04867583279744725
0.2699904170465981
0.09873709777515138
0.045064846806771364
0.32106406160756507
0.0437730959135445
1.4528177138133982
0.08613236639561794
0.44457554325841997
0.3573013399297942
0.47293607228258594
0.09344299428318159
0.33828242097643546
0.3623382834475173
0.34062787516231907
0.9767239079071697
0.27293607228258576
0.3015995160284053
0.23187856128317463
0.3532811195735759
0.3125242517615696
0.20866074637391563
0.07313358710838269
0.2671225741189289
0.1824166854046414
0.1605267379716917
0.49780693904610285
0.07846478143353153
0.9760868770823796
0.12145950065266664
0.3556140340776466
0.3257061390373295
0.26330426115201977
0.1890244429527259
0.05006306440397079
0.32959444186387366
0.16825901927962317
0.5595788979266949
0.03648354300812162
0.17038902347220386
0.14503300092756088
0.25194849428208776
0.3717558064051705
0.013867633604381702
0.18727734151571163
0.42542946464058407
0.18601287398256616
0.3842618783865701
0.3130190741154806
0.23028563681594605
0.3841009148496415
0.34910466426566344
0.3834171524559036
0.15205396202483445
0.2745135009884816
0.3565386116894729
0.00552851517648012
0.30592161413951935
0.20699783234134195
0.10961827389575607
0.3522193478127935
0.33051692051369486
0.11936527276989928
0.13344288958534012
0.013867633604381702
0.3330248178930013
0.46242282037140825
0.167522813256622
0.006557005716818942
0.14422475618321062
0.5400192441239762
0.26983564874478816
0.17128766464197653
0.23353023185648247
0.04805150571791206
0.49735837783624337
0.23078836300895134
0.10526615633557856
0.2342119304605994
0.013867633604381702
0.2901295372875339
0.04922274135461002
0.0833153475646986
0.5386648716790674
0.01148852740568973
0.155646205510088
0.10897042240039223
0.42616086794606645
0.07138619935906032
0.17672390790716896
0.46358882895783626
0.26961300967333024
0.18619940908440125
0.009763762891497052
0.012722658484288552
0.26117905043436984
0.34174400790655923
0.33334109127006606
0.17399809996829863
0.17333126221627015
0.265338168415564
0.25900506605210794
0.4733750046373597
0.1428397152339418
0.12881515854747416
0.6981909736140555
0.3934429942831814
0.36823947728413486
0.08823281145604778
0.701244088269144
0.25006306440397097
0.09604868604882366
0.44092712589558136
0.3427172520226591
0.556452016611388
0.08985658361554183
0.1290602466393036
0.019339160208484252
0.38942487169307327
0.6557745329160536
0.3015726572023514
0.33502993849298246
0.0372753372153003
0.03995930645878776
0.0447071832260848
0.11222710259088853
0.1158764977058313
0.065140713027664
0.2111255149925153
0.30264162216375645
0.3559151111553529
0.37255956435293314
0.3768163703527172
0.2608024191443956
0.15906399247589054
0.10124408826914433
0.24473333652656848
0.30655700571681876
0.13886044758707783
0.11014341638445835
0.4700975108682446
0.21718740998445796
0.13545509146256673
0.32756895985598966
0.55125659881939
0.3650005283010227
0.3556140340776466
0.3601602626687672
0.13662370997486306
0.1833091550732826
0.486099366038367
0.38708178469921783
0.14212267066333517
0.2799200280403653
0.2225314169684527
0.17846478143353117
0.6129002120186673
1.4886539064971283
0.12033075910750046
0.2283555001644766
0.2147242575093955
0.012080477544802015
0.36009142390627424
0.46921163699104884
0.10993114168861862
0.38694405974159096
0.04030586860181362
0.15688972040714244
0.19940073978185602
0.10263979966457804
0.25062286062589845
0.9181338926917233
0.3694919863148911
0.19165773335051917
0.2861323663956181
0.07970176274200025
0.17182835598027602
0.18280018369557194
0.3478025704889127
0.10924468103872975
0.11970157127601322
0.27976660957730193
0.23912370375609981
0.24954935287239088
0.46186323791096395
0.1890244429527259
0.23924638849996605
0.31270115410433696
0.5549669990724393
0.1541421585994227
0.07154752079734372
0.27752243207201843
0.49771135016942214
0.3028993084044087
0.3279474786575882
0.10397207091711813
0.18673345996338764
0.08882625498281271
0.08539287715272259
1.512012666838383
0.26818419855659137
0.4496653049771311
1.5122238577067453
1.1645870275416925
0.16351645699187856
0.5317154528203778
0.13761959794411371
0.2183982017938213
0.16018559917589315
0.43208106430829485
0.4104778825884887
0.21761623017722886
0.29911406512406913
0.13839551818851525
0.0968229960674849
0.15194849428208812
0.14587957629233017
0.32320678534111735
0.2693590530188015
0.36045635393613296
0.7906300853774644
1.5724530220782054
1.3203810280895336
0.024976438187536587
0.31082197878233586
1.1605267379716917
0.16362547839582042
0.25561403407764693
0.27427421821121367
0.14966530497713126
0.29400736278590145
0.46347902479954683
0.5244039253910291
0.24704906066969023
0.5934429942831816
0.22532745089442052
0.21752634956074246
0.3574082188689083
0.1530878611456652
0.2554562951545254
0.23415806532748284
0.18342041697418487
0.1456513213591233
0.3760397435048288
0.194211671972357
0.3328270724234983
2.111510873861299
0.03317924538717687
0.25938381890484585
1.4546507292431494
0.37628984955771116
0.3076405370419568
0.1875846053633481
0.42875477513683524
0.30655700571681876
0.20468255579602435
0.34897536524266926
0.1884876844113883
0.41239236381286837
0.2855567389432423
2.0959063371151796
0.12273855243319254
0.1728244796025704
0.38945878109612764
0.006976169008845012
0.13414995900738713
0.018561875484906842
0.33026254279602085
0.22617079221170577
0.41631471701184175
0.6085555534079408
0.060890627934653274
0.5807188413893183
0.22720210738901336
0.1882328114560483
1.2110367612270831
0.17170697379327304
0.19415553473845737
0.34503300092756106
0.02537813213596518
0.10565934606749483
0.34890442111569886
0.34494657205577717
0.5181630011175571
0.5800676311608495
0.3242003775874398
0.07636836814594528
0.1602297092764342
0.29703365238438373
0.12040032023433422
0.11272265848428908
0.14269549471889942
0.8201019625167341
0.06850773997112292
0.49180024669936184
0.14583591223480674
0.37575660715335957
0.16366497300090366
0.14761304606193892
0.30130105789982053
0.2985643279129455
0.31218966368663814
0.3537084731510003
0.02227437101802021
0.4442618783865697
0.002932767503991407
0.9618978781697445
0.2083422666494812
0.2854975005522906
0.3181511232023375
1.78806728609384
0.6988042798520677
1.2166908449267178
0.1117671885439524
0.21057512830692726
0.08854640783623413
0.05051483879192542
0.30655700571681876
0.1743873003688856
1.7813804204780332
0.2688697288838373
0.36527047168578086
0.17354370087170512
0.20655700571681912
0.38580752446496547
0.2083422666494812
0.1001047148252674
0.2948330188631001
0.289861776330671
0.17828276566801549
0.2888757759353098
0.00880287836722271
0.2409726075900327
0.07264343310541754
0.22482836562830855
0.3842618783865701
0.2225314169684527
0.2195013406653672
0.31896603116970823
0.28247365043925754
0.008041919864392177
0.7039513139511762
0.6515274167940284
0.375882613028792
0.07333126221627051
0.2861323663956181
0.6567671145151035
0.3559151111553529
0.06351645699187802
0.4343674869098093
0.21889552364540243
0.3054333831962879
0.021506488987956374
0.25995008451632984
0.1682601766697598
0.17801113423517823
0.008780899970848743
0.17846478143353117
0.20870831857318173
0.31896603116970823
0.33813676208903587
0.30806138384213355
0.3300315735652948
0.03815723646849545
0.2829043934381943
0.25390918985215194
0.1969074975099172
0.7388209495656302
0.1263382782667568
0.04968003196688908
0.03747747321181372
0.2934429942831809
0.3278635009722741
0.3541421585994229
0.10730979557852205
0.15979895109677678
0.35481469631182705
0.3105751283069269
0.5884617953520301
1.768716365217534
0.049485161208074224
0.2730587072879409
0.3282177591034845
0.3767133121051023
0.13720866858266323
0.12182496867530812
0.2789392180900938
0.13625633294255746
0.2499974978218713
0.2233146781557993
0.06480991981262996
0.11014341638445835
0.2263238348447114
0.015122832594323121
0.09804419597989966
0.2800611592924813
0.17600133730885759
0.28709978798133307
0.2408056133657439
0.2916577333505188
0.08313172415614467
2.5751423054519424
0.030683670066442126
0.5707954113109892
0.18253360989770773
0.13778532660365617
0.13139620090410276
0.46347902479954683
0.47561901508650806
0.710143416384458
0.24503300092756142
0.29154436652415683
0.3797057708427216
0.17706019566607445
0.20013670941705364
0.30655700571681876
0.04481178835511379
0.10128600510218799
0.3367828238180284
0.34056128936404306
0.22821775910348485
0.31072024179251834
0.3560961983635966
0.24886588337337123
0.1548976955385717
0.1764143350131544
0.2812391800012115
0.3024284032760285
0.2485767486989463
0.1074890245028648
1.416864496051307
0.4920916794434591
0.37337500463736006
0.3236410972109365
0.7204250672319876
0.1663574730130346
0.15015537438280635
0.3340631063622226
0.19543548390572774
0.3610087266815194
0.0829750732839889
0.2412695194545602
0.20802923376392002
1.1474941158825445
0.1459479284909717
0.22506784344449393
0.17540285255494936
0.29763223263007
0.4079377357891598
1.3022048967082993
0.4193533453540388
0.3560961983635966
0.36630484567027466
0.5773403278379128
0.17755180692075978
0.08104973962301099
0.0991864353080052
0.16182249447298602
0.013867633604381702
0.30073395308084194
0.024288313079440904
0.0864601656243087
0.1277353533703076
0.20805306292566073
0.12030754536525468
0.48283698873705294
0.31561144545795194
0.18613236639561848
0.27776064403002465
0.3973481856168437
0.18160397693537433
0.14858424635762546
1.5883920252758994
0.27634848020023917
0.42201045550900496
0.26913996194923406
0.2916577333505188
0.01842155121984579
0.225406199269246
0.2937722583593416
0.1429905933336597
0.2075848480899456
0.32153521856646883
0.018533277475563104
0.2899238104352406
0.13755941385663473
0.32631054796608083
0.2712969001367078
0.2363350269990967
0.5183550681082565
0.49397611609778114
0.14581946207247398
0.36830545288533934
0.2550908086851873
0.11524543902124584
0.3164811623599846
0.04165439101222024
0.24993693559602903
0.2843670527673865
0.26584193467251716
0.12082590754202638
0.14663450811442136
0.1767039784186517
0.22611066216403497
0.22427553164371083
0.30799876844138474
0.18962936189792856
0.002017114173120227
0.07386446360008758
0.14303011666806054
0.07511111170822193
0.32707440028708845
0.4773093257343879
0.24585784140057676
0.18613236639561848
0.04097260759003252
0.07439113310658563
0.33399304686345666
0.15592891317426094
0.0709458602741675
0.2431147730583998
0.638893699406804
0.20409366288482023
0.3078086435851386
0.013867633604381702
0.027734407856553567
0.2861323663956181
0.22874191178027203
0.09165773335051863
0.10662463292496316
0.32671782292533
0.13489379132087276
0.19757769005502013
0.1437303668622567
0.2685224597783744
0.28719159881705814
0.054799124386893716
0.3560961983635966
1.1698042408172569
0.18857649606930504
0.040921672806695675
0.2538348146687728
0.3164811623599846
0.3019898273419175
0.1761748719127132
0.039479689673105334
0.11386763360438223
0.1738525053764759
0.3041159500957278
1.7109866525918491
0.27158394992156154
0.4857328797639582
0.19165773335051917
0.19059381158764221
0.10990125139159534
0.08302943581852684
0.23290110887415238
0.4451991909551447
0.04515972020681236
0.011134120966326044
0.21108276887507493
0.1552777024644847
0.3146480690996576
0.40897042240039205
0.13374780569018263
0.1269156629014585
0.3090916285829177
0.3606171782697789
0.009803710679727295
0.29582083224322453
0.25153178436868906
0.11152827915975028
0.12850195087903327
0.1978185018944334
0.26188623972056924
0.3756190150865084
0.3071863013899563
0.3034083301906776
0.11386763360438223
0.31014341638445764
0.29918643530800537
0.2502901247277407
0.32878996705736085
0.20808157322770082
0.32941902140481183
0.23666544765782938
0.30973220347382124
0.41689029761050733
0.2818369988824436
0.2605716323550258
0.15500442138571113
0.060802419144395436
0.7560971465528521
0.3353296048226593
0.13164806334772283
0.33407330647060896
0.10980042905646581
0.21290021201866693
0.47869762828054085
0.3371931662278591
0.27490158123522157
0.16470864720572376
0.4240319583331287
0.025194307138445282
0.20514893052287508
0.13868279790566262
0.2726434331054177
0.1440096402106219
0.6527091223752706
0.1821653146468858
0.18957176300106937
0.4835310009339766
0.32932430200022544
0.3811634558771022
0.19905042109610438
0.3244673148764452
0.317811622546893
0.36503300719003207
0.18803948677947968
0.15121942148703038
0.24686438632780927
0.5060127933090817
0.24288780792271858
0.2861323663956181
0.34735407220812675
0.35609714655285263
0.05676711451510297
0.3188002760052342
0.12614551593127477
0.3560961983635966
0.29423597961345394
0.20969875841604235
0.8024588181112051
0.084335493840765
0.3545808029393527
0.9934429942831811
0.3234729585501075
0.1784795669663728
0.2930242341455713
0.12233129553820188
0.15006306440397132
0.05496699907243929
0.3689092420242037
0.2782811193350252
0.06319073109798712
0.5634351464743137
0.18703579201194387
0.2377922953009204
0.24137887404400082
0.11781162254689281
0.24386739633652255
0.22460943636911246
0.289856583615542
0.3409271258955817
0.39254157306283677
0.0026397996645783905
0.18302262947397274
0.030459887857976042
0.5079381445935232
0.30834226664948083
0.1812471686063546
0.6857907134221914
0.24581946207247363
0.3981269965055425
0.24072943803300184
0.04014349728581301
0.015249806245516417
0.23078836300895134
0.875121137937036
0.34221649440840274
0.30884314081797726
0.06921163699104937
0.6201075151872146
0.41111043120597834
0.22069520877218807
0.22956540311095708
0.3686013378726152
0.13171545282037833
0.26090339297554443
0.1857380328873095
0.3312344081483367
0.2076164502632798
0.11111884315619491
0.26766906851238303
0.06505113994049339
0.14801641203622307
0.06614188313550162
0.25561403407764693
0.32265140251058355
0.17501034983799002
0.45328111957357553
0.23266588506532138
0.039334711915349985
0.37586571936595625
0.16614188313550216
0.21838451036648543
0.37575660715335957
0.15716028476605803
0.10662832185964621
0.31001709024829616
0.18613236639561848
0.7636649730009033
0.17630860741647325
0.0796508401323539
0.39415553473845755
0.22516946051381304
0.04325680868424264
0.3635293469079137
0.37291471336226145
0.1354129724583082
0.1567756014434405
0.1504717731543037
0.44952822684569593
0.14262234508564386
0.31046055321376187
0.13575177539899475
0.3547853783665271
0.049485161208074224
0.19253818135214562
0.10834226664948154
0.20805333567566997
0.4670320551402245
0.009659752473353045
0.5166908449267176
0.26066528808464984
0.013867633604381702
0.18673345996338764
0.3556140340776466
0.2784533315453057
0.19302383099115517
0.26458157853515196
0.009732203473821421
0.3970336523843834
0.3363550619572262
0.5391093720653473
1.164937653799134
0.28942487169307274
1.7723942121272334
0.5244318823355769
0.2507121944795454
0.15194849428208812
0.5487805785129698
0.04389293435309671
0.1917896911245318
0.21108276887507493
0.1349994716989773
1.8137372159713854
0.3242433928466406
0.33828242097643546
0.24053559501743926
0.32229925379147595
0.40834226664948137
0.4064098908152509
0.2115282791597508
0.09014320117125862
0.10702342344201643
0.13063853245807078
0.021079566278092265
0.10829426789303565
0.06921109207791698
0.04726542122065691
0.41014341638445817
0.25414215859942324
0.6779516210910757
0.30655700571681876
0.07741996856970434
0.027191125679045136
0.3190434329128191
0.09297657655798375
0.2764942592863786
0.21651531971651217
0.15184900519231448
0.27670397841865224
0.4894248716930729
0.2008245422219872
0.20106936031204725
0.07786345128457572
0.4099811286669759
0.21895026037698884
0.013867633604381702
0.488889568794022
1.4186570601767565
0.13633502699909616
0.006813229311410929
0.08613236639561794
0.3480515057179119
0.5635851090551665
0.25303512268036066
0.25414215859942324
0.0548989065579466
0.2925568858793639
0.2226906742656123
0.11102800064366392
0.05794136665626404
0.32379121889636586
0.03231765138962661
0.07569230728430831
0.36366497300090384
0.37556811766442344
0.2550908086851873
0.15194849428208812
2.470680620923023
0.0026909110438451123
0.05205763403821706
0.002616283762482574
0.9623010244772106
1.024050439515979
0.13253708906196238
0.09890014414105064
0.063116153323028
0.26768676084651943
0.11752634956074193
0.24503300092756142
0.22265967216208793
0.11386763360438223
0.7784647814335308
0.23678282381802873
0.3353724689472841
0.7083422666494812
0.44429108277895235
1.8680074450269526
0.14244424726731886
0.11185478034367602
0.2494851612080744
0.40840695080712486
0.33548482954231496
0.34390380163640355
0.180936302538524
0.16701413449851987
0.199433112218931
0.19757769005502013
0.31874039808088206
0.02460943636911228
0.03583322395857902
0.1834171524559034
0.2934570698228054
0.08046208251443954
0.32473012881739827
0.17345578906610548
0.21562838676012674
0.08613236639561794
0.2456777629215967
0.19302383099115517
0.31001709024829616
1.1383311676746537
0.25839282261155905
0.03545509146256709
0.2610489182242084
0.41057512830692744
0.1637590220430205
0.267055119125267
0.13572085041982618
0.010143416384457815
0.22498965016201034
0.21781162254689335
0.1473945891276811
0.17961897191046639
0.02341848993879392
0.16133512832093277
0.4645449085374329
2.1181630011175567
0.2840887682782949
0.11386763360438223
0.06128051607443741
0.11014341638445835
0.6075398914934933
0.18957176300106937
0.18263524474599624
0.3027074233492719
0.08289931343286217
0.000885934875930694
0.6065403195284613
1.4593079279778474
0.23143398720346298
0.16657493170137005
0.08846179535203014
0.30884314081797726
0.40134751338127295
0.1381367620890357
0.36527047168578086
0.3784935110120431
0.15771146435432915
0.03241129720831726
1.7376310046709609
0.377137368700879
0.017755518102599233
0.09154436652415665
0.3350416992171876
0.023183629647283155
0.2083422666494812
0.09288816729592764
0.7527804418433757
0.014600815100897613
0.15760576848119978
0.38580752446496547
0.2995051315985684
0.020425067231988336
0.3308201765121801
0.23494913992542088
0.12253141696845216
0.23390726091195457
0.21650300727095484
0.2961053718673501
0.0890076996408693
0.37511111170822176
0.19515189130354216
0.19165773335051917
0.3876955626124525
0.24267201148529338
0.1349994716989773
1.146208552290199
0.11166472401611305
0.37575660715335957
0.5909208269509909
0.18985658361554236
0.7757072020192641
0.1432328854848972
0.2316945471146603
0.28707248298154475
0.09192995386011127
0.2452455986719002
0.4768825647862407
0.2106243625291384
0.018048715274667337
0.40495881633652075
0.3404819691987937
0.12427553164371119
0.19503141993394912
0.33389912393526977
0.1957708247910963
0.3134307175254758
0.1818369988824431
0.3261327887305381
0.3392207523041897
0.009244681038729219
0.00395595229644119
0.48039938325720666
0.14056128936404289
0.7642893403545035
0.08613236639561794
0.3390811438183583
0.3969380393436559
0.11429373927039244
0.28161852687894395
0.10297273487582981
0.26117905043436984
0.16416677604142116
0.20056688778106846
0.7150256037780416
0.189541905814945
0.2635164569918782
0.3082942678930358
1.393978665344604
0.1957616552301653
0.3231040537970298
0.20715355577702432
0.5101434163844578
0.16239678266954094
0.13814858915634876
0.9088028783672231
0.16351645699187856
0.3946509936424807
0.09331181474351613
0.7849463027129353
1.224519811151632
0.12694144167423538
0.39179433617124193
0.29297657655798304
1.8692116369910492
0.17770074620852405
0.07674354940252748
0.20655700571681912
0.06701413449852023
0.08741655444422403
0.3326329404855759
0.19119712163277747
0.25414215859942324
0.13132727834341384
0.2225314169684527
0.23082226151651142
2.2350499882761294
0.2356726398548119
0.3069471570162916
0.20702342344201696
0.2556678964222492
0.10637213152492908
0.012722658484288552
0.33150575824256023
0.36841898435627485
0.44585784140057694
0.2949524157314656
0.18613236639561848
0.15738197848491087
0.3666217929201885
0.460705582527587
0.16139846136362568
0.16068976417711323
0.00898007354761532
0.21761623017722886
0.16500052830102252
0.09822892575024955
0.08841201960920486
0.4725578919036213
0.2418597046875739
0.2987464676670104
0.6642098204514664
0.10017530918406692
0.2554317688229073
0.146611351714248
0.30128688628514233
0.17779282279791886
0.04993693559602885
0.17610298394052304
0.34638006910820884
0.3679625117185932
0.1714618735217579
0.14878057851296944
0.27208692311860005
2.182836988737053
0.559027392409968
0.04647933173454444
0.014256425373115
0.21752634956074246
0.1877728974091113
0.08166285261097173
0.30655700571681876
0.21993236883915124
0.31796790058413293
0.33377974295762947
0.3906455893223466
0.07904624163920726
0.010143416384457815
0.09848271475509218
0.1134470006762518
0.3560961983635966
0.13730603430782118
0.11882142065624368
0.6085555534079408
0.38020480429222303
0.5787392379870502
0.14726542122065656
0.3447249751206449
0.18613236639561848
2.182836988737053
0.21566725657964447
0.011607974724101133
0.4703334582784233
0.16499674025213196
0.27029002489371123
0.3724417411032821
0.49186371157389086
0.1816228654674248
0.05473883082735753
0.11386763360438223
0.1856625807415231
0.19358831607457994
0.14720727362091246
0.15496699907243894
0.046729861253862914
0.12278737091363734
1.2692116369910487
0.47303854843838433
0.06169743518412041
0.28724109635474804
0.4369415618192116
0.18066049375736082
0.21635377839497671
0.05194849428208759
0.1133104084999248
0.16831330217151397
0.35273457877934344
0.3247753056294709
0.08409988816967129
0.13707440339267496
0.024243392846640788
0.10548404646616394
1.7147456114212734
0.23369477498975932
0.37586817863769184
0.013867633604381702
0.053245361862988005
0.06309583188152867
0.07730087921188211
0.35309213354017643
0.19914954862964862
0.2931404653348615
0.09165782436335501
0.38345156944375347
0.3170631375966497
0.11272265848428908
0.08357693429446833
0.15194849428208812
0.1607536115000343
0.23295977241784271
0.654632480916014
0.271230560385872
0.3033175345802306
0.39992727184734633
0.01811084495393178
0.42931937907697737
0.36736368733361324
0.3742742182112142
0.38207350692643516
0.009097979413700052
0.0403336706661106
0.17765528437129152
0.013867633604381702
0.17202390667585288
0.02118672117640319
0.39066278689057654
0.4012984609172472
0.2705487613867863
0.20889801210237025
0.15814029531242646
0.2916577333505188
0.20807004613988944
0.5595959979822887
0.17058097859518817
0.31737281361559155
0.00880287836722271
0.10417931423801097
0.012415394636652088
0.2916577333505188
0.37078790377981363
0.18125960191911794
0.02171723433198469
0.22272083407277776
0.05107199260945183
0.32885764086854685
0.013867633604381702
0.1489447954504204
0.08613236639561794
0.15143768558712178
0.20969262763538765
0.28942487169307274
0.38497439622195806
0.7593721248376806
1.1636649730009037
0.7375350977309747
0.269137009203833
0.33517575658896526
0.0008159888900403089
0.2442251106093476
0.2779724220926951
0.2806991298214623
0.2809662643183479
0.3461254300110017
0.05862511276122806
0.1305830315941554
0.5132577023042462
0.18312677124449905
0.312591100730387
0.218989398983795
0.16463545769942733
0.2884717208402492
0.2940783858604803
0.33813676208903587
0.32438098491349177
0.3550044213857113
0.23993693521383186
0.09010981173381705
0.17184836449651453
0.09671700357834201
0.5156110575531967
0.02286263129912136
0.3735532856378434
0.4479589969550135
0.0020021828748006953
0.22650156065897242
0.08017841461814346
0.23389912393527013
0.3288321156052696
0.5719182080051546
0.3183914609741283
0.18194681831274018
0.13162667591591326
0.23833116767465334
0.2362348765900233
0.27704736505208416
0.3425260829932135
0.021535218566469005
0.1929041361175141
0.15427735163946377
0.40865383566112357
0.10609978658915153
0.20597089870372898
0.3648216677973819
0.2102964059434136
0.33539218113132385
0.41014341638445817
0.18613236639561848
0.02263283998315213
1.0540694160923483
0.9647338593978381
0.1958679333897475
0.06837332408408692
0.17483053948618643
0.265182689462101
0.1483515888890139
0.6562925453184301
0.16691438089065702
0.09808867885310324
0.5287461888394951
0.8693163299335582
0.3811634558771022
0.2963568253083757
0.13462253385873968
0.23065220856130253
0.41111043120597834
0.3756190150865084
0.01993236883915106
0.07574494668021448
0.6381775055270147
0.34726542122065673
0.0386648716790674
0.013867633604381702
1.2245933888887102
0.3213200536527214
0.02440392539102909
0.8236925739069569
0.31796790058413293
0.06850239148362025
0.9901962893202727
0.38020480429222303
0.2155070936685508
0.12728491204013448
0.4093544106776532
0.1226596721620874
0.28351665919730884
0.5164230657055313
0.38674826891603153
2.7110280006436636
0.12939941853930836
0.17071883667891807
1.782762804180246
0.29907728869307704
0.08613236639561794
1.5569074649604744
0.3289930751412893
0.012643935307868226
0.3280483472181306
0.015003085609772704
0.11386763360438223
0.011699058170046683
0.4832989265182439
0.33633502699909634
0.1665729179945341
0.36830545288533934
0.17656712193568325
0.23690416811847115
0.014612439096870489
0.030862990796167722
0.3728244796025706
0.23541297245830783
0.35412740914549357
0.05686487698688936
0.11988266477610843
1.1761456220221582
0.2776483892087942
0.25906399247589107
0.06279081041853463
0.010856410727805077
0.2635164569918782
0.019795195707777324
0.10333858672105212
0.24587933677660256
0.33596830096475117
0.13517281546432613
0.14373394585116728
0.10598345110626628
0.11718740998445742
0.1834171524559034
0.10973621814980294
0.4294512386132139
0.11386763360438223
0.13151449596436837
0.18552426074004202
0.04033471863472382
0.29141024457424525
0.6266790252085706
0.28707248298154475
0.12334750972469344
0.010992300359130347
0.10834226664948154
0.2988199411354202
0.289856583615542
0.06424822460100543
0.022701249495391984
0.16549643582822693
0.2861323663956181
0.2219295800573189
0.1054333831962877
0.3639807499611569
0.013867633604381702
0.2619850496261691
0.3560961983635966
0.2609400885741291
0.6005668877810688
0.36860379909589724
0.289856583615542
0.08985658361554183
0.6571121920772818
0.2363350269990967
0.15307723716138977
1.5480515057179103
0.10834226664948154
0.37755180692075996
0.18985658361554236
0.9773008792118825
0.32281763694855137
0.04078813832644901
0.07746858303154802
0.12912261200013742
0.2916577333505188
0.1935882557247286
0.8665571104146599
0.32939941853930854
1.8909208269509907
0.3097362181498031
0.30905523527636447
0.37076767479363326
0.08798733316161655
0.1215064889879569
0.2874165544442242
0.210143416384458
0.4167097371211348
0.2530064868108397
0.15609619836359645
0.010143416384457815
0.26500052830102305
0.3229477867305146
0.060253870602062776
0.03899859642843673
0.2549669990724386
0.29863397704693195
0.17730932573438807
0.04867583279744725
1.0667894797984285
0.5784647814335315
0.030538762189912028
0.2897035940565864
0.3386648716790672
0.2839154964361885
0.7863638855219461
0.27753624887395567
0.1314053408523117
0.228452479202657
0.044385965922353776
0.2125345090234667
0.11386763360438223
0.7386827979056623
0.06282692312747695
0.2822335513804006
0.3560961983635966
0.6773888300675086
0.0891780212176645
0.055075439393649006
0.47801113423517805
0.23353698276035662
0.2514418129744129
0.23377974295762982
0.33633502699909634
0.4560389183117568
0.35409462191456775
0.3357517753989949
0.35427735163946394
0.24954803788271995
0.4050807151830398
0.2177543728856648
0.3228165705451218
0.06876559185166364
0.3763484802002388
0.08613236639561794
0.19732471989379352
0.1307883630089508
0.41819440518442175
0.13155285014568996
0.22756895985599002
0.21245205794155275
0.18327837078455733
0.18613236639561848
0.31813389269172365
0.3146480690996576
0.10346545574159727
0.37502356181246377
0.23353698276035662
0.11261236572472821
0.037279399276912706
0.5003027399758126
0.1991921253296134
0.2174004037344357
0.36145684511155984
0.30655700571681876
0.13573803483308655
0.35670861757730954
0.20274328409862363
0.2817614943769353
0.06908434876715841
0.9861822725787928
0.06154240843691472
0.3246221402497369
0.006542930177194428
0.2730602277873082
0.2818661073082769
0.09906277091868709
0.06584193467251698
0.3545355781098891
0.29059381158764275
0.1833163210406834
0.20192479273695518
0.23993693521383186
0.15628557213954064
0.36696053886002034
0.07730087921188211
0.09305284298370875
0.29319066742812083
0.3278635009722741
0.3168682758438557
0.01866240632903793
0.24840537154375752
0.289856583615542
0.2314922600288778
0.17790917276303908
0.14062816499223985
0.21272265848428873
1.5188517442360228
0.3446929335687283
0.30422865963777834
0.16080241914439597
0.17493215655550642
0.040927125895581895
0.24093600752410893
0.3590639924758907
0.6773403278379124
0.12959480689868474
0.15592891317426094
0.09536295592330113
0.2784533315453057
0.2758052809970213
0.21502560377804159
0.06980424081725722
0.05716028476605839
0.2202443722239522
0.3540899014574155
0.14795474745749448
0.0833612349268984
0.2104398358056052
0.21752634956074246
0.2989522454505309
0.34603793591934284
0.23619982209925716
0.17071883667891807
1.5750065861052729
0.25721874887169704
0.501370802098446
0.3861994090844014
0.13224301716827114
0.3717708581132424
0.01658284754409678
0.2916577333505188
0.2992711455517725
0.4051966912436278
0.3452836826369623
0.4923594629580439
0.013867633604381702
0.2225314169684527
0.19449891175375278
0.1727763797941657
0.013867633604381702
0.10969110202735877
0.09521449066073995
0.07470910206319203
0.3158316797870633
0.21426196711269085
0.16865885686917892
0.04569036346770261
0.23078836300895134
0.3202893384584531
0.010143416384457815
0.04390380163640373
0.31665123291128694
0.1048091960733375
0.3277492301365168
0.21364854413146084
0.08553474938253292
0.060802419144395436
0.03295977241784254
0.08137569906525055
0.8889093177527583
0.2817969994822107
0.5792785343621336
1.749684127429461
0.16416677604142116
0.13633502699909616
0.3754066111112895
0.29872341371126865
0.22414513707055939
0.12945123861321406
0.8618632379109643
0.009369914622535447
0.09893063968795346
0.19065053926606979
0.3888792375150558
0.001771074249750093
0.11426196711269032
0.013867633604381702
0.04805150571791206
0.3905556034495037
0.21724600240674796
0.13076545960222496
0.3074495506094088
0.35031587257053864
0.0626629217812944
0.17226263484227555
0.4043532169299269
0.0704141704957113
0.7890608060946551
0.09843539316396654
0.15136223617834066
0.11657958302581584
0.3199323688391509
0.07730932573438842
1.8170336909570892
0.1368713735292264
0.2704226530977305
0.466603846106314
2.816548430556246
0.01718740998445778
0.449355757972814
0.00737902546181779
0.31405788452864414
0.34966530497713144
0.04081576065463999
0.2905607969688724
0.09804419597989966
0.3486557471963554
0.16416677604142116
0.2364835430081218
0.2819468183127398
0.12420037758743963
0.4745351777906279
0.12100682307534161
0.31887987047322675
0.0327914798024338
0.01017125597342261
1.965398415501002
0.2635164569918782
0.21272848100140607
0.1960486860488242
0.3082942678930358
0.36743871839720477
0.34409657178336417
0.019549001728282
0.3297877362673134
0.023183629647283155
0.28218837745310665
0.2226991207881177
0.1359179797302028
0.013094026778181167
1.6654773475322528
0.06002830838574269
0.2870711526954448
0.17766870446179794
0.36347640123308267
0.10697616900884555
0.2835513137450896
0.013867633604381702
0.3691090870245395
0.25946440498256074
0.19161654550740792
0.3543846724796875
0.2916577333505188
0.2439028534471479
0.2641759470471978
0.28465040422671706
0.7804986593346328
0.2725456448158017
0.1129275170184556
0.10584446526154245
0.23474552651588532
0.14332086125893806
0.19165773335051917
0.5964931269577818
0.07797242209269495
0.38314319155960064
0.244004690885399
0.32233129553820206
0.32327609209283104
0.22831565355220462
0.20208658014124214
0.30655700571681876
0.1349994716989773
0.40880287836722307
0.289856583615542
0.5680074450269528
0.019485077777846804
0.02323225059612799
0.285732879763958
0.10031796531167281
0.012722658484288552
0.00805598691672671
0.20655700571681912
0.2852635563078483
0.057933534380793184
0.33421193046059905
0.15728616522405936
0.09533038628948187
0.3650005283010227
0.3801793108334728
0.7434613883105268
0.3411189007260811
0.16978406730988116
0.013867633604381702
0.2751111117082221
0.0496682922470324
0.30834226664948083
0.167962511718593
0.06584193467251698
1.3486368944850904
0.1294049182728232
0.03287742588107179
0.23344288958533976
0.19038172610424375
0.256096198363597
0.17791735734494907
0.08848768441138777
0.38096270631854967
0.3541330810055392
0.43113576471439874
0.01993236883915106
0.1982072422611667
0.3423315464767027
0.12091152484525924
0.2835769342944685
0.329083673916724
0.21880027600523455
0.20702342344201696
0.632930083162405
0.22533375337109085
0.2768418007785467
0.32876491620150894
0.6750132413293635
0.20568887877587017
0.31561144545795194
0.31014341638445764
1.1931195580022855
0.010450857990763396
0.029064357129006346
0.36750575952303954
0.2861323663956181
0.39254157306283677
0.3931843805976989
0.2695847515726033
0.3885232806073491
0.31856187548490666
0.3568749495081702
0.3158316797870633
0.2261323663956185
0.021535218566469005
0.2800335166285617
0.30718496636278125
0.3437953567599603
0.2861323663956181
0.289856583615542
0.2572827479773405
0.35051483879192524
0.1932271952731437
0.2351757565889656
2.205610714707408
0.2363350269990967
0.0033717165471527366
0.1658419346725175
0.01784314275612875
0.22261116993249175
0.03993693521383168
1.527430171272064
1.0548989065579466
0.2930238309911548
0.09556271883116274
0.013867633604381702
0.3086724663565441
1.4089800735476148
0.06401052538258689
0.18018718374586218
0.2869584313636029
0.3160889331348393
0.27497730878412163
1.3276902818129779
1.6654773475322528
0.14713701826720182
0.15427735163946377
0.49840266720720283
