0.07025842595837695
0.4036610434228809
0.0702832682284189
0.08277658704606417
0.14352651104158642
0.2963389565771193
1.5394479287088654
0.13680985087009656
0.22991155872474067
0.15246569602701232
0.2450433699071608
0.06104306507600832
0.786705970889396
0.22023987841870873
0.09537223498945657
0.08371262475648589
0.29591048839842937
1.8757420227427755
0.40175548132792827
0.057625542638761296
0.09679088777444367
0.17933630235993547
0.21507301977214066
0.6420963777167996
0.07813475021947358
0.09139726399176062
0.24352651104158607
0.36324018687580306
0.3490546841247868
0.984116621546069
0.32750415986291337
0.1595653066191165
0.3172774227788535
0.4714458462919717
0.23146228083761589
0.29056617418563935
0.33227390255351974
0.604427687596786
0.10490354060376639
0.27813475021947376
0.22500995938089385
0.19089783550093387
0.03487858168373936
0.17028326822841855
0.13275820797436655
0.48029526679196
0.002867154405885586
0.18990277555115131
0.07025842595837695
0.33846865295585626
0.3966009775649866
0.6851152113373917
0.17240980364017755
0.16070530295644225
0.23732388813594074
0.12559720905841498
0.2702584259583771
0.13278942007664085
0.07813475021947358
1.2072471073166957
0.5544586668143641
0.305366851825025
0.3341919684801926
0.2872516677780599
0.3724290169674749
0.049806170299874
0.38579695366516464
0.11100134534931527
0.10490238961651066
0.04484413843930124
0.06135082021028904
0.13126005233631766
0.21965069890756617
0.3142690701540376
0.30128750204211574
1.1196538791857202
0.379257363246281
0.03122741475298163
0.06590178918161005
0.3736428476308271
0.188890983355412
0.37025842595837677
0.3953188179080884
0.1635861068311364
0.2466153675202971
0.28727407878956246
0.13712013462347628
0.03619711870251496
1.3241331160414793
0.17813475021947411
0.056193824119592506
0.346869202724867
0.25757869352838103
0.30915096532797026
0.07914172316414358
0.03712013462347663
0.38793255041595653
0.5840786001934317
0.33447522432636756
1.0045970205818895
0.1646736137860989
0.3146895671041108
0.05752051226643662
0.17535665497802722
0.021831456066065513
0.08158320155980192
0.3274553544333463
0.03071916254401863
0.7624753192410934
0.19758134658125304
0.2519536690371007
0.14338585637548373
0.23608548781362426
0.1272321124745046
0.22937175583938352
0.14421043896707886
0.0477261811613543
0.23846865295585662
0.5898742172419151
0.3816947529470953
0.6728520604764805
0.35913480686809773
0.2987124979578839
0.297308355440431
0.3879782750730536
0.14316000671860962
0.07025842595837695
0.6576730724607627
0.9900149041953723
0.27363454372993967
0.3375246807589063
0.9520967894455055
0.226247906910646
0.1218652497805266
0.21724900052506957
0.3167979910418852
0.3424213064716195
0.3067504270206287
0.03151700148452896
1.4477261811613547
0.0024663137112508338
0.34230471070663526
0.1702584259583766
0.38793255041595653
0.07375209308935471
0.2872516677780599
0.3630930222598394
0.3381433744933817
0.24966950434797486
0.049822338052800674
0.03846865295585644
0.23752468075890665
1.5083615862919837
0.7792330988563094
0.44066409030496345
0.2956672101416693
0.17748544244275344
0.5409771844990665
0.13409821081839013
0.20491725032176955
0.6260236637674472
0.08560765942577575
0.03970143087645628
0.23273324072812507
1.8252966570543752
0.13858226990998368
0.3028042722924793
0.06358610683113586
0.09085101974666276
0.09871249795788373
0.3202398784187084
0.2174504770864294
0.624337602479538
0.2931613606476988
0.4020352276476826
0.14790321055449418
0.3820302002671312
0.25302600803911
0.07698050897620323
0.2385165263337372
0.0959759058280012
1.3486847532777926
0.2875257900717303
0.4560573275938946
0.25449280157840093
0.08639583831456044
0.21606879777777532
0.026247906910645824
0.21066626872692673
1.224270557269401
0.08784556222398976
0.33712013462347645
0.22224784399693842
1.1459387841382336
0.24470611762724825
0.6742367147819674
0.05492503082500022
0.18541341598037242
0.37805118423487816
0.37289929956353074
0.14814459206685449
0.6477261811613548
0.1411951510749727
0.5294376332894393
0.1851483991504672
0.2847384040073351
0.024444877665847464
0.26902079853270333
0.08497228260348955
0.11369996021426321
0.773752093089354
0.3465089327590736
0.29542940412848573
0.2583910381776695
0.49435699420749657
0.42933536405384043
0.1723302586350428
0.09192573946027949
0.2307191625440188
0.2702471908107311
0.5220964169118885
0.2915672263328739
0.10175548132792844
0.3368247453261022
0.24772004132911452
0.3799739256696215
0.2246554718554199
0.6643767932029236
0.08286139031739737
0.5755869408814167
0.07813475021947358
0.3409651992380889
0.3455503596348519
0.6661206381585645
0.13292399129981636
0.3622877632274015
0.03959237632760182
0.0312820093705124
0.10295447180155293
0.23203496540443336
0.22186524978052624
0.2631453358470299
0.24783801327675103
0.3386491797897113
0.49779756561822097
1.5258439557526868
0.2969746337675119
0.23814337449338208
0.37619321795067595
0.1423638092241717
0.14163885912473084
0.03642984586947762
0.6218652497805266
0.04507825742620941
0.5954303109443186
0.7218652497805262
0.35541760211628226
0.23535807355363758
0.0379911996054112
0.2755298419791403
0.05361768030885905
0.3257692707759805
0.1702584259583766
0.2812737778726442
0.22469034583002667
0.37619321795067595
0.5567275914972907
0.3308112414469262
0.32576328521803255
0.04163885912473031
0.20425737347391415
0.23361450842875708
0.2889323929989773
0.09227448270995264
0.13082788769595322
0.16906409064547212
0.3424250063002461
0.02085827683585606
0.3148847886626083
0.07025842595837695
0.2262310150207414
0.3381433744933817
0.3051960653934227
0.01189398172656908
0.1800045152968872
0.3865726778709426
0.22245249908208198
0.3752251327789349
0.32149146289214414
0.5542059609678915
0.26902079853270333
0.20158706280658567
0.06244704220679065
0.04791537880888441
0.09807112305584464
0.057401263980342954
0.08827761248752619
0.2291446587714736
0.2257632852180329
0.02149146289214432
0.20146533733880378
0.664705977397273
0.29527756763698854
0.6689134436030715
0.3218652497805259
0.10504496405975683
0.8726233770894778
0.3242579772572247
0.34182142473577226
0.5080146115375124
0.11097386266784426
0.17630901204892435
0.33146228083761553
0.05403235994667721
0.330217348857353
0.33178312455349346
0.07069502218120327
0.17008844127525968
0.398892654474964
0.3051960653934227
0.25034861859270574
0.08634020175633594
0.0116815044461962
0.03548782605299472
0.3028042722924793
0.5440545662864587
0.05105510390907231
0.2954029794181112
0.1490082240650441
0.20050374853805142
0.32939403792349875
0.5112783654199271
0.8540059641967295
0.0963389565771191
0.5064350464524798
0.1954006980356402
0.2321446186916747
0.18312835968695396
0.02107862032383956
0.254232535976743
0.26279557433691814
0.36926456952172515
0.02149146289214432
0.23685884185152517
0.2996757543468682
0.14947172599604208
0.020239878418708557
0.08466876810336288
0.3552950405479205
0.27747232389680754
0.2566141436245166
0.24419203815756507
1.5651899596345835
0.24006962263293197
0.30542743097107117
0.26533850487326927
0.30298614738058927
0.16395596214368258
0.1948310304199108
0.7255271458483392
0.539934389139213
0.10504496405975683
0.14049766107979345
0.09313528671873428
0.31008329906787857
0.27233025863504245
0.3545788938134846
0.17664891933216698
0.2522738188386455
0.2180464485068212
0.24259873601965776
0.17375209308935435
0.4225978943142401
0.07619321795067613
0.19729462287868405
0.1955413364116465
0.30214022287243303
0.04966950434797468
1.5717254063887287
0.2514615874999242
0.07375209308935471
0.3650261562613917
0.4267295101425148
0.038780292172270414
0.29128853383668396
0.8933801345145573
0.7209068773717116
0.2238181507741963
0.23881115158498556
0.24185338690384306
0.1899358496327661
0.25493168400289345
0.3375246807589063
0.0450434783322784
0.5003147199543712
0.3877811637619448
0.2799948268985508
0.00972662365593635
0.208175272166236
0.10175548132792844
0.18057144489898835
0.3411380536559099
0.23752468075890665
0.1261801267065552
0.21485160084953225
0.5582884753388839
0.17882234841609357
0.3956451311038034
0.09824451867207173
0.20970431054982797
0.15266821921322649
0.21507301977214066
0.1319148828909551
0.03687039518909785
0.5204490043227112
0.1408463699263276
0.0908490346720301
0.1919871009132601
0.12687275030427791
0.12366173991575202
0.33103712860032797
0.1654886849658137
0.23846865295585662
0.2830786552264497
0.015684773705443078
0.3094819144568639
0.3503770522235987
0.3168691595372204
0.9770660359848957
0.15131221161171027
0.40335854423992146
0.06512438173251223
0.2741560442473139
0.1102399912753329
0.2219488157651215
0.25600804357564133
0.11324852430717502
0.39633895657711893
0.12072613801949927
2.1163421053549456
0.35492503082500004
0.32149146289214414
0.28525725900178234
0.2522738188386455
0.33846865295585626
0.17808697059115897
0.3208776624209664
0.6816182866087628
0.3491592145818343
1.1624753192410937
0.13799119960541084
0.1503304956520255
0.4642316572250653
0.3917546451421261
0.13313570547220088
0.337991199605411
0.3112966545131721
0.766739790660421
0.9615313470441436
0.349261607088331
0.11550717256861098
0.40002385539960716
0.0742367147819678
0.2214914628921445
0.32362849520303794
0.26839243996292694
0.07364284763082729
0.16608672395549462
0.22186524978052624
0.07813475021947358
0.22409300460673975
0.10915461505576118
0.05138274758135264
0.17395689766970523
0.16988611640788331
0.6380494934981904
1.5520548777266105
0.4020352276476826
0.36543289265344203
0.32958041322690157
0.03340909138519432
0.35310158943994185
0.30954850462344474
0.00772551729004789
0.1624753192410937
0.08123494838318202
0.37745755694968075
0.08365789464505458
0.4116634732590354
0.2389295416938868
0.23576834277493486
0.3550149669164524
0.0461941978238789
0.3006964581242677
0.25754276952577904
0.05761008830186043
0.7207264321052671
0.17246383277608057
0.3379282507579484
0.7060058821528994
0.26358610683113604
0.1424908945731973
0.1463039936372894
0.2677046413880442
0.10683863935230153
0.21138235411461181
0.22039623638877082
0.4329370853038421
0.26525415843125
0.3381433744933817
0.4898742172419155
0.036486960326091555
0.23993438913921317
0.3099582411338071
0.17569938902208193
0.34075018711520233
1.1777780475293467
0.11914848548001
0.1315170014845295
0.3055313450928523
0.368783899987303
0.06306335524055573
0.3282959175843301
0.12570934316931215
0.4140611299107668
0.1574012639803426
0.27813475021947376
0.2912701029475775
0.7244963927228509
0.3375246807589063
0.1702584259583766
0.30538695202162724
0.06357015413052292
0.006206665493813546
1.34126591706086
0.07025842595837695
0.21229782164283506
0.6347458415687504
0.28167024978491373
1.6908453849442386
0.45275874682549766
0.1832050296356984
0.0012875020421159178
0.4240167789851732
0.2236284952030383
0.06839243996292677
0.7652969893458748
0.15648237875415472
0.30267685764801033
0.3756516679020212
0.2721924900061259
0.2672734819720288
0.25382621969510044
0.2810026722767818
0.24009027778845926
0.13158190046311624
0.19824451867207138
0.08072408250532614
0.03712013462347663
1.1698861164078833
0.049589254435254304
0.6368771566700593
0.32301951107744387
0.08254864610444113
0.2723614734257298
0.3129353242799686
0.24718307452249633
0.44078671275722936
0.22745535443334663
0.29088755500416497
0.05246569602701179
0.23752468075890665
0.1710880627414877
0.33084868741464213
0.03648884881466685
0.8218652497805259
0.17200656732531616
0.24885027368396795
0.10435816361062855
1.7506951568931166
0.425769806855798
0.19615365226849413
0.09867216673046908
0.3168691595372204
0.8011470099081892
0.7477261811613545
0.2242892047015692
0.24638231969114077
0.06358610683113586
0.03870427874774407
0.26877024892122936
0.026247906910645824
0.06211332640317213
0.10456968905568154
0.5136999602142627
0.7652348005648912
0.0963389565771191
0.25793058650112144
0.230519709365276
0.19997614460039248
0.6329966006365231
2.1189714406739286
0.24410044294560773
0.3736428476308271
0.8716782516900716
0.07813475021947358
0.24966950434797486
0.003255678216546265
0.20461109192346782
0.21252000111879177
0.06247531924109406
1.2293717558393835
0.27598749453721627
0.02149146289214432
0.13888909898581847
0.33892954169388645
0.2546427695999798
0.33014404741751324
0.03752468075890647
0.5335049453440668
0.3274909113057154
0.20642614392879732
0.2698559525824864
0.08143286688082796
0.3633439049362268
0.3868239799510267
0.3017554813279286
0.5524227128977008
0.15444381248578232
0.33585053654035857
0.4370375376591191
0.20255700432187762
0.023306417094994814
0.23814337449338208
0.3609716107325367
0.4918310838413973
0.127669741364957
0.39633895657711893
2.079926547102559
0.18440340374512054
0.14308879035835176
0.15044001669880736
0.025763285218032728
0.36358610683113657
0.24758469771150704
0.16732442421410543
0.3148516008495328
0.4261716068555286
0.5125979260346192
0.6136041616854397
0.037989551762275475
0.17069502218120292
0.37276803768939626
0.5408651931319026
0.22766974136495755
0.35310158943994185
0.2513817772162019
0.32624790691064565
0.3457269938068164
0.7659585157776654
0.26830008857366483
0.2012875020421161
0.2921682272066919
0.4921002248850801
0.12076690114369004
0.1933352808503157
0.19417963413753814
0.222483815904293
0.24545410701354609
0.44772618116135465
0.25780327885720666
0.31804644850682084
0.7299528999064862
0.0289281834174675
0.4197140771649819
0.2834105758252239
0.5624753192410941
0.2798796911488637
0.026247906910645824
0.2235291173891989
0.04600403426627597
0.05132962053558909
0.08004464231324437
0.17697302326861575
0.0361944063712869
0.1577162041995166
0.10041398324182982
0.14861822278379844
0.027438509281201284
0.026247906910645824
0.2593333175482391
0.4276186017140633
0.23603328164503612
0.34681272719015777
0.3197532971688535
0.2672417920256338
0.3851483991504674
0.3515833893367821
0.026247906910645824
0.15227381883864588
0.37847285542801057
0.24789651346711672
0.15329923907641962
0.27747232389680754
0.40274637979488137
0.3128560984421478
0.13129490365954766
0.22724801191622035
0.07799861424521204
0.05138177721620174
0.39633895657711893
0.11769737206702402
0.023806782049324404
0.32620321070706826
0.10031285026440795
0.2209013451552737
0.0832294651773644
1.5583271809931611
0.07381789034286168
0.3407042485809555
0.29303556165297184
0.2698248351428827
0.26708188652035325
0.18933373127307362
0.09210225454106791
0.1337037488395687
1.10046045695473
0.40589124959264034
0.2318576529524874
0.18583755535123458
0.22066369764006488
0.2915454721521238
0.41886480176586094
0.34424541204506287
0.2355034025681384
0.23846865295585662
0.2544034678122058
0.3762993720905259
0.15227381883864588
0.3459977543006376
0.031377624330241716
0.3827203323918882
0.007035400569560757
0.05710636874250863
0.3757294427305986
0.2767309845633035
0.1916384137080165
0.02034551379600824
1.1145991758367897
0.102302824038496
0.5648685965821896
0.35423253597674353
0.30056030464795747
0.24753006854421233
0.32185405836474423
0.2702584259583771
1.9120674495840433
0.20706322856175152
0.4292817703074112
0.2610313609703221
0.11465616988258631
0.14022553288276196
0.10816891615860236
0.3424908945731975
0.22766974136495755
0.1377076313167045
0.019747022426217065
0.1781108309053785
0.1635861068311364
0.24710519517685992
0.07813475021947358
0.3647059773972723
0.010973862667844614
0.7581838174205542
0.004821757700543827
0.27139993844019994
0.027669741364957368
0.27813475021947376
0.14990511243459537
0.3493686853653637
0.020977151840800623
0.13208705915497454
0.08212659803145783
0.32945266251491123
0.32576328521803255
0.2908636445424806
0.1427249033317315
0.056373253061059
2.7508407854181653
0.2522738188386455
0.04966950434797468
1.342389911698139
1.1091124449958354
0.3705623667105611
0.07057953781473358
0.14980617029987453
0.29733545908514625
0.18872163458007307
0.2595845413369666
0.24591336799043706
0.10538277238287286
0.1148847886626081
0.1702584259583766
1.6907785684390193
0.127669741364957
0.24659663352799743
0.4282959175843297
1.1420880053894633
2.1976437638111355
0.280930600544969
0.1740741776721606
0.4277933762914392
0.318128264387199
0.32576328521803255
0.3017554813279286
0.362176961498645
0.379257363246281
0.03188453332774355
0.2719472887581391
0.11436570280401703
0.3362020942358761
0.322951170324548
0.18394813230443408
0.2963389565771193
1.0208776624209666
0.13276803768939605
0.4127483322219403
0.12620321070706808
0.3799934819396773
0.2723614734257298
0.2900149041953721
1.9198729174512543
0.11685504844930072
0.49338013451455787
0.1723302586350428
0.17633202509600387
0.23214461078376836
0.26215523819037845
0.14732057047796232
0.010862127876137606
0.03192561090697765
0.026247906910645824
0.21441681790324374
0.36254312266214406
0.27561861651762154
0.17619321795067577
0.49725055123275563
0.21941257369736444
0.20255700432187762
0.38534153721125897
0.5959350744333385
0.14086519313190227
0.5206479675941562
0.348612376832377
0.2893709263790223
0.24272490333173113
0.2307191625440188
0.04286449389356495
0.2995268564515152
0.3172411562673565
0.23170083206180347
0.23752468075890665
0.39358608152089847
0.2568892054566545
0.24280049561678396
0.10469555890909188
0.028272309626292014
0.0007148369484832884
0.021589763267138906
0.2639229670264598
0.13715749776443964
0.45848468937694076
0.27747232389680754
0.14675865938646027
0.3291871269896971
0.19943969535204253
0.8257698068557984
0.3017554813279286
0.010834934522332418
1.1574012639803426
0.23824215281825634
0.16862976455871426
0.1624753192410937
0.3304057070440818
0.31063888456349265
0.09818988998337908
0.3416868819521177
0.4509539154796576
0.35923369624112844
0.5126404942645424
0.2195897476562978
0.3110893623089934
0.11099888084141973
0.20521508604476324
0.055610272872152144
0.10714589389476448
0.06663365140300836
0.005196065393421989
0.05019382970012565
0.22085827683585624
0.019714077164981525
0.4218652497805264
0.5432855167578605
0.38947343806613777
0.28560765942577593
0.07375209308935471
0.2578396987625666
0.31958974765629744
0.3150730197721403
0.2525367733865984
1.1792583431113632
0.03948697120175737
0.0020352276476822695
0.19844199174644928
0.24966950434797486
0.2456687323650515
0.320558256968992
0.3652291211412839
0.14248405804152586
0.08752660110184962
0.342347764488415
0.6737967892929317
0.10737433015164033
0.34637174037296603
0.1223253040771688
0.1496695043479752
0.2583151093469871
0.1702584259583766
0.1911364332972294
0.06215523819037827
0.16402197758646864
0.03235630513074561
0.4249156265278362
0.10349854430269989
0.2360770329735402
0.20134215208666184
0.534387818077338
0.17813475021947411
0.06890702722357123
0.2766361475596648
0.4065132136984797
0.36358610683113657
0.4166178103033529
0.37647865590049356
0.22766974136495755
0.42639030546615864
0.24695797678069464
0.39529960575979217
0.3295177175591828
0.13126005233631766
0.029741574041623586
0.3322965578273456
0.33712013462347645
0.29082155680385124
0.3068088576121708
0.17425787899834955
0.06576892794245914
0.12162436479681737
0.07333008869907864
0.028295917584330255
0.7036610434228807
0.3827203323918882
0.36561855884069505
0.1384686529558561
0.021687297207800604
0.2572834874580838
0.579470770970449
0.11131754742472744
0.40725502798327806
0.13752468075890611
0.2251646968680605
0.726763600289714
0.15009369987198973
0.289361115436507
0.25357485790099155
0.23565400578226292
0.04437933760185153
0.24352651104158607
0.49564416119541654
0.30255700432187727
0.1132909472571999
1.0532338776736223
0.9274650135982627
0.3379306681965346
0.0963389565771191
0.43569559287263093
0.14394136677322056
0.11342732212905737
0.3057311156725193
0.029741574041623586
0.1777711947708953
0.06642724566101421
0.24598694059948478
0.27925736324628136
0.19883401794367828
0.2305214023471409
0.1942616926559504
0.37935203240584414
0.16467032570398388
0.2416388591247305
0.21875867267574467
0.18523679160112305
0.31973902707910984
0.11538437529829082
0.13712013462347628
0.19183108384139747
0.012627561016229194
1.0345113150341865
0.25079152164887564
0.08442357971815184
0.13544168487540897
0.515883378453931
0.2632472087803528
0.2723781352669814
0.06247531924109406
0.20843341204486077
0.07813475021947358
0.5769805089762032
1.7344032138969832
0.020239878418708557
0.12110708279344617
0.16650755113143578
0.6864330984014373
0.1624753192410937
0.32620321070706826
0.05298228554137552
0.18127377787264454
0.28529411699374396
0.13991385313003324
0.2831201140278674
0.1301138835921165
0.31971407716498224
0.4763320250960037
0.4393248021603897
0.23752468075890665
0.3551558615606991
0.09853466266119604
0.5120674495840438
0.221953302710161
0.3126837419944284
0.06951984419932877
0.19952881331161
0.34110880161216617
0.27236413862728703
0.6448202831964158
0.2571355061064349
0.004569689055681891
0.39633895657711893
0.3222794647218583
0.32330754131393835
0.26727114430325916
0.19246031593080826
0.40002385539960716
0.018800931539889376
0.39116598073203956
0.16880396128777964
0.3375246807589063
0.09377864418121185
0.5745371624626623
0.32871904138100305
0.48029526679196
0.08358783423783755
0.22832443094200272
0.12015621908194518
0.3721037162239984
0.3503304956520248
0.05685104743000302
0.239737683389329
0.16706291469615753
0.27813475021947376
0.8508407854181659
0.11172238751247399
0.1148847886626081
0.17074178066164247
0.2360770329735402
1.5576361907758285
0.1218652497805266
0.7198729174512541
0.13548782605299436
0.24410044294560773
0.15184055176996036
0.40459702058188896
0.7433373080002461
0.07025842595837695
0.0406188248232624
0.1955058333498565
0.3645749405582128
0.07375209308935471
0.12682703896017955
0.39468838511062376
0.06638549157124274
0.2775757648914787
1.0982445186720717
0.2723781352669814
0.06940593288280095
0.04887894657861125
0.23752468075890665
0.12516145946204738
0.1456668516581292
0.23151700148452914
0.1986041306631039
0.04815927767576156
0.22121435158173508
0.3375246807589063
0.12714513726552568
0.08267448453092197
0.06052416410693251
0.4227602163782107
0.30132173417842
0.4220964169118888
0.2652291211412843
0.07597214119974716
0.25790362228320074
0.26839380766766663
0.3255934522506774
0.27813475021947376
0.22872022503900613
1.9966026925025888
0.05357485790099137
0.3825184211083439
0.1847624819810827
0.4072471073166959
0.2215804091479603
0.12149146289214396
0.12855077866024178
0.029741574041623586
0.28476248198108234
0.3869166543232243
0.12636928540968562
0.4000814474364791
0.08042031043917319
0.35923369624112844
0.32002607433037866
0.3028466059083934
0.21466968359315874
0.21914848548000965
0.3197532971688535
0.38275099947493096
0.399847471583465
0.1210786203238392
0.5697666331302242
0.41146032863946846
0.008707928967931267
0.2727601593975537
0.2903969878496735
0.13387936184143534
0.38869168022120437
0.222464606721684
0.1832987025535262
0.3388272457235484
0.1315170014845295
0.36499422270398796
0.515883378453931
0.3375246807589063
0.11927591749467403
0.26626309650571134
0.14163885912473084
1.2601558009382492
0.5422470176814587
0.07489899689536994
0.2866807770399262
0.11727742277885334
0.4573411660889901
0.771725406388728
0.0064811245874834
0.3242777331257445
0.3752860141611478
0.14980617029987453
0.13160619233233373
0.2255918353621178
0.6558079618424353
0.018951759767935172
0.12117765158390714
0.05104089206116047
0.3644322606178294
1.1503304956520255
0.28476248198108234
0.1635436463669011
0.540965619707066
0.20871146616331604
0.5035867950309605
0.029896055737036242
0.19593507443333813
0.27081083253568483
0.4062663665623072
0.0013421520866616632
0.30915461505576136
0.01060201682815265
0.2675762036188809
0.02534391802755831
0.5531872728098426
0.054956521667722136
0.2890011191585806
0.1202398784187082
0.21803241159427778
0.23391327604450574
0.30141193092724183
0.15820928971957748
0.2826332487961736
0.2036631186539184
0.3451660059504231
0.19274978444497126
0.15031459750825427
0.11342732212905737
0.11935617346674121
0.2262032107070686
0.852486173452613
0.26166116326268085
0.8933801345145582
0.23326020933957903
0.4086164581610383
0.14419203815756543
0.2963389565771193
0.36783837845352885
0.2618190984425812
0.3551797168035842
0.9700126749770437
0.4883010968532977
0.28619196871580055
0.16877811747820104
0.1263571523691729
0.08272257722114684
0.7683938076676666
0.11957968956082698
0.2136343164753347
0.029741574041623586
0.24966950434797486
0.06848299851547068
0.034992579260762824
0.5016633312518186
0.2730337672059031
0.18522413035457053
0.2522738188386455
0.10350236545951663
0.33633974283645696
0.04507825742620941
0.4361971187025153
0.7503304956520251
0.32376671243708
0.2590228155009342
0.1976072620342828
0.2702584259583771
0.18725166777805935
0.25791199461053704
0.17093226328907818
0.19542940412848608
0.20191419799798194
0.09136347086502727
1.589370926379023
0.39275250290311803
1.2160113990292931
0.016730783775914304
0.5624338140267549
0.4103688868199269
0.15227381883864588
0.5218652497805261
0.337991199605411
0.0361944063712869
0.01146032863946811
0.2702584259583771
0.07679468910045362
0.2939941178471006
0.4012875020421163
0.025340941880778622
0.2751968813854768
0.09677293931157216
0.04473063744252137
0.3408765871615129
0.019336960494880984
0.41068408864891204
0.7683938076676666
0.28558318209675626
0.015830617289695148
0.25033049565202514
0.4086268167457101
0.15865908166241027
0.06009928482743376
0.4116634732590354
0.551669113197911
0.4361971187025153
0.09089783550093333
1.3714253743951765
0.1521318415100783
0.12149146289214396
0.24473840400733504
0.12241433057404638
0.07339925356565313
0.15044001669880736
0.2702584259583771
0.254232535976743
0.30255700432187727
0.3044586635883535
0.34934226985034567
0.3011996315667993
0.11606879777777479
0.35495652166772196
0.014851600849532964
0.14561196654734232
0.38115273419857143
0.32775955475100016
0.23156100026796356
0.3851483991504674
0.13712013462347628
0.022350322964626024
0.044119317094635235
0.014586584019627757
0.10771416771763764
0.026247906910645824
0.6948039346065773
0.42943763328943874
0.12479350157033142
0.4008917826982952
0.33071916254401845
0.2351655287507075
0.11404015626551356
0.4635861068311362
0.08849665299717735
0.07025842595837695
0.3367443512461854
0.018818532891142326
0.23318673812699942
0.1723302586350428
0.33935812631978823
0.718323090887135
0.24504347833227857
0.09387969079577729
0.15166911319791065
2.1579396732637344
0.3134218932337971
0.7277218791138553
0.14602776681253804
0.435444377890847
0.07619321795067613
0.2971285235191736
0.252893746640825
0.015298596087467864
0.28953567115242773
0.35072084380887514
0.0546252579127664
0.30488550892938004
0.39399411784710026
0.448576113161403
0.22431546855195794
0.08682700554916511
0.25640320481161893
0.28514839915046775
0.36158062428289917
0.3648154525586662
0.1773027352776806
0.07670758879199013
0.44431967457931254
0.20306979593637653
0.13248607149581293
0.32620321070706826
0.3078997751149197
0.11724115626735632
0.24499709304358497
0.3993971940459673
0.31899732772321876
0.09883417706523545
0.4716959883492189
0.12602671866078552
0.34471653776113875
0.15363533857398526
0.47275198808377983
0.20048088721873292
0.04527244650439588
0.34813059104559496
0.5576361907758285
0.9030730132036391
0.03919762529497195
0.09051808554313556
0.17535665497802722
0.15271023806866424
0.9832020089581146
0.049806170299874
0.2012875020421161
0.14941688075210457
0.6726233770894785
0.23090720577682156
0.04966950434797468
0.9575091054268023
0.1408425203340986
0.37868067388647564
0.37573767412513615
0.27813475021947376
1.2193585200905463
0.27813475021947376
0.3077106434144872
0.07566239752046222
0.3849201649337486
0.3148847886626083
0.06618602509126514
0.25101089607233096
0.08034930109243366
0.22954300121843385
0.8106020168281525
0.17039865155759326
0.3381433744933817
1.5261821096571389
0.4020352276476826
0.15403235994667686
0.2327805422347442
0.18747268887001578
0.381919004818978
0.1686047035611704
0.19824451867207138
0.10600588215289974
0.43350494534406714
0.03129490365954801
0.18395078499230344
0.12443847332070401
0.3420633478486961
0.2467661223263784
0.21961735900303125
0.010579167534149114
0.36479820123725926
0.5416848906530136
0.23873245317790026
0.12624790691064547
0.12854484529056442
0.020174445561448984
0.2938470822238157
0.08246842041704205
0.2281959959094273
0.4950060143250381
0.39937170293248325
0.15019382970012618
0.10264997314996904
0.332133863358993
0.2995268564515152
0.2628027218244968
0.46287986537652337
1.2872516677780599
0.10128750204211645
0.26830008857366483
0.07987969114886351
0.5939941178471004
0.6568399932813902
0.3683938076676663
0.12967069003133247
0.1635861068311364
0.012725921210438251
0.03151700148452896
0.12358382751039798
0.2448349644326182
0.28159301659602054
0.4454211061865152
0.7915478931916038
0.23160619233233337
0.16395596214368258
0.09638284393722252
0.21914848548000965
0.49048982356173454
0.003856674447667352
0.1064652134127888
0.002954471801552394
0.3847654412471906
0.22371329376809612
0.32887356875054774
0.2959759058280005
0.08146986596942796
0.2582132143923266
0.2645835809261259
0.8203940533609471
0.10202086198816485
0.3365860502794824
0.11403880094262409
0.291638413708017
0.21128943234392938
0.22186524978052624
0.2450762178784922
0.010037261921394425
1.127465013598262
0.23623320953717197
0.07025842595837695
0.24372041175454218
0.26655732972583035
0.226247906910646
0.34028355009110545
0.0028883545627449436
0.2742367147819671
0.29667481623175895
0.5084834911171843
0.6493537376697427
0.22914981071639406
0.16121406089414325
0.3097266236559362
0.13160619233233373
0.36543289265344203
0.22914368441866362
0.1484880743892587
0.1408592105490971
0.4635861068311362
0.28329954727741047
0.0528937466408248
0.17399091005309497
0.19936429576080883
0.18725166777805935
0.1664950546559334
0.6406666824517613
0.3174529528509966
0.2802859228350183
0.09683043678255476
0.03813520923344704
0.2737967892929314
0.25851441010258025
0.28514839915046775
0.14676612232637787
0.029741574041623586
0.37619321795067595
0.6380494934981904
0.228274593611272
0.13792825075794823
0.15491786862688528
0.3031695632174456
2.157636190775828
0.23160619233233337
0.2639279499408298
0.3180136686174375
1.4238067820493239
0.8487836255240602
0.21849412649067634
0.18274654938382984
0.32434983515131055
0.004597020581889488
0.21975329716885383
0.25978596555793665
0.35478915661628196
0.3872740787895621
0.09733545908514607
0.2742578789983492
0.12620321070706808
0.1750827642559427
0.1299840294300969
0.3375246807589063
0.36633583634860756
0.19633895657711875
0.550689246238039
0.3345990150728122
0.0035452537797393546
0.0704195867730979
0.24966950434797486
0.4925633009370589
0.2670033993634773
0.10970431054982743
0.1503304956520255
0.6568399932813902
0.11725345061617087
0.1723302586350428
0.4653244913482695
0.46153134704414356
0.2921032583119958
0.3932133597914387
0.0378866735968284
0.07867293778292073
0.169040441233407
1.8143592073884092
0.41755404107580674
0.056487634597319314
1.236413893168864
0.45780327885720684
0.3259258223278394
0.23622184360128706
0.23752468075890665
0.006908233402926456
0.1425850703555973
0.20031285026440848
0.07492305865138427
0.17885852759467102
0.2501938297001258
0.0952682540521419
0.13160619233233373
0.40295447180155275
0.6808515145199907
0.2785085371078555
0.02162436479681773
0.3654886849658139
0.4360170493287745
0.25302600803911
0.019482319142714033
0.1724290169674747
0.8060058821528999
0.5038602836137747
0.27170408241567046
0.17892137967616062
0.07025842595837695
0.43128200937051275
0.30490354060376657
0.3448216549812999
0.38953567115242826
0.28191900481897836
0.5174346890953174
0.3375246807589063
0.46324720878035297
0.1342670695277315
0.03641389316886379
0.24432193237275346
0.3851360557152219
0.13136009391641412
0.13014404741751306
0.21099311193844983
0.30056030464795747
0.35166911319791083
0.1045655255403366
0.1974937810967896
0.029741574041623586
1.062475319241094
0.2655498663455669
0.42477424521263263
0.2531015894399422
0.3312161000126972
0.22625701004981558
0.14628534381392022
0.18244561694478456
0.0839886009707067
0.348302847753458
0.5016633312518186
0.18540082416321013
0.13814337449338154
0.26166116326268085
0.04421043896707921
0.03151700148452896
0.31036888681992725
0.2698248351428827
0.250945318545166
0.4258123735859405
0.08608694492084545
0.28514839915046775
0.3498061702998738
0.2689121452141139
0.13752468075890611
0.19943969535204253
0.519872917451254
0.3399434248289426
0.21605186769556628
0.34622477951332886
2.189077164634724
0.2238181507741963
0.24470611762724825
0.1084399608213884
0.06061901308539852
0.03844191776923456
1.740865193131902
0.02878995230798953
0.3147758696454295
0.01314277561870636
1.3872516677780595
0.3545788938134846
0.26246747724161335
0.5698248351428834
0.32600908994690503
0.31123604043806097
0.29313134156177156
0.2790807091905618
0.3515120251904902
0.7245433112052622
0.4364373269824027
0.37503354338301875
0.1333575668671827
0.2443002233405016
0.26247531924109335
0.33066555603185055
0.08692677501491364
0.2980711230558448
0.2315827219289046
0.18878989956452852
0.14259873601965722
0.11285609844214761
0.11893452076385369
0.2072471073166957
1.610919731482488
0.33846865295585626
0.11567865774116548
0.27666810199951986
0.10615208595214298
0.1851483991504672
0.14591336799043741
0.4868526005624707
0.3628798653765237
0.281571295361851
0.5343814411593053
0.023723647721271668
0.3500936998719899
0.23019657910835
0.3577529823185417
0.30420070461301574
0.22167731178601002
0.02427055726940175
0.13178312455349328
0.062098778179326075
0.2230269767313846
0.26006561086078683
0.15132962053558874
1.3135799120610567
0.2522738188386455
0.27813475021947376
0.318494126490676
0.0792738619805009
0.2389665112214434
0.6528956493307865
0.30661986548544196
0.6088635667027713
0.3898213893605993
0.6843554826613607
0.2206479675941555
0.34441621298858305
0.2573872177401668
0.0792738619805009
0.15687802744377422
1.1125979260346197
0.36870509634045234
0.43808413642488553
0.3636314091938244
0.046725287748539124
0.13756618597324533
0.027540024600074986
1.4845975145421733
0.5343814411593053
0.16443226061782923
0.31593912760167164
0.37619321795067595
0.4332336856429029
0.21941257369736444
0.2816947529470948
0.14711050180374574
0.2905964103964296
0.27666810199951986
0.06208873222901179
0.09480393460657766
0.21314697982884478
0.21579588370798053
0.30706322856175117
0.07025842595837695
0.20008767369538383
0.4075152129769588
0.07025842595837695
0.0540612158617666
0.127669741364957
0.2902037331588909
0.286705970889396
0.24259873601965776
0.07652768471359117
0.316755418404548
0.43922160310826897
1.4573272016514416
0.15075840382518546
0.28514839915046775
0.07025842595837695
0.2687631765935672
0.2371201346234768
0.07375209308935471
0.29464875963200843
0.2756623975204624
0.3615313470441439
0.7126837419944287
0.29330402021209334
0.11153261297029982
0.13975147718040937
0.0450434783322784
0.20280427229247877
0.3548331995460785
0.34718307452249686
0.1135475739718812
0.14075018711520215
0.2927528926833043
0.2731143974602297
0.36982079523603684
0.3425987360196574
0.3002444800077084
0.2728548627344738
0.4300967137879743
0.17689001378699665
0.4127483322219403
0.21330185652208744
0.21914848548000965
0.041004619151759236
0.3734625067644606
0.39968714973559205
0.2085300095533018
0.4781786424540879
0.39339811215538756
0.13409821081839013
0.3260267186607857
0.3375246807589063
0.6603755697628513
0.2686399244650364
0.42748436582439986
0.26032841868615453
0.10191419799798229
1.0346542071721254
0.21274833222194012
0.19086364454248006
0.3571355061064354
0.005969445148316765
0.2531015894399422
0.27813475021947376
0.372330258635043
0.20938807067753018
0.26720056088071065
0.2939941178471006
0.3484880743892589
0.1471978908470284
0.31068395115077063
0.43909010406219107
0.03892954169388663
0.17813475021947411
0.3356955928726313
0.24770661579188324
0.17381789034286133
0.3328192840599238
0.34566873236505113
0.05659415963130954
0.3375246807589063
0.08236059034445375
0.2593328044156644
0.025009959380893676
0.9843554826613614
0.2918594155450629
0.5403145858863319
1.439221603108269
0.10159172794305427
0.15797267802249948
0.29557231240321435
0.18457670309829677
0.27253498640173746
0.2522738188386455
0.44311755287400345
0.3333577172116451
0.3766681019995195
1.2576361907758278
0.12710706363036017
0.08971085866111839
0.4165108999430993
0.4910304648835382
0.34022553288276214
0.35680854083339053
0.002392737965717373
0.7114002119057963
0.5851152113373921
0.2649942227039883
0.3456668516581294
0.4000814474364791
0.14676612232637787
0.6584001069954972
0.2565941596313097
0.21753157958295777
0.3128294959180522
0.23160619233233337
0.062287763227401705
0.2625511363151629
0.1282961928614288
0.11806092957393766
0.13938098691460166
0.2787189817308695
0.37619321795067595
0.23846865295585662
0.23667415844701534
0.32149146289214414
0.27813475021947376
0.43823474583665867
0.8391976252949718
0.3276697413649572
0.015007161963957572
0.04227297731792312
0.1180029971054255
0.22431546855195794
0.2290236585092389
0.022154232397593177
0.4744081646378824
0.14772004132911398
0.1218652497805266
0.17428524181918004
0.26523126679604836
0.08124132732425604
0.37025842595837677
0.21628557397837866
0.22023987841870873
0.0017554813279279102
0.12302697673138407
0.3518407223242388
0.07478296722673683
0.24259873601965776
0.18490615317350745
0.37619321795067595
0.20756569485052356
0.2703156215622977
0.7037642178316093
0.8506577301496545
0.25185135802055036
0.05019382970012565
0.391214393200376
0.29480393460657783
0.3547317577243856
0.18233212131637178
0.318494126490676
0.36176525416334115
0.10136835321311732
0.21653449868498154
0.221302388867195
0.026247906910645824
1.3060058821529
0.39183108384139764
0.2487820346715628
0.4722625560517013
0.6423643335808649
0.3656969303191673
0.06848299851547068
0.23752468075890665
0.3611727542764518
0.2389295416938868
0.226247906910646
0.09938793880258512
0.6791121919971115
0.11166347325903558
0.23097165317676893
0.2860187198797064
0.2366572386328043
1.0177764965347125
0.015883378453930952
0.15019382970012618
0.03752468075890647
0.022221952470653505
0.8316474980694126
0.39271393038337
0.2283658640121473
0.3497373252155951
0.1691887585530738
0.22186524978052624
0.9148516008495324
0.17163413598785304
0.2257632852180329
0.4292817703074112
0.0477261811613543
0.5399343891392148
0.3472784931541648
0.3736428476308271
0.3828613903173972
0.6611409524250282
0.2793297811635709
1.0424250063002463
0.11569268959402201
0.3656969303191673
0.08411662154606869
0.31274833222194065
0.2336132434094873
0.737320988423531
0.22766974136495755
0.14910750305722065
0.35327471225146123
0.25535269467831245
0.3026944278953989
0.3282959175843301
0.27691564158773563
0.15227381883864588
0.0828666772005695
0.3219015784434047
0.19414276706587064
0.050330495652024965
0.23870688055565648
0.027100700436469616
0.31274833222194065
0.17409658889995416
0.24877361476918214
0.2284570863709776
0.07025842595837695
0.136824745326102
0.5206479675941562
0.014555942564474122
0.46567868312679916
0.39633895657711893
0.12854484529056442
0.2501938297001258
0.12197580510780881
0.09415462315464662
0.1218652497805266
0.03164784500962092
0.8014053210780778
0.12708048749176104
0.05710636874250863
0.254578893813485
1.4369410751948175
0.11971407716498206
0.05830594475229667
0.16179037473312086
0.21342189323379746
0.026247906910645824
0.03724035556323102
0.17729593052075554
0.324774245212633
0.2757107952984308
0.32534391802755813
0.19459437404491453
0.1702584259583766
0.42931612910978156
0.37439486396277477
0.32620321070706826
0.06243381402675485
0.01630007791752064
0.23846865295585662
0.07025842595837695
0.29113643329722905
0.2522738188386455
0.2274602635424552
0.07619321795067613
0.31540248545782656
0.27413467894113186
0.01274833222193994
0.337991199605411
0.18008779867514413
0.07785444273208153
0.39633895657711893
0.15146158749992455
0.0963389565771191
0.1702584259583766
0.9872516677780601
0.05019382970012565
0.37039865155759344
0.08534383011741387
0.2430040810366707
0.3156423677391631
0.3335822546762168
0.03151700148452896
0.37265621428095574
0.5587340829391403
0.20295447180155257
0.27813475021947376
0.20596944514831694
1.6402657280814603
0.23739227485213643
0.05329923907641909
0.10288835456274548
1.3447049594520797
0.5785085371078562
0.19095688097232877
0.3023577826298558
0.31274833222194065
0.07813475021947358
0.4062663665623072
0.29615365226849377
0.5762885557135942
0.41439234057422425
0.2850372194782276
0.25514942310068456
0.07025842595837695
0.2975813465812527
0.02423749682872156
0.56590178918161
0.2257632852180329
0.7114603286394683
0.37619321795067595
0.19824451867207138
0.09656203655424811
0.20172101149613741
0.23846865295585662
0.14351236540268086
0.028985448827478777
0.28635447757840726
0.24546064075016805
0.519872917451254
0.3093815921157761
0.2963389565771193
0.1770427816989466
2.219995484703113
0.3138080312841991
0.050330495652024965
0.10519606539342252
0.6603284186861549
0.2095644453079748
1.3760171351500539
0.07233025863504317
0.018102187555843585
0.28476248198108234
0.03682474532610236
0.0963389565771191
0.27843366470540243
0.3683938076676663
0.23141773512092012
0.37728409355981096
0.04977647065086099
0.03658419540048907
0.4424536105015857
0.13529013047427618
0.07976012158129198
0.3241417542301921
0.7180441186534088
0.2849542071364697
0.06627838698243593
0.08709838634304923
0.2485384125000758
0.4393248021603897
0.3276697413649572
0.06992148762195693
0.11832975021508663
0.36023978557221614
0.1803493010924342
0.6750188246351296
0.2702584259583771
0.4379112677709882
0.22089480928321592
0.32241433057404656
0.08470749640382369
0.11274833222194047
0.37940929860214645
0.1915358586810978
0.07813475021947358
0.35302600803910966
0.3194125736973641
0.34022553288276214
0.15433126763494887
0.2621539284381802
0.10175548132792844
0.27520649842966893
0.3435507427932274
0.3915165088828161
0.3345990150728122
0.33313570547220106
0.17217930980302842
0.13275820797436655
1.8468984105600583
0.32620321070706826
0.1825229574447622
0.4635861068311362
0.0692808374559819
0.237320988423531
0.14271651254191653
0.5249156265278367
0.22059070139785408
0.5090431190276714
0.3363379087274785
0.3381433744933817
0.29350866991479396
0.2515880687312926
0.30586549342561664
0.20822238134386506
0.11884726580142857
0.39399411784710026
0.11435336059445067
0.12995927150474174
1.5931911423878296
0.46377371579914417
0.2448061875266898
0.281571295361851
0.2786020682944086
0.4282959175843297
0.32827459361127165
0.2262032107070686
0.16072481397435734
0.13752468075890611
0.4103688868199269
0.20653978530745576
0.264512173947006
0.047801861071109286
0.3282959175843301
0.26308301822820734
0.2312600523363182
0.41249939388148427
0.017011463766539947
0.33071916254401845
0.21870656254257792
0.18317436280043697
0.3479499450820187
0.35902281550093385
0.17813475021947411
0.1428644938935646
0.20402409417199951
0.21975329716885383
0.10715143725020138
0.5316075600370738
0.4282959175843297
0.07127977496099458
0.39633895657711893
0.24760686537296994
0.22766974136495755
0.003856674447667352
0.06546915452537405
0.44604415668787833
0.0014277682681278492
0.8013259512848832
0.6624753192410937
0.14499709304358532
0.09769692937592822
0.20031285026440848
0.28900688806155017
0.1739732813392143
0.38601871987970604
0.24789651346711672
0.13059406711719923
0.23962443023714908
0.24780186107110946
0.1835878342378372
0.3655498663455665
0.06247531924109406
0.14591336799043741
0.15713550610643523
0.36185662550661846
0.3187261609781249
0.2307191625440188
0.19633895657711875
0.5019141979979826
0.7321617561200453
0.17246383277608057
0.24772618116135448
0.22746501359826254
0.2412639262650904
0.04966950434797468
0.41628557397837884
0.054956521667722136
0.09952881331160945
0.12380678204932405
0.29303556165297184
0.4268856025397705
0.25977967797452983
0.23503728798601742
0.14499709304358532
0.1384419177692342
0.32090134515527335
0.13712013462347628
0.24528343088047144
0.28012708254874585
0.21221318314478932
0.675651667902021
0.15828535146851141
0.3891494947744487
0.5341424999473583
0.0805176808572865
0.03752468075890647
0.32604310233029477
0.24329261313880846
0.13814337449338154
0.28731281215378424
0.2095644453079748
0.37025842595837677
0.07025842595837695
0.3594945184364873
0.7880605290748486
0.21248331171788504
0.10817527216623546
0.14591336799043741
0.08514839915046757
0.26764324107049653
0.2631362342124772
1.1562319660397868
0.24908322889310863
0.19543447445966322
0.08924339846266349
0.1528933598623219
0.3060679144664169
0.3276468903289169
0.7507958197055586
0.29772851971205583
0.009958241133807277
0.2813990426260533
0.020894809283215743
0.4635861068311362
0.41624556387757305
0.4586946530228522
0.10516079300460568
0.029601348442406916
0.18977656600209158
0.24185338690384306
0.4001607605107713
0.17665670528997168
0.297820153173884
0.009776795683144712
0.15058311924789525
0.04141828122822311
0.32516145946204755
0.21274833222194012
0.3085593424301569
0.21379480973153253
0.2501938297001258
0.8891182285609487
0.11191456563967428
0.05529315202928231
0.3860117566773891
0.3068088576121708
0.20061057683464867
0.948159277675761
0.09652977594526213
0.19965624997433284
0.13501484149609855
0.2270780927419649
0.17443998059334742
0.04489537083802286
1.4974429956781226
0.3375246807589063
0.3425987360196574
0.2776813731770913
0.13529402260272683
0.050991775934956074
0.08511521133739208
0.30255700432187727
0.3045696890556817
0.2305576583819846
0.27813475021947376
0.3135925856068864
0.2945560284464257
0.3490082240650443
0.27999348193967766
0.014586584019627757
0.23119603871222072
0.026247906910645824
0.6698559525824868
0.2461901293489177
0.3988662505698679
0.1171132820784484
0.08254952291357043
1.235966531054821
0.6136041616854397
0.030120297102609328
0.39715339409160677
0.06830008857366465
0.05310158943994203
1.1827688654493373
0.1843152262945571
0.13814337449338154
0.24259873601965776
0.22542706464392115
0.23011388359211882
0.39633895657711715
0.3654886849658139
0.9707004199173985
0.0375090587466298
0.1702584259583766
0.17379678929293174
0.11914848548001
0.19402405294835923
0.10443920406368612
0.32576328521803255
0.1947484940046893
0.33846865295585626
0.562663384135571
0.1706692887111192
0.3642316572250657
0.02576980685579855
0.621454338426406
0.6628798653765235
0.4144168179032439
0.31641914299025853
0.04389897402617393
0.16650755113143578
0.09509645939623379
0.2371201346234768
0.026247906910645824
0.17699766041577103
0.16314375180500562
0.28864473907863886
0.17813475021947411
0.22766974136495755
0.30398053253470536
0.24528343088047144
0.37002996299554347
0.3150730197721403
0.21028914133888144
0.14438972712784803
0.32081133971905107
0.19095688097232877
0.057401263980342954
0.05114673401588554
0.435425059441787
0.03841937571710119
0.4894734380661374
0.16928083745598155
0.03846865295585644
0.2214914628921445
1.3849878952936763
0.293512325545648
0.02534391802755831
0.2371201346234768
0.45460471496263555
0.2088192890858691
0.27813475021947376
0.10192887694415464
0.46552477567363226
0.1082453548578739
0.3799409354903629
0.6427165125419165
0.32042931547312925
0.23331878398464134
0.12516145946204738
0.22445015152825665
0.17588165331590488
0.3515833893367821
0.18714751827141018
0.2609270262012586
0.07375209308935471
0.5316775816714419
0.7756845314480421
0.31723113455066265
0.114313779715153
0.021538619922194968
0.2307191625440188
0.2501938297001258
0.21914848548000965
0.32646442540323317
0.0381433744933819
0.14009027778845873
0.25316857207355614
0.18503721947822793
0.3218652497805259
0.34446942079118603
0.33570093324105255
0.606320521156392
0.08115273419857161
0.23642695280017278
1.0412595377092195
0.11097386266784426
0.1771051562524626
0.19717191176173277
0.7215381323983001
0.2761850150731444
0.660653138834757
0.016691208486411035
0.1574364901159795
0.1625147036026524
0.34123994663052404
0.050330495652024965
0.264512173947006
0.3197532971688535
0.22931321986183217
0.3048547309362535
0.05197416818696876
0.18832842610041123
0.3600412095738248
0.18670597088939633
0.19871249795788426
0.2214914628921445
0.2501938297001258
1.6242892047015696
0.266381394529863
0.04353711174514352
2.2136041616854394
0.0381433744933819
0.10488550892937987
0.2549217425737913
0.2106290736209777
0.23261589916592218
0.10586549342561646
0.783850823909777
0.206266366562307
0.14736938214813744
0.2799132876686121
0.27747232389680754
0.03648884881466685
0.29791732391544024
0.21204821272627683
0.4224143305740462
0.2017554813279281
0.003043320083767398
0.6135888667515754
0.35701894952154856
0.1127259212104379
0.0020352276476822695
0.2635701541305231
0.2931613606476988
0.25302600803911
0.026043102330294943
0.2988168570644847
0.30975903981790953
1.632725875687961
0.1556780676272469
0.21506843548108012
0.1381609031587443
0.31839718397653183
0.4251614594620472
0.23752468075890665
0.5045970205818895
0.3802561253868335
0.1654886849658137
0.16451217394700546
0.32825605781153566
0.6148516008495326
0.6106826633655116
0.31519471938867216
0.41108936230899307
0.6886176458853885
0.06443226061782958
0.28191900481897836
0.6036610434228811
0.018053252452688184
0.5818732365591446
0.14473063744252102
0.2810560251775849
0.07025842595837695
0.33983104258029506
0.2551650355673818
0.3475846977115067
0.08685302017115593
0.27233526017249954
1.5978218264159576
0.3081314826322332
1.1811505526462698
0.15913480686809756
0.32990920905844323
0.3244448776658473
0.27555512233415236
0.27813475021947376
0.42892818341746786
0.23752468075890665
0.3463721599011764
0.19384791404785684
0.2314651375523855
0.22295721830105286
0.33846865295585626
0.17409658889995416
0.07655300449716496
0.3571355061064354
0.0540612158617666
0.3236679749039961
0.11223446391524572
0.001587062806585493
0.06290148139787544
0.09633895657711733
0.266381394529863
0.3291871269896971
0.1428644938935646
0.040155523293172735
0.23040570704408214
0.24232692753923768
0.372330258635043
0.42308435841226455
0.7110182107117877
0.2620146977704101
0.27072457357269464
0.19633895657711875
0.10264997314996904
0.281571295361851
0.006569928107379219
0.4197140771649819
0.048944896090928225
0.30402409417199916
0.05005661000972683
0.029225243610703444
0.14752281590560923
0.29247938178194843
0.39633895657711893
0.1496695043479752
0.18992792309961448
0.0933801345145584
0.7157963145066644
0.30255700432187727
1.0785085371078562
0.09170350563619323
0.029036722562950423
0.05380757197609043
0.7661867519503067
0.26305892480518267
0.21282949591805167
0.2602214775701279
0.6406666824517613
0.04855900168147631
1.8999761446003927
0.23151700148452914
0.10268864718313608
0.0378866735968284
0.24259873601965776
0.04973732521559526
0.12149146289214396
0.2985880690727578
0.6383185723569405
0.22779337629143903
0.6763382600842478
0.3216527436374843
0.39633895657711893
0.08712200461800013
0.5216872972078006
0.2516691131979112
0.1612675468220992
0.32787934948816666
0.385257259001782
0.34225073860786015
0.47842728093870157
0.268622375669759
0.5143923405742239
0.29113643329722905
0.33846865295585626
0.3250099593808935
0.12576328521803237
0.23752468075890665
0.26649505465593304
0.7749857132780402
0.33712013462347645
0.39938793880258494
0.24169405524770404
1.740865193131902
0.11343053662850888
0.05227381883864535
0.369316465858299
0.2576730724607623
0.32149146289214414
0.38115273419857143
0.8036610434228812
0.5624753192410941
0.27639832504326556
0.3698470324313581
0.5243376024795374
0.254578893813485
0.2501938297001258
0.2109717479178972
0.06620381015323495
0.31731354688332747
1.1913074705377449
0.22431546855195794
0.28846738702970054
0.02371970137524393
0.34866633873443487
0.14706222554445336
0.26248460412474817
0.39769692937592804
0.2628798653765232
0.24839785956909832
0.04133349676451825
0.18976895997614296
0.05322343369398386
0.15227381883864588
0.1503304956520255
0.31062907362097736
0.659618919740665
1.1520500549179813
0.6982710421266844
0.026247906910645824
0.10128750204211645
0.17816854393393466
0.19059641039642905
1.6063454342273742
0.20031285026440848
0.44772618116135465
0.2702584259583771
0.05934463800042611
0.2515788992847927
0.9713326836870761
0.28810601827343163
0.1519771176206115
0.06653165206718192
0.3028466059083934
0.17813475021947411
0.11679799104188504
0.07747232389680736
0.36724179202563345
0.22961017970939768
0.03293708530384265
0.1384686529558561
1.1142429060156092
0.3963435823133876
0.06951984419932877
0.37039865155759344
0.42397078854069736
1.0132485243071745
0.1301138835921165
0.33474147704346624
0.3587340829391401
0.30725021555502874
0.11178892646361938
0.01600680976003055
0.0014053210780780034
0.2017554813279281
1.0639193021166795
0.33313570547220106
0.07025842595837695
0.35870556639491724
0.05967079708804501
0.035777594582805605
0.6716755690579976
0.43320238199341343
0.15763619077582813
0.28890568491708013
0.23074759057430239
0.39464971275878113
0.2812567141581619
1.5618566255066186
0.06718071594007657
0.160063132117644
0.3433751496961239
0.14861725241864754
0.21987291745125415
0.3929722761489396
0.27363454372993967
0.1484880743892587
0.3507857418088456
0.14190991569907752
0.3597579253136667
0.288193419159545
0.2364373269824025
0.047949945082018886
0.19634358231338744
0.13907297379874084
0.07850853710785621
0.1612957212522561
0.9068487313716922
0.331298556059088
0.33071916254401845
0.17813475021947411
0.7345671073465585
0.3377778370671267
0.28520623783120236
0.32830401165078094
0.09830940282789324
0.15019382970012618
0.04566873236505131
1.9378791265025264
0.2668886851640426
0.00683863935230189
1.0641040509955522
0.011278365419927106
0.08872163458007254
0.020256917244278583
0.28136620547936
0.35730269021819083
0.17619321795067577
0.3280420192028961
0.15227381883864588
0.32195330271016065
0.34589680950291246
0.09233592149914482
0.1384686529558561
0.3411453975176242
0.549806170299874
0.2963389565771193
0.06723196231060413
0.539934389139213
0.3914153988564806
0.749062772661274
0.385451596838581
0.31755438305521544
0.49338013451455787
1.7385856235669008
0.2775757648914787
0.018002997105425855
0.008168916158602713
0.12085827683585659
0.32332716037516374
0.24078897347990136
0.182861390317397
0.17254064876734976
0.029741574041623586
0.3742301931442018
0.013291143790135074
0.08941104256373045
0.4276186017140633
0.29885299009181043
0.3586865351166688
0.24504347833227857
0.2672417920256338
0.3872516677780595
0.19780275102418
0.11523751801891802
0.3375246807589063
0.16103136097032245
0.026247906910645824
0.17813475021947411
0.1564032048116193
1.5263571523691732
0.08371442602162116
0.07025842595837695
0.30255700432187727
0.3066161477227949
0.12620321070706808
0.24561058646552514
1.062475319241094
0.028274593611271825
0.32559720905841516
0.35497706219910796
0.1825590878621517
0.24650893275907393
0.2618566255066179
0.16497032369773112
1.1327700212425373
0.26481545255866656
0.13276803768939605
0.2644285152794188
0.0444690105840273
0.21914848548000965
0.0904437040546835
0.27162187904504176
0.27522575478736755
0.14591336799043741
0.00435812998004792
0.062008800394589336
0.1541851597137427
0.07375209308935471
0.5711264312494526
0.3343470426531914
0.234321316873201
0.3019288769441548
0.2515788992847927
0.3828613903173972
0.26247531924109335
0.218428704638149
0.4245225287698666
0.23960549220469485
0.25750910542680217
0.0748385405379528
0.38389552735242916
0.19841233694380556
0.3236679749039961
0.25793058650112144
0.4306962350570256
0.13275820797436655
0.332133863358993
0.2595845413369666
0.6511370324401202
0.4785085371078557
0.13777783706712654
0.25547289340300683
0.12500995938089332
0.013321425228942196
0.20587595578264217
0.029741574041623586
0.3099613052730783
0.026530957923071696
0.8057907727834239
0.22766974136495755
0.32149146289214414
0.3836578946450544
0.8047420843391322
0.37387083386855124
0.1824298879192936
0.16461417787514776
0.14416318319760446
0.40358679503096084
0.22119511395680025
0.169329463356112
0.21538437529829135
0.081273777872644
0.3375952178598576
0.34789651346711636
0.3550029069564147
1.2729195125082384
0.17576250317127862
0.6225457399324226
0.31774359392045337
0.14878362552406
0.2371201346234768
0.32620321070706826
0.5631479409710121
0.34789651346711636
0.37142537439517653
0.5218652497805261
0.30661986548544196
0.06988611640788367
0.17898417058891702
1.4705875123371097
0.322527676103193
1.742830177121367
0.7309792014672967
0.32925859629567356
1.1254913451968624
0.3297173297642795
0.33776331293021045
0.29518585898166005
2.858666503235481
0.19464971275878096
0.06781978289389734
0.258284435834339
0.31274833222194065
0.10056030464795729
0.13071916254401827
0.2329691279721109
0.15044001669880736
0.32149146289214414
0.30064330113673066
0.34443040091329724
0.23404148422233462
0.14109121229792176
0.23693164425811286
0.11145577341604884
0.24653036297967112
0.3381433744933817
0.33897812537961514
0.0803168244559247
0.19638284393722216
0.04256350988402069
0.39633895657711893
0.21437144129029662
0.38492698022785987
0.18908026851751192
0.12252767610319282
0.46874009375775305
0.23814337449338208
0.1942616926559504
0.4239134533601847
0.19633895657711875
0.2858050455475398
0.2323563051307458
0.1962357821683911
0.14701771445862466
0.0745365894041683
0.1578809984448304
0.49659996061604517
0.03203496540443318
0.0963389565771191
0.051840722324238975
0.2756623975204624
0.33712013462347645
0.3381433744933817
0.2628027218244968
0.16815491375618574
0.19055864580540138
0.3128560984421469
0.05830805744567069
0.22708048749176157
0.015563848304540606
0.1702584259583766
0.38859978809420337
0.23644106202788517
1.8360770329735399
0.01914848548000947
0.4371880304656566
0.3800075026411047
0.1046003059218279
0.15227381883864588
0.2550753656053546
0.07813475021947358
0.05995483478057828
0.6737348277835755
0.12773744394829833
0.25474788113190616
0.28822562963200227
0.33985208370498565
0.9670308720278893
0.14727849315416464
0.08860594420597323
0.2769730232686154
0.3048547309362535
0.34286449389356477
0.34413109142748244
0.0996646085953028
0.2442668502015728
0.037382393917547496
0.4251614594620472
0.2501938297001258
0.14614899860374297
0.12302697673138407
0.40002385539960716
0.2301440474175136
0.9083615862919832
0.07233025863504317
0.4030253662324883
0.4189345207638535
0.14938851691487276
0.3632472087803533
0.35310158943994185
0.4157832142765887
0.3737967892929319
0.022697264722319588
0.777411550960525
0.2639229670264598
0.2531114599579114
0.07025842595837695
1.190614696926919
0.16334390493622664
0.2528894981962537
0.07170408241567028
0.23991540893511676
0.026203210707068436
0.49943969535204236
0.4544545464112826
0.0016365973996537164
0.03265108836653674
0.017113282078447867
0.07025842595837695
0.2539722331874623
0.026247906910645824
2.041305346977148
0.34416318319760464
0.3820589672060546
0.07116016682291537
0.27747232389680754
0.281571295361851
0.6135888667515754
0.14163885912473084
0.35740149996387327
0.0010214757519335649
0.11481747659881592
0.049806170299874
0.40519606539342234
0.4466153675202973
0.14101608962728562
0.1261151674524692
0.021865249780526064
0.12620321070706808
0.17531170270290364
0.8615642124140122
0.32039623638877046
0.3690640906454723
0.04617012192465175
0.33943027025027384
0.22766974136495755
0.3293132198618318
0.34744866225263227
0.16148206977401092
0.32620321070706826
0.3211309883180151
0.3602309334598912
0.14027808331424918
0.30302536623248866
0.8660913992101982
0.15492174257379077
0.13814327908028723
0.010097224448848863
0.7566679610592013
0.3002036386103528
0.44719084119267194
0.6556780676272469
0.13128200937051293
0.1671134078367471
2.12829591758433
0.07074140370432591
0.3775562688024827
1.7239371166078756
0.09002276890976724
0.3805176808572863
0.22076690114369057
0.21441681790324374
0.32953430874956435
0.05799055330388736
0.2450821313731142
0.46287986537652337
0.040407178414051614
0.37085624011739693
0.326683572004292
0.09480393460657766
0.0443897271278475
0.09557231240321418
0.20320435252135827
0.3549316840028931
0.34308879035835194
0.12258844903947441
0.6486182227837984
0.2571962651783375
0.5474238435875334
0.2403292029119548
0.11678583270198928
0.3017554813279286
0.35094531854516564
0.13326020933957938
0.4661206381585643
0.28233748937826064
0.25750910542680217
0.137532522758387
0.12026934177035109
0.08101654956515691
0.39478007315981767
0.0477261811613543
0.1359213244603108
0.32724801191622
0.32620321070706826
0.3316963996776199
0.14382260935609548
0.28755352605613727
0.9668642945277988
0.18760719338185616
0.32376671243708
0.3477066157918829
1.7458048440885934
0.3867923426497457
0.07572944273059878
0.37512531604878596
0.39454839282713117
1.5933801345145584
0.2579682488174271
0.3004470130051322
0.3029544718015531
0.08596119905737609
0.21488478866260863
0.11747704255523761
0.12986865142902992
0.30084997327475893
1.4649040861716696
0.6348100403654167
0.24638231969114077
0.26358610683113604
0.26770344217265407
0.3000238553996075
0.23122998466673028
0.2922827779121162
0.03936421681555302
0.10715130414104213
0.1311960387122202
0.349261607088331
0.061856625506618634
0.16129338089026568
0.02787412237746789
0.35903438029293433
0.025452817617474643
0.2966038614815174
0.40571981651667066
0.24550719842159907
0.08192715665130468
0.47152673797343336
0.25184072232424004
1.4610704583061125
0.43249291023716374
0.11507301977214013
0.39399411784710026
0.080272080674062
0.47699766041577085
0.31646571185094263
0.2522738188386455
1.1148516008495326
0.2604003028110684
0.013319222960072707
1.2135925856068868
0.13095124197967412
0.1202398784187082
0.013997482500482938
1.3220979226795864
0.2546519564874723
0.1233318980004805
0.0012875020421159178
0.3488925945692811
0.14676612232637787
0.13752468075890611
0.31623209622550963
0.31476320839887695
0.025812373585941017
0.37236147342572945
0.21356262291469452
0.39399411784710026
0.2679051870924729
0.13278054223474367
0.2799265471025594
0.31693103348288165
0.3415060970033279
1.315827962098723
0.3426588339110106
0.44909318715524105
0.2398697041753719
0.2123315519492026
0.13752468075890611
0.9586665032354817
0.24158158279772035
0.32750415986291337
0.49084250213030867
0.24425161630978298
0.33358376440154025
0.302597051151416
0.13750915213888693
0.3064147736468774
0.0773131165118901
0.18063603068822953
0.19059641039642905
0.33417247393646754
0.4364373269824027
0.2273437857190448
0.07025842595837695
0.08863820947113865
0.3787723696114291
0.36158062428289917
0.22863879007369103
0.2543312676349485
1.0690560051084237
1.7655799313445106
0.6654922720104368
0.321759906470672
0.9261821096571383
0.4347458415687502
0.5520500549179816
0.21375962745074695
0.1218652497805266
0.1518839170587647
1.859211679832912
0.35902281550093385
0.1351240494407513
0.3381433744933817
0.3612675468220994
0.18902613733215645
0.07094381275136641
1.1796037636112295
0.3851483991504674
0.009776795683144712
0.01866373115779929
0.2522738188386455
0.3276697413649572
1.3705330426513704
0.11426907015403742
0.2914535179576516
0.23999609275406186
0.549806170299874
0.20951017643826564
0.3742367147819676
0.27813475021947376
0.20578646893799224
0.281571295361851
0.5859611990573761
0.10854033705073896
0.07969496006356369
0.3385179302259891
0.43132839741853335
0.234321316873201
0.2963389565771193
0.12325800466016634
0.1691721123040466
0.032486071495813285
1.6257810451078987
0.9138784138191971
0.7520481615275969
0.3282959175843301
0.29700069300949483
0.014392340574223894
0.005168969580089389
0.15363533857398526
0.21580693866334233
0.21036888681992671
0.09550583334985596
1.1624753192410937
0.1489535789201799
0.07813475021947358
0.029741574041623586
0.2806073370676918
0.6278962837760016
0.058740462290780115
0.20998509580462787
0.406613145330307
0.2501938297001258
0.3027463797948817
0.5551494231006844
0.1247742452126328
0.32420458220587633
0.6802467028311465
0.510291903753509
0.6576361907758281
0.24080213731335487
0.17813475021947411
0.4337560177903379
0.2963389565771193
0.40571981651667066
0.28006687949223874
0.697294622878684
0.40227148028794435
0.5949550359402425
0.04286449389356495
0.021865249780526064
0.09837910246491344
0.24259873601965776
0.06638549157124274
0.4748911019634843
0.05000785640747196
0.26306835574188714
0.2214914628921445
1.65785239595429
0.3784880755461568
0.24966950434797486
0.1789564651361779
0.36290148139787526
0.010979899534113713
0.7109988808414194
1.7521126877986406
0.813913055079154
0.27813475021947376
0.30255700432187727
0.2776813731770913
0.27520649842966893
0.3854134159803726
0.25064626233025766
0.28012708254874585
0.33776331293021045
1.8504107455647452
0.31768162322459137
0.4571995043832162
0.23752468075890665
0.13160619233233373
0.12854484529056442
0.30854033705073913
0.6364138931688634
0.289361115436507
0.22630782707584185
0.33071916254401845
0.7438085108722374
0.08911822856094886
0.17859796315314114
0.3016208975350869
0.12624790691064547
0.1702584259583766
0.04966950434797468
0.1518839170587647
0.24193245229174476
0.34303163282943316
0.18276644497931205
0.3347358342738138
0.19088463029914315
0.1645083108190768
0.24710435066921388
0.15796824881742744
0.1483308868020865
0.07375209308935471
0.6731272496957219
0.17566239752046275
0.32131932611352454
0.13307671469591043
0.13814337449338154
0.03752468075890647
0.25132731397922914
0.0706282441606163
0.03643732698240232
0.31566018162234766
0.4204754807328168
0.14130534697714747
0.2597371252165157
0.38475867940215647
1.918955808432596
0.015287920661154253
0.2003909091183207
0.5310210845549355
0.3120045254669481
0.13423455784600868
0.0650318262662406
0.04305417262319278
0.2579706055713453
1.4289281834174679
0.31804644850682084
0.3698470324313581
0.30538277238287304
0.6360770329735397
0.17561001134691345
0.22023987841870873
0.11972791932593818
0.14126392626508988
0.026247906910645824
0.10784319271120424
0.38409747000538097
1.2091021644990665
0.34531084060340245
0.16457494055821265
0.015432638459658143
0.39633895657711893
0.36358610683113657
0.2702584259583771
0.3752251327789349
0.3092919022072955
0.38869168022120437
0.005860865425876938
0.585843152222302
0.36244026936567586
1.0559428571620506
0.08561995293091407
0.14963992891156153
0.19088463029914315
0.0020352276476822695
0.19584520080671552
0.23151700148452914
0.3250099593808935
0.40540122997443717
0.23119603871222072
0.1665227482855185
1.0368771566700596
0.0020352276476822695
0.31884726580142875
1.7702076182737398
0.5382096252668793
0.14879394263286816
0.40202551335362813
0.37619321795067595
0.45460471496263555
0.044163183197604816
0.08795349628769333
0.372330258635043
0.13387936184143534
0.24550719842159907
0.13837235319246322
0.09801125060062699
0.24286449389356513
0.2885396713605317
0.39322127825322983
0.3439426724061052
0.16179037473312086
0.17579135199119822
0.1773865095647702
0.691298008242863
0.7843506495432129
0.10217817358404258
0.006579559379408906
0.4167005488218054
0.2838955273524295
0.008729897052423219
0.2522738188386455
0.31086212787613743
0.07483530313193931
0.3381433744933817
0.551669113197911
0.03752468075890647
0.25132731397922914
0.4785085371078557
0.3287435264253302
0.14853841250007527
0.2402255328827625
0.09983321034304815
0.2522738188386455
0.22829591758432954
0.06889760724456817
0.33724035556323084
0.0661157503423988
0.2078317727933081
0.366263096505711
0.12500995938089332
0.04499709304358479
0.6191539472137517
0.28012708254874585
0.020714835537501308
0.13437937392966415
0.34878203467156244
0.31504579286353085
0.17459903673327393
0.38928139264881345
0.1305169975276428
1.0872516677780597
0.22241433057404603
1.4346088205635468
0.322527676103193
0.3351964874554083
0.4458203414789166
0.25525206561109304
0.5057198165166703
0.01973730922668615
0.16990328621202622
0.1496695043479752
0.008877640166725875
0.678984170588917
0.05583681680239572
0.37950925777018885
0.11635202386654342
0.32036245921462214
2.001928876944155
0.13642695280017314
0.30355002127010344
0.11281578799913028
0.3101557544934659
0.01815356579544325
0.2393642168155532
0.18267548975508685
0.4478730699323821
0.23095955876659335
0.33822824625876535
1.4628798653765234
0.5126404942645424
0.362176961498645
0.036460537199200616
0.004570595871514094
0.47379678929293156
0.2787189817308695
0.17810386218305663
0.26323001772252397
0.34206032673626563
0.023002339584229148
0.1512870508018258
0.10505875911684548
0.5970455281984473
0.26711340783674764
0.35013195112651463
0.006664719149684473
0.3164056262836086
0.1620674765054737
0.36590178918160987
0.2557766414459026
0.6364888488146665
0.374703342945625
0.34413109142748244
0.034397927335828804
0.25849390299667174
0.23450772798956354
0.0769730232686161
0.4326558711365891
0.33227390255351974
0.21727742277885387
0.06211867376413149
0.05579509679667005
0.12773744394829833
1.1293161291097817
0.266381394529863
0.16991674933716983
0.4642838459717158
1.0982445186720717
0.047110501803746097
0.03229655782734575
0.04681272719015794
0.39633895657711893
0.40219539911562574
0.003967148338007931
0.33846865295585626
1.164705977397273
0.2214914628921445
0.3394552588263089
0.4062663665623072
0.2106290736209777
0.221953302710161
1.5996562499743332
0.31606879777777497
0.2230269767313846
0.11359258560688712
0.39183108384139764
0.26261612008339785
0.4503304956520253
0.2763320250960035
0.23843581203759356
0.141108801612166
0.267076008700184
0.2401646032854421
0.23066307725736035
0.17680278828495855
0.5192015107475374
0.32914375988260325
0.3929722761489396
0.23331878398464134
0.07813475021947358
0.18004464231324402
0.0010624037233464279
0.026827018752419995
0.23846865295585662
0.2724098036401772
0.13752468075890611
0.23967192047190533
0.21828295851451873
0.12516145946204738
0.041313613758918066
0.031606192332333194
0.2522738188386455
0.05377522048667149
0.14772618116135483
0.012322553077862786
0.04966950434797468
0.04443292538511834
0.06161029357865644
0.3727779588303246
0.04351236540268033
0.1301138835921165
0.11843829599098754
0.1489535789201799
0.33646053719920044
0.23846865295585662
0.25402306517400763
0.05227381883864535
0.07170408241567028
0.3867090527428001
0.3345113150341863
0.1935188754125159
0.4218769516818819
0.36313623421247687
0.36358610683113657
0.2262032107070686
0.28471207933884646
0.04389897402617393
0.604504060520024
0.2863958383145606
0.15401305940051468
0.2389665112214434
0.14269730978180917
0.27572944273059896
0.5843213422588347
0.00575651528606258
0.15019382970012618
0.30843268980066174
0.23423256436978424
0.23945525882630925
0.4135626229146947
0.2654328926534415
0.18553752840215498
0.3489535789201801
0.264512173947006
0.23040570704408214
0.2963389565771193
0.07025842595837695
0.06222216293287364
0.3345077279895632
0.1702584259583766
0.28891097762600104
0.2716273028877074
0.39145351795765126
0.20142776826812803
0.03993438913921299
0.21314697982884478
0.32843196756249515
0.3624753192410939
0.06358610683113586
0.1478965134671162
0.25412073925948153
0.010097224448848863
0.16283634105371103
0.2539397106769625
0.3544735368150045
0.5218652497805261
0.20380368097699897
0.7218652497805262
0.9259034111000464
0.32620321070706826
0.028380620296024617
0.22779337629143903
0.17292190725803458
0.07170408241567028
0.3934867863015201
0.2839542283856282
0.3031695632174456
0.29999107265863234
0.04855900168147631
0.07440816463788291
0.27813475021947376
0.3381433744933817
0.12951771755918262
0.31025842595837716
0.17781828935243826
0.15967079708804555
0.14065536199957407
0.32687319396600945
0.16185662550661828
0.022228805229104864
0.5452521188680937
0.2566141436245166
0.14992587572498106
0.38541346647948416
0.34710519517685956
0.18976895997614296
0.1624753192410937
0.1301138835921165
0.38534153721125897
0.2262032107070686
0.2646703257039835
0.40098661479278874
0.007729626196390171
0.24555482428120712
0.7534694293705426
0.14353711174514316
0.007035400569560757
1.790295689450172
0.3381433744933817
0.3489535789201801
0.27462501908291603
0.904342269609808
0.3752251327789349
0.23991385313003377
0.40274637979488137
0.22816427119438654
0.45460471496263555
0.3592131743995868
0.2267597942879851
1.7429407094249765
0.07025842595837695
0.08741648874648078
0.3060333036265428
0.4368098508700964
0.35310158943994185
1.4420273219775002
0.061593889693359216
0.01727966760811217
1.3591234128384873
1.2694668784227865
0.0012875020421159178
0.42912718216984835
0.04101608962728598
1.6503304956520255
0.27767469592283156
0.20325417143456814
0.061580624282898455
0.40852515601370687
0.2052143500504835
0.2327582079743662
0.029741574041623586
1.132725875687961
0.0379911996054112
0.46153134704414356
0.2838862336343926
0.5763320250960042
0.004599301964359981
0.7335837644015406
0.6477261811613548
0.3683924399629266
0.27813475021947376
0.3249330694761241
0.2984419917464498
0.26860470356117094
0.4020352276476826
0.13160619233233373
0.549806170299874
0.30255700432187727
0.25322343369398403
0.2257632852180329
0.1848896030541214
0.24920847835112436
0.3148516008495328
0.0628798653765239
0.3305614272874644
0.3750843734721636
0.40519606539342234
0.14259873601965722
0.3854008241632103
0.31036888681992725
0.13035105567390826
0.37299948897153534
1.068918819375856
0.1694995500660612
0.15110740543071888
0.5157832142765884
0.31463117752055236
0.23499184683077345
0.3615313470441439
0.012856098442147967
0.24650893275907393
0.569239874103654
0.10938807067752965
0.10839436636337219
0.15227381883864588
0.2602397862185768
0.29198538846248745
0.226247906910646
0.6263571523691729
0.164705977397273
0.26463252276342875
1.0450782574262094
0.2704284597355757
0.2945725690289285
0.09330402021209316
0.46153134704414356
0.25806754770825524
0.1233318980004805
0.0477261811613543
0.061408511506695795
0.2042007046130161
0.1117548069441785
0.4239134533601847
0.3954344744596634
0.010588957436270086
0.13031406656962652
0.1924906425058781
0.6129453979370583
0.2864203017338065
0.3276468903289169
0.39399411784710026
0.18958826091911707
0.25760457004688764
0.33103712860032797
0.1463970652990758
0.32034551379600806
0.013726173533495256
0.16590178918161058
0.014335976891512558
0.12366173991575202
1.4643044071273694
0.3049172503217692
2.562737546102892
0.37418402056241185
0.2586865351166683
0.31451652696536225
0.30498794497465465
0.08421678572341129
0.3886503022353258
0.030120297102609328
0.34075018711520233
0.11927591749467403
0.26624790691064604
0.4292817703074112
0.3276697413649572
1.1187262221273562
0.3494133307212657
0.35716982287863264
0.06179037473312032
0.3481592776757614
0.15882722093506718
0.30166333125181843
0.3224930487643034
0.3470463050069066
0.1199954847031135
0.475934506075669
0.16913409671130797
0.3524699314557873
0.36412467304485485
0.1851483991504672
0.4850663245119158
0.009433825814361363
0.3211309883180151
0.13011353757334376
0.3725123175723848
0.03094077047106314
0.3563858775793536
0.14697399196089034
0.18807684278507342
0.39339811215538756
0.258404831862558
0.26848299851547086
0.31736675120382607
0.05426767013002731
0.014705883006256748
0.10366104342288107
0.21017861063940035
0.1687179906294869
0.2558577830674418
1.322527676103193
0.6000814474364793
0.34260357510877437
0.07871898173086933
0.33747635086273764
0.40175548132792827
0.18584923396899278
0.06949955006606157
0.09350866991479378
0.8004604569547302
0.056053390302237105
0.3479499450820187
0.022145557267918115
0.3856199529309139
0.8723813982859365
0.07025842595837695
0.07813475021947358
0.14752281590560923
0.10789534412699098
0.8241385307403197
0.15227381883864588
0.16549611989622282
0.05589717013610773
0.05019382970012565
0.0012875020421159178
0.5211070827934465
0.043088790358352114
0.30874130375255593
0.3026499731499692
0.2914790103496214
0.24256876606540345
0.018044451300968767
0.2921002248850799
0.27969209970507247
0.3601311227508157
1.049806170299874
0.18681001682363174
0.3868100168236319
0.3381433744933817
0.2806360306882292
0.3752064984296686
0.33959237632760164
1.485165175153016
0.42933536405384043
0.23335771721164544
0.5620088003945893
0.3546938890545368
0.352576156412467
0.18065362000115925
0.2389295416938868
0.06404071532541789
0.5926256698483598
0.31745135389555923
0.2923786907212138
0.24752611477333453
0.3639229670264603
0.06870509634045252
2.8468984105600574
0.22259789431423993
0.23796895900563353
0.13638877947397354
0.1600039072459385
0.31191456563967446
0.1611678131085954
0.2170431513874469
0.07317296103982063
0.6574149296444025
0.40791040912784915
0.27018336550211774
0.1478380132767505
0.09679564747864244
0.296307073147692
0.30850147969841224
0.006845488979892345
0.37619321795067595
0.015563848304540606
0.3698231011656299
0.2485384125000758
0.5684829985154707
0.1489535789201799
0.6148516008495353
0.3675070897628361
0.2607053029564428
0.18254864610444077
0.2931613606476988
0.2702584259583771
1.0785085371078562
0.32088082197807033
0.25205487772660984
0.3375246807589063
0.1643328374252171
0.2113862434487439
0.13381324804969275
0.4057687133967285
0.6549237821215081
0.2260330119404168
0.6674488549067537
0.1624674772416137
0.09733545908514607
1.2655799313445106
0.2015917279430548
0.9832020089581146
0.031606192332333194
0.26839380766766663
0.3594047473929871
0.22636928540968615
0.17423019314420163
1.286572677870942
0.18482381700533068
0.3019121101799236
1.535273042915505
0.3286607726941462
0.14516600595042295
0.29938942316535133
0.02033877626679903
0.4709115087093725
0.07025842595837695
0.21561310726259109
0.1315170014845295
0.2262032107070686
0.3838862336343922
0.045166005950423305
0.03752468075890647
0.32902488167027943
0.11941182893271307
0.331405407796761
0.23160619233233337
0.1342670695277315
0.08714390155785257
0.4334683479328181
0.12149146289214396
0.018310206118210992
0.029638592425416554
0.3375246807589063
0.003661043422881427
0.07115004462236385
0.029741574041623586
0.08359164710375921
0.062008800394589336
0.1702584259583766
0.4620088003945888
0.09853466266119604
0.13752468075890611
0.28947343806613723
0.28214406692987737
0.226247906910646
0.24286449389356513
0.07107181658253214
0.44772618116135465
0.1702584259583766
0.10586686506774523
0.30141193092724183
0.5908510197466628
1.264159573025693
0.2307191625440188
0.40295447180155275
0.2522738188386455
0.2743863388986396
0.027669741364957368
1.2826864531166722
0.29414276706587117
0.31561310726259073
0.28514839915046775
0.3238232802525438
0.322154232397593
0.3017554813279286
0.3172774227788535
0.16023978557221596
0.22186524978052624
0.34416318319760464
0.6254913451968624
0.30056030464795747
0.6624753192410937
0.13814337449338154
0.2610907544766228
0.07025842595837695
0.33831857235694063
0.21987291745125415
0.32734378571904443
0.06061901308539852
0.2724638327760811
0.4918310838413973
0.32620321070706826
0.07025842595837695
0.20227148028794417
0.4000080213127948
0.13760081907900545
0.24554255462646513
0.23782868329440987
0.24622987624345427
0.2909568809723284
0.2579992045295372
0.24290263920809974
0.37324020571201455
0.40274637979488137
0.15310158943994168
1.8442245527928822
0.01274833222193994
0.34078832016708827
0.20740993453394285
0.05250913577131833
0.2496686656921101
0.1103829301781909
0.05227381883864535
0.029741574041623586
0.4921536765866721
0.05397223318746214
0.6242375544439991
0.10883401926796044
0.3077141677176378
0.22076925189840946
0.17813475021947411
0.3828613903173972
0.17992654710255884
0.15967079708804555
2.8528894981962534
0.3407867127572297
0.39633895657711893
0.040225532882762316
0.3893709263790228
0.10465713195922
0.016691208486411035
0.16940593288280148
0.43349244886856475
0.21184787542433003
0.19542940412848608
0.07246383277608093
0.06718071594007657
0.11935617346674121
0.9014053210780784
0.4196172386642498
0.13059406711719923
0.0443897271278475
0.09744299567812309
0.03751781982363234
0.07665670528997204
0.0017554813279279102
1.2060298267402478
0.1694995500660612
2.1305004499339386
0.08214164892948528
0.2073501205553443
0.13185765295248686
0.17813475021947411
0.28740207396538064
0.2208327896949136
0.09781025114629394
0.5195359791270615
0.0515880687312924
0.35316356405727856
0.3759874945372159
0.3225045986381092
0.12736734233881553
0.02334867168311927
0.21485160084953225
0.39633895657711893
0.6660153392222847
0.03752468075890647
0.46867836653030803
0.03752468075890647
0.22182360884736774
0.038766955080632215
0.37619321795067595
0.32680077987440637
0.06356992645968429
0.06181647019023462
0.001275924994615707
0.20450406052002368
0.11017861063940071
0.26883288210151424
0.294780073159818
0.0381433744933819
0.4128131382947915
0.3518407223242388
0.002573765021559815
0.465500772195635
0.26247531924109335
0.497253620205119
0.10642614392879768
0.2267035343629269
0.2708562401173964
0.39633895657711893
0.1702584259583766
0.0057525139478062925
0.4218652497805264
0.2214914628921445
0.2854400753079256
0.029741574041623586
0.2980959605409357
0.26990328621202586
0.15019382970012618
0.34820799046280815
0.1420633478486959
0.28679234264974607
0.05704335214199041
0.10684800476198131
0.34744866225263227
0.07335578733415105
0.26727114430325916
0.3980816692314928
0.11592139980656846
0.8540059641967295
0.3828477300154125
0.34853841250007545
0.3649040861716699
0.8149465223837238
0.16940593288280148
0.03326020933957885
0.3685454063871454
0.051239584249491266
0.0807547715063599
0.4503304956520253
0.3375246807589063
0.4067095940741501
0.1954029794181107
0.21439234057422407
0.04973380143234252
0.22366173991575167
0.2501938297001258
0.5886460950016676
0.02516469686806122
0.19704205562831856
0.3425987360196574
0.239689198272111
0.23381324804969328
0.38194674754731217
0.33614982016332906
0.2887216345800727
0.3425850703555975
1.8393906792183214
0.11379960711778914
0.17665670528997168
0.09808788982007677
0.19246031593080826
0.2628798653765232
0.15019382970012618
0.278680673886476
0.10554993734210782
0.0704021512825399
0.17619321795067577
0.09638284393722252
0.30366104342288125
0.29542940412848573
0.24508592400148554
0.3516447544489214
0.003661043422881427
0.3322965578273456
0.021975805107809165
0.18819341915954535
0.37169598834921924
0.6983094028278929
0.206632215459579
0.9900149041953723
0.02302697673138443
0.5622923686832957
0.27698048892255667
0.6183230908871353
0.07935327563557326
0.29860413066310354
0.26008614686996623
0.4218652497805264
0.04934669910419309
0.4146895671041104
0.650901657295381
0.4282959175843297
0.1905180855431361
0.36358610683113657
0.33071916254401845
0.46324720878035297
0.03792505026138748
0.23685205902898865
0.044192038157564895
0.04913333668525599
0.12576328521803237
0.21941257369736444
0.2487820346715628
0.07375209308935471
0.6624753192410937
0.6843554826613607
0.4206479675941557
0.3882110735363806
0.36280272182449647
0.37619321795067595
0.3320049583119742
0.19633580368084846
0.2791946225701407
0.3225884490394746
0.28933373127307327
0.11403880094262409
0.7167012974464742
0.32620321070706826
0.19284856274979845
0.40175548132792827
0.24259873601965776
0.05101089607233078
0.1368703951890975
0.25078574180884594
0.33504194648128305
0.055002906956414854
0.0972431414628252
0.02896108147156795
0.3220964169118883
0.12831212850139373
0.22300233958422933
0.225898461022072
0.35310158943994185
0.07025842595837695
0.1315170014845295
1.516685227648673
0.04257927179247023
0.33307413437298994
0.4096300016846337
0.33481442912285164
0.12620321070706808
0.006005882152899211
0.24597712804945626
0.26867836653030785
0.22867463353286865
0.07025842595837695
0.3690487580203259
0.3866981434779131
0.1801270825487462
0.15529504054792032
0.13712013462347628
0.3289854488274786
0.9551494231006847
0.32686336824357465
0.2609098959378091
0.3148516008495328
0.39633895657711893
0.1615127344224625
0.3224424410812796
0.21872622212735582
2.114408330071993
0.3571355061064354
0.09953718717488247
0.18691665432322413
0.10175548132792844
0.11744091213784902
0.3197532971688535
0.0820022498244839
0.0545788938134848
0.13474147704346606
0.46990328621202604
0.07499004061910686
0.2672417920256338
0.40274637979488137
0.5220872867988424
0.2646566536221888
0.1398688772491843
0.0656786831267997
0.6457674640232565
0.005786468937992062
0.6057198165166708
0.3961744438720478
0.22766974136495755
0.37093226328907836
0.9558995570543924
0.30402409417199916
0.24542110618651503
0.14446901058402783
0.02149146289214432
0.5329966006365234
0.0472251933405623
0.13814337449338154
0.17754750091792015
0.006005882152899211
0.0806817005606204
0.5832283167457417
0.3835878342378374
0.35902281550093385
0.25873408293914046
0.23756618597324497
0.15340336647200203
0.9194585014229224
0.29883417706523563
0.2907262550312586
0.3013691589444738
0.2565941596313097
0.15797410297718795
0.519995484703113
0.10874765466283609
0.3618390968412557
0.3391599291495604
0.20863652913497344
0.47596693030419956
0.28514839915046775
0.3549316840028931
0.2246554718554199
0.3408077769144109
0.23752468075890665
0.4158833784539313
0.07817639115263209
0.3679740908969569
0.410158263929417
0.16111835608549274
0.418726222127356
0.028824884084529323
0.327721879113855
0.1629268175684695
0.3261334798761393
0.20140532107807818
0.36357015413052274
0.1905180855431361
0.17423019314420163
0.33129490365954783
0.39952797844222854
0.37847285542801057
0.7218652497805262
0.32624790691064565
0.16023978621857715
0.04934669910419309
0.3148348248469839
0.22925821933835788
0.37677781020443835
0.39163841370801666
0.12149146289214396
0.24966950434797486
0.18718438197622067
0.15044001669880736
0.28958610715384925
0.21755647781849152
0.12345088400871873
0.12149146289214396
0.2558079618424349
0.6348100403654167
0.1558995519453843
0.46673979066042115
0.1218961378169432
0.32149146289214414
0.434864268006387
0.003739480646710369
0.3375091521388871
0.15005780068221064
0.27813475021947376
0.2712439821309802
0.16334390493622664
0.5420526145228202
0.3367443512461854
0.01914848548000947
0.09050660532492838
0.1329656329162585
0.11614781087712522
0.32149146289214414
0.6851848344412463
0.1860117566773889
0.21812826438719934
0.11849412649067581
0.06298847373466554
0.4367527912196474
0.09095688097232824
0.39059641039642923
0.11656061822486219
0.262679011576469
0.36561855884069505
0.19853466266119657
0.2945725690289285
0.009169924568176668
0.44754907252680454
0.33500529462623607
0.30048088721873256
0.2179421924304057
0.3363120352891782
0.3851483991504674
0.13843578758598785
0.019014318749643877
0.2031374240931676
0.2439413667732211
0.22989605573703642
0.2745086548031379
0.0262570100498154
0.27535052634267654
0.9012875020421163
0.3167949703643016
0.3029544718015531
0.16317525467389782
0.3824298879192938
0.16118999101515108
0.15246569602701232
1.2099791544027374
0.029741574041623586
0.10595248670279656
0.35456992915725394
0.44777019298166554
0.01898345043484362
0.17364284763082694
0.4223848867492128
0.1178583510705149
0.25185135802055036
0.1933352808503157
0.3241417542301921
0.06781978289389734
0.16267901157646936
0.3517503779435591
0.24352651104158607
0.24947992220179138
0.36158062428289917
0.04905997885812319
0.3692808374559817
0.06649505465593286
0.39154547215212343
0.049806170299874
0.23011388359211704
0.11651089994309949
0.2993879388025853
0.32624790691064565
1.8683938076676663
0.16425222579601062
0.35603132676919547
0.07025842595837695
0.1384686529558561
1.557401263980343
0.30200590840026376
0.3375246807589063
0.12862849712965474
0.08729817019085129
0.30672562166421624
0.24693306281055705
0.20056030464795782
0.1964179009805891
0.3009866147927891
0.023818150774196134
0.26774752115651523
0.0748385405379528
0.06060932078167802
0.2679129408450258
0.8737368654168698
0.33892954169388645
0.8232053108995459
0.24075018711520269
0.2546427695999798
0.4591234128384869
0.8354878260529945
0.12624790691064547
0.2382347458366585
0.2602397855722165
0.14928474233161637
0.3041389680183313
0.27152763831296856
0.39802273904969443
0.0066198654854421335
0.6276647398275008
0.615237518018918
1.4539289308267929
0.3531685720735567
0.08680589237624226
0.1504353136407941
0.17813475021947411
0.226247906910646
0.6355677393821706
0.22685000009606338
0.005324905069529429
0.1634139497205176
0.028295917584330255
0.049694322353259324
0.19799409159973624
0.17415604424731335
0.13999609275406133
0.24772618116135448
0.32376671243708
0.1772793228594498
0.12413015468497512
0.1489535789201799
0.243822609356096
0.19608953385697436
0.2371201346234768
0.3903156268956689
0.03350700361021808
0.39288239685669524
0.3601139988815847
0.3441367973924345
0.16287986537652355
0.0017554813279279102
0.2910176005141816
0.40575606382675655
0.27381789034286186
0.007858428016236374
0.40962726563914487
0.3541207392594812
0.26006561086078683
0.26358610683113604
2.2220872867988426
0.34676612232637805
0.18398860097070724
0.35865908166241045
0.04879771893450524
0.12620321070706808
1.2109988808414194
0.10190403945906468
0.026247906910645824
0.4500566352618751
0.2984082720569452
0.12152714457198943
0.2351765456326147
0.19579564698416263
0.4503304956520253
0.25510462916197785
0.2617885093812484
0.35782609361249484
0.0379911996054112
0.025435518363792653
0.34202589702281205
0.3480955680971727
0.33642984586947744
0.22252767610319246
0.332151784530506
0.226247906910646
0.3084334120448604
0.19871249795788426
0.08178159056433554
1.167009912291749
0.46928083745598137
0.2963389565771193
0.17666093711109276
0.12149146289214396
0.6922347612246815
0.32149146289214414
0.026247906910645824
0.6582132143923269
0.5871439015578526
0.32953430874956435
0.3537516307455979
0.05202907789326083
0.2761932179506763
0.36567773938822157
0.38002567663986486
0.18150512544204034
0.23089917686233807
1.1448202831964158
0.12325800466016634
0.06655732972583017
0.029601348442406916
0.37619321795067595
1.1545714912323115
0.24934669910419327
0.17454564274862072
0.3183563034652481
0.06853486244761431
0.34236380922417187
0.19275289268330464
1.1893709263790226
0.3148516008495328
0.21488478866260863
0.08563429719598314
0.3017554813279286
0.39633895657711893
0.2702584259583771
0.3500419609595644
0.181048240232065
0.39154547215212343
0.029088491290627516
0.3187732291576717
0.17813475021947411
0.13097920146729702
0.03548782605299472
0.20147964838308585
0.3131636378438545
1.5620104482377242
0.08933508545231561
0.2502931124929271
0.059070613530683325
0.35106030696611157
0.12590341110004655
0.3861215861808027
0.04928474233161673
0.3349918468307731
0.21838171339123758
0.20578646893799224
0.2637678483749166
0.08341057582522371
0.23151700148452914
0.15645718546048748
0.34022553288276214
0.2501938297001258
0.3767997232909597
0.40012497774058087
0.37836240210414296
0.33892954169388645
0.4238181507741965
0.250131951126515
0.46203104099436665
0.18469493032950712
0.5452724465043959
2.93272587568796
0.23846865295585662
1.0532338776736223
0.4504933134093623
0.431884533327743
0.2834105758252239
0.043088790358352114
0.280428533207858
0.09029214822945253
0.3527398866555771
0.33255114509324635
0.9843554826613614
0.12957154026442375
0.17790207732041363
0.3011996315667993
0.32680077987440637
0.23799119960541137
0.2257632852180329
0.0628798653765239
0.3375246807589063
0.205058759116846
2.12829591758433
0.022319111635783706
0.3549316840028931
0.04797092210673881
0.2641246730448552
0.3000522243335677
0.1849269802278597
0.20851688049533657
0.2364605371992008
0.30402409417199916
0.22289806111613775
0.1948039346065773
0.3172774227788535
0.07655300449716496
0.1954029794181107
0.17349795430122317
0.3097078517705478
0.04853841250007562
0.11812826438719881
0.49564513110380304
0.1301138835921165
0.2952996057597925
0.42477424521263263
1.9336641636513923
0.934864268006387
0.17813475021947411
0.26846143664770583
0.012473398898150911
0.11138624344874426
0.10270537712131578
0.6135182892029105
0.15902887309167912
0.1443178066442652
0.1826744845309225
0.3375246807589063
0.2607976235953826
0.29958938011392977
0.16211332640317178
0.20295447180155257
0.3372624538971083
1.0536633017313486
0.044119317094635235
0.34040717841405144
0.22039623638877082
0.1522298070183341
0.3980816692314928
0.6165336517793873
0.3202647365465223
0.32868789786261043
