0.040231777327524476
0.2694451809231273
0.3754589485454698
0.4391896643648039
0.39182718336543676
0.28094376849601943
0.26840395233473835
0.34530540706060453
2.238755898321326
0.34530540706060453
1.3841439943253162
0.209283747244414
0.16550344213680024
0.2575343913598749
0.3249958455534747
0.13438763506882356
0.30177068165480403
0.002539537554300253
0.1482326319758389
0.24530540706060489
0.4233909605370334
0.1456810426514341
0.5245100375688692
0.16966599592951237
0.44338374263184566
0.6519777883548139
0.15906283956991185
0.0009254580958746317
0.1642351716996071
0.054694592939395825
0.022323985619520315
0.05355171570876305
0.764742308956345
0.6077109728076371
0.18905866561653717
0.44808779001466004
0.28150953015597135
0.03556859750462138
0.02699356090236371
0.0028584746391446814
0.11290618949633924
0.33089951566069864
0.31094133438346283
0.06516187613879953
0.09238927204936687
0.34619731695952183
0.8693652610346296
0.46800202624901477
0.5000018585083117
0.3164054098293576
0.39098592701989165
0.01442607660185491
0.4291417122662118
0.34530540706060453
0.4601451129852956
0.15090863347649908
0.1962400661893513
0.26808788665072303
0.2838993461693482
0.15977011963442767
0.04672380116435093
0.4362318476906806
0.29718260441308963
0.16257711530065855
1.220533801848914
0.2868755968721439
0.09316071451674457
0.3971826044130893
1.584273553665275
0.8103829278972485
0.1632286037799373
0.08739022304791888
0.28491582107668645
0.03264060006488645
0.5694532114940394
0.2757842001735371
0.13053385757790092
0.3299311146777324
0.711121327994201
0.1939420223000745
0.3573801711817355
0.10027921388770267
1.215202775402032
0.0023972634943705273
0.49709640268751
0.5844013658450296
0.221426604729964
0.3676861880187303
0.278074885754072
0.30512465313906745
0.19558505270693605
0.034465143642400164
0.3139927715218498
1.3404617433244734
0.24364032942744362
1.138029553150468
0.3710509493430516
0.3710509493430516
0.0767778077009238
0.3792384081608411
0.5301311178785992
0.495566528573419
0.49182190530379
0.03372015099700043
0.7739938620365212
0.45489656753074303
0.5850062878032043
0.006659190098906365
0.29718260441308963
0.4493255561804066
0.4558283995555028
0.43315128225176025
0.4530810233028939
0.19792743873086405
0.10672822184239106
0.34530540706060453
0.16355116181542595
0.1701676208868106
0.06269144373113544
0.28845345758741203
0.8939895578056207
0.5240901989936138
0.011729693586874923
0.49228902719236256
0.1428803014411173
0.19961638604690535
0.7036109283488985
0.27349329846283776
0.9178769661444433
0.23160275105690076
0.3131286026917559
0.07176279797773599
0.8639828910852962
0.2616998111575066
0.30825884438565243
0.40529429261518146
0.2770044944292245
0.02032795255195996
0.11694373337948516
0.3709324849566338
0.020585918705888773
0.07233430306027344
0.04350296421823252
0.4227440607927573
0.19567031224296194
0.47633776248515947
0.42018352651696134
0.8506875623067369
0.026853820867977163
0.16257711530065855
0.01283193219434775
0.7011637060983373
0.15751916919675057
0.020329974713459542
0.054694592939395825
0.2538270122129562
0.054694592939395825
0.12240421496818588
0.3316027510569004
0.03338401304499872
0.2579959506485334
0.049071315077406474
0.1994434170997872
0.0017932316752480304
0.5149946897923225
0.09679700873448294
0.1594547589033688
0.24182071340907552
0.1390092949961348
0.3796720474480395
0.46651312660608824
0.15360255385955224
0.061075041041084965
0.7606124239297074
0.430597217840492
0.32715452168313597
0.47641261747476005
0.24530540706060489
0.14950274866751023
0.17772039266885997
0.29194731047541644
0.45803679094610583
0.26455237643420215
0.3073156948958937
0.3667759974829794
0.24049534787553828
0.02977784338735745
0.024995845553474894
0.21271538390232525
0.47269278958165817
0.6203210003710895
0.08137456533754239
0.11676647927868
0.5183862371942549
0.3357648283003929
1.1091897047403219
0.13271387893776598
0.2460254515091984
0.033265215609273646
0.05407571841130121
0.5458006475647075
0.1642351716996071
0.030634738965370722
0.24530540706060489
0.17967002528654064
0.1851252464285551
1.062681184633619
0.15469459293939547
0.09229192903395145
0.2440552043163402
0.43020661152007555
0.19041568647926432
0.026868379321376423
0.23343167561859968
0.20693185618417242
0.24292726343015403
1.262216262075512
0.49924384746719674
1.4108630923928809
0.06423517169960657
0.030173757862288042
0.32067855407919854
0.2666495170508707
0.46712409818219847
0.2860268119293963
0.34530540706060453
0.23831027953982353
0.07636089135429724
0.22977784338735763
0.14644828429123713
0.0011160532501621745
0.34181050486936204
0.21136042594194837
0.34530540706060453
0.07050504466598184
0.606868214300551
0.5901456069553603
0.12309095601264985
0.3971826044130893
0.2453873468906016
0.08797707867432436
0.2970022072128966
0.14808435574627854
0.4625799147188152
0.9784303618445112
0.3027838128568554
0.29841837958994244
0.5970774113668664
0.6530230347296451
0.8331778959660943
0.3028173955869109
0.31000921510217694
0.20281739558691037
0.28179011544667354
0.18500531020767763
0.13918564995998306
0.33590213091601395
0.5134168788534792
0.19373069215347805
0.09071625275558581
0.3202626358486462
0.8643045018258038
0.35976611309759843
0.0024083241154464474
0.17047922851091446
0.017161737487926487
0.3302481276556195
0.46986888212140077
0.3171406422106555
0.24424436505766867
0.34120491701403566
0.40674243385317777
0.8167530818842357
0.45502655602709385
0.2396584249889946
0.14873625502560817
0.26839724894309924
0.7022762613620266
0.07162963120030597
0.2592801745457498
0.26753249708573357
0.34219073918761467
0.45787965773290473
0.4902482422484695
0.011825905276567461
1.1690140895824968
0.3081146478738095
1.0394513199971458
0.009854393044640197
0.9408554265399562
0.9532992537029399
0.21633174092447227
0.251018116609913
0.28711174607988
0.27500415444652493
0.15469459293939547
0.6893107930152524
0.0467016930139561
0.05252356113925938
0.6987434867157987
0.15068249181490412
0.0603979460761197
0.024995845553474894
0.043604356339623784
0.13162892339138477
0.1091925496804631
0.8063596811039933
1.5006929874322514
0.08437337545394641
0.05252356113925938
0.192263904762199
0.19052640382101682
0.20710234494881696
0.272321454290986
0.19700975034821866
0.3672357903388841
0.04967074778618752
0.27951584228159376
0.16257711530065855
1.9102854982475632
0.3892701671423042
0.12972013907164204
0.4083468861888262
0.44150749619663987
0.34530540706060453
1.7537269264537283
0.22626318488799235
0.0840431559995869
0.16875555566209677
0.08745630388943848
0.04217513359665048
0.034212387820195644
0.16930182626768087
0.11705886376706598
0.010555664183410585
0.6083166910220816
0.28612262316125925
0.38941664869592696
0.1793495199904882
1.3714198201358228
0.167155043499581
0.23808998263997783
1.36103846411127
0.26544052064174295
0.04747643886074027
0.6082855905043365
0.4753046802777119
0.5245043024428453
0.41827290825893026
0.318245619093835
0.19804524838119164
1.0747395940865836
0.34524167450478593
0.3889557538497863
0.009563325434759129
0.49228902719236256
0.05252356113925938
0.23160275105690076
0.24127215672678926
0.24530540706060489
1.1854928020558386
0.2064604647737962
0.10985439304463984
0.7364823748073261
0.11072983285769578
0.5547583254952144
0.0613761836939668
0.5558283995555025
0.38485715551896504
0.07163473261923947
0.04472621697070345
0.135487048466282
0.2860268119293963
0.14540753670075457
0.36421967858886806
0.3127982187617482
0.3892701671423042
0.21455053983001537
0.22383192284112585
0.35950457974635874
0.17184579546178735
0.4303340040704873
0.4695790128122663
0.2524535068025253
0.6028173955869107
1.297457931579923
0.4538097431405177
0.6629132216101077
0.15279283574067204
0.03109658268285287
0.03118228002325729
0.0713042377748625
0.12839751904323116
0.1707186462962138
0.34273807613005847
0.638386808621437
0.02817303326357834
0.3822158727945997
0.02961675252946261
0.2301023961076707
0.37600365231965416
0.9546945929393953
0.03131915880760072
0.39009952864568653
0.48961028282886954
0.7017932316752482
0.47284547831686385
0.09633838172178688
0.11271538390232472
0.3684335940102379
0.7022101169797539
0.16161319137856278
0.6093956299082475
0.2282863531109447
0.3177631230948963
0.2769976331277313
0.5028173955869111
0.8822872399360406
0.5756272279576988
0.24568148187700878
0.7532983069860437
0.1962065172201326
0.22026263584864658
0.0794411194823974
0.5906037383100013
0.2105643230262073
0.2238530035224482
0.005547917574874717
0.36396196458258423
0.2301685376824647
0.4073664747236485
0.1525235611392599
0.36467780239131997
0.4960807875774238
0.025424479785936427
0.4303340040704873
0.07137491336738133
0.9940415996924834
0.11316268706960031
0.2483995487788846
0.09700975034821813
0.3185817161538109
0.2721150721078205
0.6163360975512875
0.4214627080961053
0.5154558813157513
0.599595323768864
0.021623837870668794
0.6314289353262454
0.4104817839165653
0.23041431990856864
0.43578032141113177
0.14699377747503828
1.0783761621293317
0.15833747323532954
0.3847595379965467
0.5443111395798139
0.0010090138366809498
0.12872705009967245
0.024995845553474894
0.6261476423048231
0.24530540706060489
0.09135992807435489
0.12869576222513768
0.21706678806359037
0.3019795749478211
0.25181382921830586
0.27794897961349996
0.3667759974829794
0.24451285683062896
0.19180617104649222
0.12174087460378846
0.11968007531055136
0.32165367095393815
0.6851252464285551
0.4224849905263648
0.14435290107440846
0.12972013907164204
0.34530540706060453
0.549554572589571
0.06415699629120653
0.011812613257330185
0.8304143199085683
0.04747643886074027
0.1912837607473099
0.42236854979388205
0.5314289353262458
0.26510120522393343
0.7152564005336757
0.42810329707420625
0.07894988427135896
0.4227440607927573
0.030299674888336625
0.2805667937569556
0.3081146478738095
0.3384864858642098
0.6474990846946618
0.11258075530573297
0.3688531995457973
0.08863957405805145
0.0916258976039721
1.6228075236930488
0.32229504584741075
0.21596418072691304
0.8325251088020202
0.23640317018236612
0.12437245000415142
0.1011543398303818
0.7686808411923991
0.22722435929145313
0.2934185923362511
0.49353758074070075
0.4132852974386365
0.5167530818842359
0.2653308769190712
0.3306808543528108
0.09347730794558995
0.14276199632031883
0.08366390244871269
0.1474764388607408
0.6767913985489686
0.2646194174323755
0.15774276656197994
0.36321866660616564
0.34530540706060453
0.43541679614529727
1.3473616893123248
0.4236135383773876
0.45081625098165734
0.3210897710973022
0.1402155952203632
0.2590628395699124
0.31583540004539934
0.17526172539306994
0.7695281725102063
0.026163182354996373
1.570222156612643
0.24530540706060489
0.22673129742879627
0.33928671348498707
0.6798164734830392
0.31912266119270694
0.2418105048693615
1.536816379136213
0.05252356113925938
0.1408492603750906
0.004414947293064131
1.1656534494833126
0.37250451652051364
0.6484958293256557
0.6754704737785833
0.266768343498188
0.172113543643019
0.3918853521261907
0.08367691101406916
0.32868319800793433
0.27514743271631126
0.6511008612070013
1.3720071147988344
0.39014560695536016
0.1403315776497207
0.10004149204726698
0.31947325292999196
1.2982465898364683
0.09281157695672437
0.4773929155175187
1.4421203422670956
0.27495269160969027
0.47500386593551713
0.1587060431722156
0.9844529192874614
0.45613435252329015
0.11094133438346354
0.7352820654773735
0.0013666463838051257
0.09126452376098637
0.7243727720423019
0.14530540706060435
0.26839724894309924
0.5701293634438152
0.7546945929393951
1.2702221566126424
0.13420765410340785
0.28692463070724106
0.3036616182782135
0.40038540575652437
0.35928017454574945
0.25963534297607804
0.6213994988355482
0.1971826044130891
0.5434420927972505
0.41251464862815457
0.08768183736298152
0.10692322063923676
0.1915304746501434
0.2500847013736083
0.3590103555451991
0.2152140243009928
0.07102406214033774
0.30084412048481735
0.14170370102979835
0.1343465505166872
0.8562717649535916
0.04575546215481463
0.11531859173660841
0.27780411385587644
0.2610506974570086
0.36813625875514777
0.9037044472469482
0.20985439304464037
0.8139004355672652
0.39673812437069333
0.10711497974793538
0.4120522597897196
0.7804581916840698
0.0860268119293961
0.09357466054841268
0.34530540706060453
0.7253835061905116
0.42851974859586495
0.3665131266060886
0.4107657689604176
0.1289490506569484
0.16940789861404681
0.09403714038289035
0.25781045704684846
0.2687101631217317
0.1474764388607408
0.16902135836589327
0.3683821262423246
0.14530540706060435
0.49520760232234373
0.2265982035547518
0.27442054671016614
0.9036616182782131
0.35297158496323355
0.6684335940102377
0.825846395595943
0.15469459293939547
0.19347730794559048
0.4174288450950021
0.748839776102149
0.34804864204923547
0.07848227538387764
0.33985488701470423
0.16530543802599773
0.10825727970935617
0.22079798846051535
0.28258310388748065
0.9473136522075505
0.19060558164329588
0.5365690607395903
0.043983702616468
0.12601561034769126
0.30165169395483016
0.43642226789918936
0.38419933794744043
1.3084061243427616
0.14561767504267475
0.19632182797569264
0.028159949653872474
0.47105094934305125
0.3930681438158281
0.030117729592985754
0.15429438460037392
0.21396066540151715
0.5945564622304502
0.2713238644293767
0.17307619845948707
0.45044542741042903
0.5213668009106325
0.5189255186716872
0.06639160594403304
0.23529176589207346
1.1781177538573067
0.3965452882973448
1.6060388762116045
1.55450847714215
0.2319979737509854
0.432305221060707
0.3778041138558761
0.12149669212872904
0.6118719833183874
0.08711174607987981
0.3868294822675109
0.4484856226535081
0.4113932432535492
1.0635966122758855
0.10770807096604873
0.16691040327281126
0.4123885739808797
0.5062693078465221
0.6594093522320899
0.1563771650474015
1.315220317160387
0.1474764388607408
0.07523465611882951
0.33565944641241163
0.14287705046454136
0.14530540706060435
0.2555214679938915
0.1408145067777724
0.45081625098165734
0.2597701196344273
0.7060574481941311
0.07947923020105829
0.359003317907173
0.16435343910313094
0.23571540754773945
0.06343093926040932
0.3463464411340542
0.3389762292068843
0.06848102823737534
0.024995845553474894
0.64282964431289
0.1320212438415549
0.1154452359239091
0.2260156103476918
0.2196800753105519
0.18657481535240272
0.19709640268750928
0.08466467586442672
0.013432542023799066
0.10711497974793538
0.2222950458474111
0.04035453215327944
0.5562809696678492
0.07853729190389469
1.051784844872114
0.138885193503409
0.13348019730137395
0.24530540706060489
0.13062161197917366
0.29136194346554767
0.4589345904441675
0.11700722486610626
0.45641930755224713
0.1352917658920738
0.1792384081608409
0.1714802514041356
0.01349945768999472
0.05200802239072022
0.1028357991155966
0.2901456069553596
0.09136194346554749
0.46358024230458117
0.3348128981457341
0.09553011071013273
0.20985439304464037
0.1530554102055186
0.43248443357618704
0.07349917174127008
0.8550120528126408
0.8006674039258463
0.030465300815159857
0.3128707988883166
0.10636430859542934
0.5704792285109148
0.03588956849611513
0.23970572440439142
0.23802356741223019
0.481839422065641
0.42317632099912483
0.4329283781219688
0.2944520824251251
1.3517051199200862
0.0770044944292243
0.030102338776563542
0.535663250702914
0.06136990244332985
0.2557753621742851
0.1525235611392599
0.13381135326126348
0.09647417871383013
0.139396986959488
0.8443875449534088
0.4450705620760571
0.5129854425193097
0.1756651652697423
0.007199846409831956
0.10985439304463984
0.10652269205441023
0.31284206008245086
0.10084412048481717
0.7546945929393951
0.3127153839023249
0.07500415444652564
0.29657720547747246
0.5170684681367437
0.2522619688318066
0.27519383932242025
0.8810744813283131
0.8138123428865365
0.23531138782305927
1.7764287217896477
0.20618670519353888
0.08772582309876675
0.6538328024495419
0.23956153414010029
0.639875418719055
0.32601561034769144
0.23500294045988834
0.1525235611392599
0.044906767713792206
0.3315664059897623
0.25647912212254553
0.2894166486959273
0.8127859071741081
0.2929697988869959
0.5409509297724284
0.14304105305436643
0.09759958688103598
0.0008526455475488248
0.12547705387494634
0.0179689435250463
2.4542445378451854
0.23455947935825705
0.43315128225176025
0.03723711218269976
0.35880702017244115
0.19972078611229716
0.03440745329832762
0.9505268457656806
0.7659262507635534
0.3298706365561852
0.3315664059897623
0.34530540706060453
0.4206217460378783
0.1928602280018934
0.22983237911318977
0.37791972674166896
0.12708852881424448
0.7271830778706398
0.1866744555933284
0.6842850957187219
0.43837531428453413
0.6546945929393955
0.47105094934305125
0.25252356113925956
0.12274406079275746
2.6037567476410235
1.1427936346519818
0.27725351816228905
0.22457316655373205
0.6285410913953369
0.9016985552701744
0.23167313951325408
0.12035486853112598
0.4975922371173924
0.29703700878121975
0.21205225978971942
0.1435806924477525
0.1143494299793284
0.14474140636666366
0.2725363130979064
0.14530540706060435
0.2459123476669678
0.4070343623689885
0.02299550557077623
0.007847610229817725
0.5511008612070007
0.14909136652350075
0.3250916527175871
0.14811690912125375
0.7836639024487129
0.08366390244871269
0.573993862036521
0.6710544270183307
0.054694592939395825
0.04747643886074027
0.6380893150700793
0.30217851214722025
1.0821536118255093
0.1762990236305857
0.572376490871326
0.46548404040261726
0.025829671940387655
0.1504953451568367
0.5410990621986693
0.3948496420900405
0.5850062878032043
0.13416685605595013
0.3512778421391367
0.19345617823384753
0.26423517169960675
0.4731316206786236
0.11082855335034036
0.14530540706060435
1.1546945929393955
0.005034628177477352
0.3400666276457809
0.482702941944833
0.32032795255196067
0.008077186170943662
0.1474764388607408
0.12644765563717986
1.6804549905151882
0.2890586656165368
0.019921033812480005
0.085149845716181
0.1802505875979179
0.03519141807450499
0.019810405841756307
0.05590314408612507
0.009587266835127117
0.5703311904239019
0.3273219358596897
0.23594625115687506
0.5110753496114775
0.19014560695535998
0.138310279539823
0.022744060792756926
0.16530543802599773
0.06495481968199357
0.6098700530272927
0.11837725728340853
0.19212667637898484
0.1934339596628485
0.43980284671681247
0.37266499350469395
1.2382629673084935
0.10985439304463984
0.036340072019457104
0.8167530818842357
0.15667969520426617
0.03705743890697022
0.10392573189377075
0.26470823410792654
0.08905866561653664
0.3637765254546981
0.13601710891470375
0.33656906073959014
1.5768204619528037
0.32022002412741646
0.5525235611392594
0.4938509011063337
0.3971826044130893
0.5734440466207014
0.020520769798941352
0.5546945929393958
0.34530540706060453
0.1516748087302675
0.11700722486610626
0.36197643258776946
0.047206682765891905
0.2345136247756665
0.19136194346554714
0.6975644115266322
0.35878736174166637
0.34530540706060453
0.3235791410298354
0.2580452690600854
0.5233143660401165
0.2620452157308657
0.012715383902325073
0.06267645021007962
0.15647355638460336
0.2968451706721904
0.2432958442427786
0.4480341299265609
0.14530540706060435
0.3110738282454859
0.006171180812045485
0.2632529834846702
0.07523465611882951
0.34799197760928013
0.027233843131705626
0.7952273413766884
0.14610222596857003
0.1964691095858857
0.11698797687305618
0.338996513741848
0.18366390244871322
0.5771258861695694
0.4772559392072431
0.46530543802599755
0.04747643886074027
0.35928017454574945
1.3645523764342018
0.046372824600170226
0.6125754009774695
0.06235523056142789
0.32526040591341676
0.23160275105690076
0.34530540706060453
0.5412585067650237
0.35316782263296975
0.31278590717410815
0.3971826044130893
0.15739610562716777
0.7105738925618894
0.6956191597403016
0.17896446407683975
0.27190118020349185
0.20394903511155515
1.0336210699973254
0.07767496923996209
0.4760036523196538
0.02202096950146526
0.5935109255152575
0.3778041138558761
0.27562989501426305
0.2184074747509639
0.10086803361712526
0.38359459017064257
0.12227653523435222
0.024995845553474894
0.13236952583016048
0.0028584746391446814
0.14521594252534875
0.011467963779830725
0.5926843051041066
0.25265611675276034
0.26624265151321413
0.37250535596271117
0.41763895433691545
0.4008680336171251
0.291279822233494
0.24530540706060489
0.3298706365561852
0.19735411261422175
0.3397890970599775
0.7564314662063971
0.05442333177433589
0.3127790506642194
0.07500415444652564
0.18582312881223295
0.12987063655618503
0.28004658225313594
0.3481861707816938
0.34120491701403566
0.0847595379965469
0.41344509514806393
0.19186054204738046
0.1536441039771992
0.05140259809771752
0.14131470614711628
0.4384352729584249
0.34530540706060453
0.5871292011116838
0.29718260441308963
0.2546945929393951
0.08500531020767799
0.18750304527073514
2.68794774021028
0.1642351716996071
1.297457931579923
0.4605090736592645
1.7801238597265048
0.06863953188825267
0.13363579501671996
0.21323088607123886
0.16637141154015378
0.06780798290627388
0.23288631489446399
0.8486534854864463
2.0213987394956145
0.17185006486893695
0.4393578523739565
0.471448246498702
2.3884745401736636
0.21107382824548537
0.30677025758464627
0.5994510198725216
0.06749471664221485
0.7749167654123514
0.38954478704789697
0.24530540706060489
0.10295968298396119
0.38959522124917
0.5189255186716872
0.17108210607844399
0.059264592024081075
0.02065537028175246
0.46043195052990615
0.11535114404905311
0.07148025140413505
0.054694592939395825
0.09287953996498466
0.34530540706060453
0.2712652850822872
0.3907693366413829
0.25758148323577945
0.23566594214366887
0.508751599432629
0.0615859667057137
0.03877873760278483
0.05252356113925938
0.4909302779307234
0.12736913904496916
0.43347935103986757
0.25984555504023366
0.43994139245232944
0.5333238901268311
0.13240554844572028
0.16092412546056956
0.0860268119293961
1.4636030185568805
0.15758234782363623
0.03565944641241181
0.30648907448474283
0.27183703393675174
0.3886119491510325
0.24011976092884968
0.04747643886074027
0.23808998263997783
0.03588956849611513
0.8277714958370481
0.279466198151086
0.12892559041151408
1.941283355571712
0.06839724894309995
0.05461760121521486
0.13259294452016768
0.12153579606699338
0.15469459293939547
0.69014560695536
0.21153353812765197
0.08338078298548535
0.20428744434064416
0.008914237115154933
0.11998603901440497
0.7724765690916859
0.40111605325016164
0.5082855905043369
0.14586051400640887
0.10014339794709848
0.026244113845203643
0.11288825392012036
0.21887843598771184
0.52372891743713
0.19873954700671437
0.1979099539259188
1.8260673896129536
0.5048503274356309
0.5523968463728606
0.07132386442937655
0.06040319761616697
0.16652064896013208
0.10291427578397983
1.140937160430088
0.03457846694526623
0.2067282218423907
0.03519141807450499
1.0519647097065077
0.1315664059897621
0.27309563547983284
0.25758148323577945
0.503777881406557
0.0028173955869110756
0.38879230632441963
0.07976705641682091
0.7072836834675309
0.09831640013085785
0.1610237707931157
0.4546945929393953
0.4912645237609867
1.8962400661893515
0.31565998361591063
0.18700152859135333
0.2196800753105519
0.3776865243820611
0.5622346207631725
0.3958244671358466
0.7967160366990278
0.22977345664036175
0.04530540706060471
0.2409979422260502
0.0028173955869110756
0.26358935182761023
0.13850520893946783
0.09718260441308946
0.04127215672678908
0.4218424079175076
0.1498258147593612
0.053897774031430146
0.16131085070573103
0.0573860852351471
0.13451362477566686
0.3740848973558304
0.24019956845351498
0.44082340990399427
0.04288738860657393
0.400770486392779
0.016753081884235854
0.10027334413259048
0.006239043611188322
0.15906283956991185
0.3912645237609871
0.42077694567710555
0.34530540706060453
0.3233080936817414
0.3127153839023249
1.1772559392072424
0.3137052801688851
0.1761680771588745
1.7012643208524931
0.03236407252699003
1.0233468631309321
0.5166422247535136
0.1674044046718146
1.4477575065873092
0.5740728760999891
0.23486844256754935
0.04565526829934985
0.37629902363058587
0.5027310533814537
0.3797028994707423
0.32334686313093286
0.7531678226329692
0.1011169556780871
0.07638340722497095
0.34530540706060453
0.08492855180508574
0.32724855813193177
0.030414319908568466
0.39609460863767865
0.008930481000421153
0.18774153599053456
0.16904653103134848
0.45252356113925973
0.1448990025089385
0.5676587400288673
0.2620452157308657
0.6546945929393955
0.34530540706060453
0.34530540706060453
0.3979274387308642
0.303919212422576
0.32836761740692655
0.4871193990298055
0.004674449414394211
0.5911594130500415
0.16494205564447917
0.11977216725130457
0.7358430037087933
0.5049284625236377
0.30007217453659774
0.30648907448474283
0.20409171297844697
0.2555181592655762
1.0082501027659374
0.38773297194464007
0.2131113329139751
0.01591332597420614
0.05801556561957266
0.7333346177916562
0.25068249181490465
0.12964911657965938
0.3069233190357421
0.11926241765186685
0.08923423103958239
0.17346761407786992
0.36707521504319995
0.270238209750306
0.8220009651909379
0.1901753863944453
1.0510239291076644
0.07480469850212224
0.0013027187111305238
0.16436555274586162
0.4379547842691345
0.13063341754180868
0.3965452882973448
0.2345395416650522
0.42495207615473873
1.8966192768802026
0.2105643230262073
0.19927052998364747
0.1504953451568367
0.288606756746451
0.4769083037134898
0.3037778814065568
0.2653066147474554
0.46712409818219847
0.10268340287850819
0.3061635261487954
0.35110086120700146
0.4078175893153384
0.4134697495315782
0.2780866068730461
0.15158416253618245
0.18503510354932562
0.243614131413878
0.47468291654842254
0.3316027510569004
0.34282041533889007
0.16294377049022302
0.11507144819491444
0.1942807011438692
0.1403646570239223
0.09014560695536034
0.46618864673873617
0.6442248373878847
0.16543611612431697
0.5488397761021488
1.140937160430088
0.13975168540275096
0.12533464846920417
0.21509502095374167
0.1932408110529238
0.19373069215347805
0.02381885815650353
0.3236546774226303
0.18833166850990324
0.049435222027620185
0.13808931507007927
0.4777783640375306
0.22557696771389324
0.48482043713234546
0.24530540706060489
0.08494604514365545
0.1457489208776197
0.6167530818842355
0.2649958455534751
0.011207693675580721
0.1670022451802513
0.4523637584141573
0.26436555274586127
2.5615135141357896
0.67690830371349
0.1384500903848025
0.2152140243009928
0.5327343183560096
1.2713042377748627
0.435447623565798
0.11219633149271413
0.1997122609386679
0.14472621697070398
0.5890826249274568
0.05536782557109099
0.1851583526134002
0.22437277204230188
0.29718260441308963
0.1846814082633914
0.022323985619520315
0.6109413343834635
0.2827029419448328
0.47090705233188057
0.0677202962625767
1.1163360975512875
0.019768685370743277
0.6019826118862781
0.7447785414212795
0.2511008612070009
0.06639756268387131
0.04361413141387782
0.12450430244284494
0.17720015371850728
0.5655300119273132
0.30347323203195486
0.15926385432020318
0.5087486561311234
0.9026184524953793
0.11413078701403556
0.02834333350560847
0.19027914678766678
0.22433483473025806
0.11094133438346354
0.3220510203865006
0.4051405845507814
0.1913734409620167
0.08809520979671248
0.14479587343046596
0.24595122801701041
0.2546945929393951
0.09520760232234426
0.15561492030386415
0.5036856106814689
0.1802525358416247
0.34530540706060453
0.16534470423070502
0.20018033349451425
1.7427936346519823
0.3315664059897623
0.26697103421941915
0.274234557835892
0.05252356113925938
0.011947185610213573
0.5005749982660017
0.032531983397358744
0.34530540706060453
0.5301429258538572
0.18352679803623229
0.1071998464098316
0.28740865749260003
0.6256207165963827
0.0477104677467608
0.48366390244871305
0.3778041138558761
0.11622823245934555
0.13602226130538053
0.4414891265198344
0.8921466924000958
0.11996060957232224
0.2646778023913203
0.15906283956991185
0.07992686887168521
0.3667759974829794
0.28681408918893947
0.531613650245581
0.1549521290366913
0.3505175282207329
0.5836639024487127
1.6138946933542622
0.29718260441308963
0.4693652610346293
0.09398955780562002
0.23778373792448804
0.04675038943729071
0.4847859756990074
0.2711894054687267
0.1525235611392599
0.03520574259719478
0.5667985109969242
0.06376547087278528
0.14670169301395575
0.8994449446310435
0.03217531818649011
0.037812300050914516
0.4258511673441152
0.03584199850733771
0.3900318548361712
0.060159168081316494
0.06289409094448306
0.12383192284112532
0.11596581298685837
0.5002532341267507
0.014130787014035917
0.19353953522620415
0.06652064896013243
0.019648518162258988
1.957050419526741
0.1363400657667988
0.1647534240748838
0.2380306942503223
0.02874401009399641
0.511694199162954
0.07521543779610251
1.8102854982475627
0.1523968463728611
0.0501451999594682
0.20600599690320376
0.30985439304464
0.10678597708640947
0.4286578675585542
0.1633556886280516
0.022107749207585847
0.4075237567279606
0.9763046276533807
1.0959428795053396
0.4848571555189647
0.16241200931145716
0.6029509670320605
1.8245147731512512
0.1792384081608409
1.3232243339941743
0.18521595122399415
0.25583603885299144
0.043041053054365896
0.13491659881895846
0.0325404688767863
0.6822872399360405
0.2648471262501282
0.27780411385587644
0.07749650635209804
0.13938920184640224
0.08767223457301032
0.9785463600868072
0.18815771102005474
0.14338374263184583
0.6068716779392931
0.09238927204936687
0.039281698939830356
0.49090233776285963
0.036330445658836474
0.05650179409938971
0.33956153414009993
0.1315192720062992
0.1247336629713045
0.32366223751484124
0.02088538979814203
0.20713096743288162
0.5530034008464648
0.3412745458484894
0.3941724116119376
0.06285585042039088
1.2552214585787205
0.22977345664036175
0.06019478351187235
0.08586921298596462
0.5750041544465256
0.42365467742262997
0.31397791221974014
0.5435797766080084
0.3202626358486462
0.06898360768796596
0.23136046811174804
0.14639744614044758
0.14552641309430925
0.8783160013756852
0.2739843896523082
0.4465538394075903
0.9772031965715042
0.9421203422670956
0.39959264227441604
0.4839204759431084
0.05095342791376645
1.6717141803681388
1.004433471426581
0.43704040730246696
0.20723856963221188
0.2099545717550262
0.29802089346614746
0.22784373949101688
0.15655865811526137
0.26963113537360606
0.004848407469491001
0.34530540706060453
0.04030872567801236
0.040548367773007854
0.1433872397708731
0.37462071760464166
0.03160275105690058
0.5560493787435448
0.10281739558691072
0.19592683484435636
0.2183862371942542
0.4359021309160136
0.13896659338159356
0.3971826044130893
0.385369634865234
0.46847041527432687
0.06039022861456722
0.06374133495190382
0.33033400407048763
0.24557666822566393
0.1408766835077806
0.22304971831835552
0.028657867558553818
0.03151897176262519
0.20982246632844959
0.08437337545394641
0.38853203622016963
0.4992908990136833
0.37925556181532993
0.6760036523196531
0.4311791269381162
0.16988227040701442
0.15316782263296957
0.14872122813900734
0.12976179024969436
0.12133117653225867
0.259800431546485
1.3020270802387577
0.44456542764114637
0.07500415444652564
0.5607132865150133
0.14700685040623096
0.6451186609114208
0.15469459293939547
0.14276400521208021
0.07500415444652564
0.061512153467817576
0.7190748751791611
0.1408492603750906
0.43531138782305945
0.8769090439873501
0.19764471615595003
0.3409380797194599
0.4415835737664997
0.6471292377208089
0.2293022767500723
0.4950755097348436
0.14093716043008797
0.5751572362865991
0.39548613772924934
0.22043721668303728
0.30099856547685455
0.3036988071563247
0.04530540706060471
0.7325603653184967
0.13053385757790092
0.30344540773716755
0.9044230732608751
0.22987063655618556
0.18521595122399415
0.23022378372843644
0.605962841376332
0.06301188078069764
0.3892701671423042
0.5842850957187222
0.21304305676507962
0.027412209240203822
0.07081025856761425
0.03949092634073548
0.09399400309679606
0.2940694459677884
0.09637208211553716
0.1225360464962959
0.23937566688094591
0.8105833513040732
0.07501734351336342
0.26879066546226493
0.09174272029064401
0.22499584555347507
0.45271016240531026
0.07163473261923947
0.20025323412675
0.05252356113925938
0.024307782558637747
0.21600737585167096
1.2857251427602714
0.30796680793489095
0.04530909323636756
1.3579533517327196
0.40811464787381
0.1010850452934502
0.11989135152954589
0.21675308188423603
0.30693185618417207
0.3932499395604321
0.1426579341535783
0.15758450676881353
0.5421751335966505
0.09927052998364783
0.07814906516263775
0.026985377744133565
2.3511406846262117
0.026244113845203643
0.34530540706060453
0.24747643886074044
0.5099004713543138
0.05094257723685125
0.8084240642889329
0.21799200512291517
0.2840955769320308
0.18636128869231516
0.6483269206804039
0.14158357376649988
0.23348415705680825
1.354636280095284
0.5860142556811008
0.03619809806393093
0.3876891356018062
0.12320753609372925
0.1686517962854106
0.297846498866277
0.11792955913696623
0.22987063655618556
0.15936432400273315
0.5088089854627471
1.703661618278213
0.34530540706060453
0.34621108256264144
0.13033400407048745
0.34557666822566446
0.1525235611392599
0.11397791221973996
0.3592468590010931
0.2645128283638227
0.47468025325860275
0.8287633014832112
0.054655633038519724
0.35928017454574945
1.1330370022446896
0.4220796548258239
0.20693185618417242
0.43922455352976986
0.10039410112508484
0.06081033563519611
0.24628450889581366
0.4073664747236485
0.6243727720423013
0.19347730794559048
0.33986025702599143
0.7261476423048228
0.8733612870387573
0.49723995633237905
1.0912201309978773
0.1496543783202755
0.1692023387277919
0.09959264227441533
0.9930681438158278
0.2502210144197772
0.06621077588313096
0.190603738310001
0.11610065383065216
0.015030814312828156
0.3467016930139559
0.0955162034402477
0.02185093483736189
0.021187274987188864
0.19014560695535998
0.311133293371479
0.2170588637670665
0.04530540706060471
0.04530540706060471
0.1843124885286329
0.027228543666592664
0.18909270198204098
0.4259767668586436
0.1925776518781337
0.17683132734173412
0.18032800487490075
0.09014560695536034
0.7734697580637064
0.12119273736188152
0.14635589602280064
0.6890013333407214
0.2827047494299233
0.17556413290694017
0.8579533517327196
0.48351077806103326
0.07774232916076063
0.6750533506717344
0.45924685900109363
0.20985439304464037
0.6544735869056906
0.49188535212619033
0.5646500725576677
1.777085967083532
0.24530540706060489
0.5723150001888095
0.1093855230423868
0.3316027510569004
0.06950016854972496
0.5576929458328763
0.3176389543369158
0.7608415648746538
0.20822620602531305
0.06988230077814617
0.2937306921534777
0.1538015218813662
0.47521543779610287
0.6647466941202582
0.05601373256286912
0.06851325008673115
0.7542666535694318
0.25963534297607804
0.24530540706060489
0.2109986666592789
0.10711497974793538
0.19607426810622997
0.05252356113925938
0.3333100108638156
0.009288704044483787
0.5337201509970004
0.21882355826060707
1.7834067901108401
0.2511008612070009
0.1474764388607408
0.19671603669902815
0.6676359274730101
0.03334428673661982
0.058670616024184774
0.15385302856999505
0.6872846160976751
1.2267293647945063
0.8733057025694402
0.1390092949961348
0.060993633624588206
0.2847859756990072
0.05252356113925938
0.16376764277703693
0.30985439304464
0.029214018995596724
0.02302257097030669
0.5059305540322114
0.2096845062167514
0.010404778750830346
0.1961635137768436
0.1542218941675655
0.30344540773716755
1.9482990486380505
0.29188535212619016
0.6462259141207616
1.0435208778774543
0.5803546425888877
0.34530540706060453
0.26312715779046414
0.47387708700605113
0.6988757530351304
0.39772373863797306
0.7546945929393951
0.02490076204945968
0.11619923082906691
0.039189664364803534
0.04530540706060471
0.9269935609023632
0.6528681050753935
0.5955665285734186
0.4938132948064613
0.07398438965230891
0.16414288652669118
0.8822722702159407
0.0039192124225762015
0.6005176878860681
0.4676362048144478
0.02977784338735745
0.519999901107945
0.10320299126551724
0.31151762309736863
0.3650969340758534
0.025465756970789677
0.3049813749442434
0.1859960303075452
0.022195886144124266
1.1710644063210989
0.25900331790717335
0.20281739558691037
0.5261819167446546
0.41277211246634593
0.05863226438096181
0.5288105945312731
0.18927016714230405
0.013028922067964466
0.13363066055467154
0.10323573453474832
0.12499584555347454
1.7929178886705381
0.14763522548342145
0.5439862674371305
0.13245112047963037
0.4151620304232768
0.11139324325354938
0.2622604390758747
0.1876858131369703
0.34530540706060453
0.5026439243601839
0.40889908744575987
0.08272108398186795
0.479662276499095
0.5419547309399144
0.029494955334017803
0.32464939349109745
0.27442303228610676
0.1525235611392599
0.3060579776999255
0.10901407298010835
0.34530540706060453
1.2021996681919687
0.2546945929393951
0.07530468027771153
0.6896974987826265
0.08825806605529696
0.6287425240436244
0.09963335034233278
0.010590505824107588
0.03563444725413856
0.5092276667713476
0.14530540706060435
0.15469459293939547
0.4167530818842353
0.07202862973179425
0.6068716779392931
0.23336409829682214
0.24360435633962396
0.4534903445525229
0.34530540706060453
0.26973393457139405
0.23442112306690266
0.0008596077608986619
0.562959592697533
0.1366724525056755
0.23937570628600735
0.4546945929393953
0.05514238621136691
0.21107534961147767
0.07176279797773599
0.011467156093680764
0.4559031440861254
0.3247159657257024
0.1421907391876145
0.1915304746501434
0.0794138753643443
0.42317632099912483
0.26113795093166736
0.3508162509816577
0.35878736174166637
0.7875905465337851
0.6810577145019652
0.3872665874215979
0.5979490468653541
0.359011964836494
0.38354661216618524
0.24291717973065552
0.039085050421248546
0.12788492789217987
0.17524266086088947
0.4120522597897196
0.3222216359624692
0.679950209585475
0.17751277436862178
0.293433959662849
0.12433483473025753
0.16940789861404681
1.1124499901126645
0.016753081884235854
0.05656730024101808
0.34530540706060453
0.35271330634634257
0.1364008937888741
0.19558505270693605
0.34035547753435935
0.04386482116456403
1.7463558960228012
0.2863827486826134
0.5302724631865336
0.16694315689201034
0.21978918155869565
0.24318619433077782
0.07276615686829402
0.14401254652987117
0.22541513873473296
0.08790913587756499
0.506855767261408
0.23481289814573447
0.4760036523196538
0.36321866660616564
0.16169800527732026
0.1278855260498375
0.03207039954920177
0.4349517621847294
0.36421967858886806
0.013432542023799066
0.10658140766374924
0.7750041544465249
0.10622171685604531
1.3803199246894486
0.16473484631712676
0.8401995684535146
0.6028173955869107
0.4538097431405177
0.5549961614795684
0.226500664511466
0.21000426940168726
0.26513155743245065
0.30346236923162184
0.14489558676706427
0.15314361325579195
0.1474764388607408
0.36263706618912295
0.8998196665054863
0.3288105945312729
0.6727661568682946
0.2530375059689014
0.6028173955869107
0.13497076073732117
0.8413358502608776
0.23690110111610618
0.5097004335328998
0.07911152731738369
0.026059018564318137
0.5182636338781368
0.15693624088559943
0.2713074504191786
0.0742276830678179
0.027412209240203822
2.010285498247563
0.3372827169112611
0.21924102593519912
0.5940606885027089
0.22508945704963956
0.32355691649657814
0.02368817373240706
3.027412209240203
0.6348956713230649
0.15376777718403822
0.693865431774916
0.07640025860100685
0.020586412657980446
0.6251701976431825
0.44839954877888477
0.2662317272261703
0.29794185691799946
0.3408145067777726
0.051719551467045655
0.11880526917281564
0.23381165399886772
0.3316027510569004
0.41107534961147696
0.2138389331841326
0.7437177794837124
0.23315128225176007
0.313285297438636
0.19119101453725307
0.314894768251631
0.05110086120700075
0.3409966820928272
0.21531859173660894
0.20847612280312955
0.35865622266327346
0.2288490309823512
0.35167090426217307
0.47700199602950377
0.2448955867670648
0.2598861321724941
0.36188259171052106
0.45181382921830604
0.41545302573033016
0.11107058434378914
0.21916778278455862
0.5836639024487127
0.31461647057239706
0.528490385494039
0.18557392339814527
0.019089976615378923
0.27780411385587644
0.4308844067980697
0.14433699573468228
0.0961155501605786
0.04747643886074027
0.002539537554300253
0.6278030011633513
0.7999523521932135
0.6314029408158159
0.014084780223440063
0.46374133495190417
0.14866154054402525
0.0610096171545953
0.12723384313170616
0.4564791221225457
0.20392503809021978
0.3655563750141173
0.04747643886074027
0.26624265151321413
0.3502210144197777
0.3051164359442202
0.34530540706060453
0.35723800367968117
0.7793495199904887
0.4757333352431603
0.7727602530281112
1.9081064125192038
0.24069266328940397
0.24398370261646818
0.17105094934305143
0.5977237386379732
0.007943155850576922
0.46780006719537237
0.026113572995669188
0.5257974810214066
0.5372384805898749
1.5116964365966945
0.1764002586010065
0.34689311971025205
0.34404708639335535
0.03576482830039307
0.24586280795960924
0.10281739558691072
0.054694592939395825
0.1984183795899428
0.30465529157034243
0.013619174252132105
0.08825806605529696
0.266697063445565
0.6973594535115444
0.34530540706060453
0.22499584555347507
0.25173542370491564
0.7363505868426774
0.1668388215273895
0.15818949513063796
0.5146918112659371
0.6808984175867687
0.9014090586930497
0.2619693057496777
0.2006674039258467
0.6786284274276762
0.08862607699961789
0.39014560695536016
0.1669629977553102
0.3060059969032043
2.7220588011164812
0.236258665048096
1.6004232566023147
0.2869569432349204
0.35469459293939565
0.1525235611392599
0.02717643298960226
0.332844956500419
0.10503907611508279
0.20985439304464037
0.13795478426913466
0.20693196866305552
0.1183536293590004
1.9557656060932018
0.3791146102018583
0.4227631032679895
0.3901632137725164
0.09674733283918258
0.4868674131167987
2.3174281990612373
0.7321458712067033
0.03440745329832762
0.002742414526750281
0.40437823375261317
0.14530540706060435
0.3939940030967959
0.2965622041564826
0.06839724894309995
0.1838197544087663
0.3574746594512357
0.2398754187190546
0.3939940030967959
0.4138480896381882
0.3037934827798674
0.36936526103462963
0.01713102247559739
0.11251454586748721
0.2982918062488613
0.5588946514506468
0.3705691150498369
0.571166598685287
0.15811567873892596
0.807329288115521
0.25787965773290455
0.5996427510066571
0.17822339928920528
0.41509502095374184
1.0346945619740024
0.38323352072132
0.6384864858642096
0.2405575086987808
1.3974579315799236
0.1991534307813323
0.5000414920472673
0.2546945929393951
0.25332410460910726
0.25738017118173495
0.35906283956991203
0.4649576349760274
0.31000921510217694
0.4114575603762045
0.5216213051334888
0.435917469327209
0.3087122321819429
0.35906283956991203
0.62718798765518
0.01713102247559739
0.3354476235657984
0.08312257481142371
0.07753524854515437
0.024372450004150892
0.2590628395699124
0.11409733365610464
0.7182674808206375
0.15863226438096234
0.20588706678024948
0.24617298778704377
0.4632186666061662
0.4980396878836446
0.009854393044640197
0.0031849757210142826
0.22977784338735763
0.16686367379628209
0.45258633835763273
0.17973736415135377
0.031299445186240504
0.36084156487465346
0.05275899152609487
0.5289951501366792
0.1571934976775946
1.5066237678620418
0.2225055241284224
0.04939893633836068
0.35509323228620815
0.06674362922516064
0.3401995684535146
0.5023972634943705
0.5134175814458777
0.3383868086214372
0.6977858612854089
0.252067712888862
0.46400339375421673
0.07266826150862205
1.8316506768815737
0.2735523443628196
0.024995845553474894
0.002057188332892146
0.8357648283003929
0.09016321377251568
0.4971415253608553
0.3751503106002252
0.04530540706060471
0.4303340040704873
0.1525235611392599
0.2839494074894322
0.41298544251931
0.15469459293939547
0.20018033349451425
0.3371031409901981
0.13772170066746536
0.06185557065801639
0.21509502095374167
0.5238338155347471
0.3362452283972832
0.39080139442713335
0.5437585362807829
1.013832919852888
0.5383362460295293
0.1073308442942782
2.085369634865234
0.5708451774503196
0.17967899962891032
0.8751503106002252
0.47746395350370374
0.4456667644228922
1.6288105945312727
0.7056383308738585
0.3730229082610448
0.15928017454574928
0.34557666822566446
0.1383565707604717
0.18905866561653717
0.12744995052465402
0.11123800870080647
0.1474764388607408
0.24611546915641114
0.4546945929393953
0.36960570144719274
1.777085967083532
0.23230522106070683
0.2592801745457498
0.5846814082633918
0.5529603415059929
0.6294888991277139
0.15635967057255673
0.2324849209987212
0.09238927204936687
0.27248351362430956
0.07752248375262383
0.26840395233473835
0.12370097636941413
1.0975644115266325
0.4099269793188087
0.17349917174126972
0.6171181836192767
0.7402298803655727
0.10285847463914433
0.25647912212254553
1.8497005310700354
0.07968526257912512
0.06335568862805108
0.21316396616015165
0.5752154377961025
0.3587166444282879
0.16983639366056913
0.15314361325579195
0.12881059453127275
0.35647912212254607
0.0028173955869110756
0.1036616182782133
0.40214879053423314
0.6063596811039931
0.3735931234379164
0.6323633815871483
0.3316027510569004
0.2475998053851276
0.7644432914779049
0.16675901193845366
0.5692684968814037
0.2666936804026738
0.2817152212844327
0.5901456069553603
0.17694138369105694
0.5546945929393958
0.34476708163654024
1.5231788287373789
0.06673478439072689
0.05383280244954136
0.13160275105690022
0.5739097284743009
0.04751619768240012
0.04747643886074027
0.12653108556235093
0.3369702963631438
0.024946649328265735
0.18177770011577543
0.5881577110200542
0.33246750291426697
0.36599091312944676
0.034729580987663766
0.10425050370343047
1.423700976369414
0.35515981857545675
0.3526957267335087
0.09915343078133176
0.03601710891470411
0.2069483171871056
0.33960205392388065
0.19744888992562615
0.2546945929393951
0.017161737487926487
0.6696928804896674
0.2517186430863543
0.24692546313877362
0.09475563773071016
0.5323842522008064
1.120051468362556
0.046271859613678856
0.3150950209537422
0.27347058603885266
0.8121206032211443
0.0468321773670306
0.006687367919943732
0.5859306268923303
0.35469459293939565
0.6478339592745197
0.11657882766823935
0.23381165399886772
0.37182711802377977
0.2260323089519698
0.2126273854577514
0.49815852936686866
0.1405483677730075
0.32767118107919924
0.29363569140457013
0.10804419235792118
0.6391199329838964
0.2244041775913379
0.386392617377215
0.2264238387147346
0.3440968559138753
0.3667717695450676
0.14352644361539646
0.22237042142197883
0.1733386269825381
0.3370347960352982
0.09014560695536034
0.09065412445559762
0.17866882346774116
0.21425411835154407
0.12173622816334095
0.56358935182761
0.6540876523330326
0.4359021309160136
0.2125146486281544
0.053149219407557347
0.2465246606788245
0.23315128225176007
0.22386466698745355
0.04945167245538329
0.08485086908973738
0.14530540706060435
0.14530540706060435
0.07252758610041443
0.3381098325287475
0.6917144094956633
0.2934185923362511
0.21363758079430983
0.35623935344075
0.5904251653997523
0.17770202860470352
0.11954180831593053
0.2568963465673093
0.581461506501582
0.6206109959912451
0.46043195052990615
0.2546945929393951
0.28892941565621033
0.1944693467871179
0.167917633068992
0.5237009763694145
0.14530540706060435
0.4108630923928809
0.14377936341100472
0.4988199577854937
0.25596655744021746
0.26423517169960675
0.18174264262441397
0.45390867341744023
0.5786284274276765
0.15469459293939547
0.34531404304407953
0.435447623565798
0.1768211712626213
0.3642092033231208
0.07973736415135413
0.04979107714811093
0.09714564706154416
0.36013974297400875
0.1666686862857496
0.7868176273220895
0.25963534297607804
0.4646500725576681
0.8368218559228184
0.18931079301525244
0.6939933312190192
0.4959718233702253
0.24481226692215952
0.5891086478242986
0.07642958866025396
0.3815495779532805
0.49188535212619033
0.43848648586420946
0.8037372710862964
0.6364823748073265
0.14246013687508707
0.5677628197103193
0.031747437101125264
0.0962955527530518
0.2142426177386607
0.1297778433873571
0.019137694213019252
0.10985439304463984
0.3971826044130893
0.13601710891470375
0.7468931197102524
0.05593650693973107
2.1156416055856795
0.37629902363058587
0.06186541136200052
0.36321866660616564
0.2891086478242988
0.7544046952165333
0.41264818157241834
0.6017748722452438
2.0429951896737206
0.06145818144271242
0.11463036513476599
0.20281739558691037
0.19174115561434757
0.6621527797331446
0.059065362934667576
0.14909136652350075
0.6591233164922192
0.1329466549417857
0.7386330727609094
0.24704751050978135
0.30420534064049054
0.20894345470130649
1.0182222998842247
0.24630923767240365
0.21378388945282722
0.6793214459208015
0.8800069659332985
0.7492790391830972
0.13249280466161917
0.05252356113925938
1.025855515941533
0.26707162187803135
0.5286390447800215
0.2653054380259974
0.4558943886440332
0.4124374448847439
0.09353024883913807
0.2038004163792264
0.41509502095374184
0.5116812940524955
0.0424808308032496
0.630213620313465
0.03582796865748428
0.6428226088636038
0.03156640598976246
0.11123800870080647
0.046910004635773106
0.15257914770663294
0.20240421878660708
0.04862106999430171
0.0509292187429482
0.3629437704902232
0.4289490506569491
0.34131777915941974
0.0845423739984339
0.6783761621293314
0.44533778774903254
0.07682117126262167
0.021381225612038257
0.3389762292068843
0.5313381383613187
0.30985439304464
0.059538256675526924
0.1887554464721699
0.10985439304463984
0.1366724525056755
0.15881510865480486
0.2375787928233235
0.035695771592405556
0.49393895664606013
0.29511808863551714
0.43524621067546576
0.3048536656798353
0.266783269851941
0.3776216010592721
0.46735939993511355
1.210285498247563
0.3569362408855996
0.980739702702035
0.08989151359939918
0.8123438811360906
0.11283689337487157
0.028220943216859418
0.7835267980362319
0.09718260441308946
0.19951146444483747
0.15421352776684927
0.3446106720747517
0.6900178451043706
0.12586342765684133
0.2894166486959273
0.1433872397708731
0.2232075360937289
0.14228124769841966
0.0006379317919176231
0.04747643886074027
0.49306814381582775
0.06159439660458066
1.050230645799581
0.42370097636941395
0.17406270515565492
0.15090863347649908
0.06518710185426535
0.18837673244328634
0.48265007595570086
0.23434655051668773
0.41581694636834143
0.027449950524653488
0.7474990846946623
0.14432328105280767
0.867436082999161
0.06669368040267365
0.36930052251952095
0.10667394571971833
0.46079457610587937
0.34530540706060453
0.5702221566126431
0.5449525056729811
0.17530468027771207
0.37118940546872725
0.44681395104098254
0.5640537488431256
0.9011949185742552
0.16530661474745578
0.37867338071113554
0.2783941131172867
0.41058335130407286
0.16398289108529607
1.0759856966872574
0.4901456069553598
0.11126038487796741
0.2306347389653709
0.20717298477653312
0.11799200512291552
0.15980043154648538
0.1048503274356305
0.15964546784672073
1.3009254580958745
0.8485974019022828
0.367436082999161
0.17797955800871534
1.0409652178503137
0.6455373107696785
0.3822574339888378
0.34530540706060453
0.0695824247267236
0.860180133690049
0.2288844473607652
0.7301184036347941
0.4066268511585802
0.3587166444282879
0.32750946061246555
0.40346301263960704
0.5292813537037864
0.2991664861237524
0.1474764388607408
0.3945567887627712
0.28088460223759437
0.34530540706060453
0.2729543895843536
0.12928059163522487
0.2707172543284413
0.15469852398849504
0.2389538817588166
0.292885020252065
0.0007704863927786576
0.5284453823354598
0.2122105233656164
0.3272285436665934
0.7069232206392364
0.2073330212917357
0.661003486258152
0.35090863347649925
0.8823591039108596
0.3182550459966018
0.06454294746266509
0.1982048621545065
0.4903532786228437
0.23956153414010029
0.722477516247376
0.6033022218922763
0.5542316543698922
0.054694592939395825
0.3796700252865408
0.3502153837645299
0.3150950209537422
0.3697339345713946
0.0035308904141144737
1.1546362800952839
0.2807797943214503
0.4070215825856396
0.34530540706060453
0.6640266010125524
0.05252356113925938
0.15576174206985804
0.1559260878895481
1.5437453240109935
0.07398438965230891
0.3811228286066326
0.06344029670430817
0.08927417163015416
0.22652941396114734
0.11442527664705526
0.6951463343201647
0.37118940546872725
0.22419700592839487
0.702148790534233
1.7645813777852952
0.9325319833973591
0.5005749982660017
0.7622090543150462
2.765592148892746
0.1883453729227096
0.1974609023319429
0.17357616128526576
0.1525235611392599
0.08006612492188392
4.764780678634395e-05
0.15711969855888253
0.44906274482281017
0.38285935778934466
0.5811982029087277
0.12370097636941413
0.25924685900109345
0.4608076051605172
0.8029596829839614
0.4470664418244539
0.07326870257120444
0.2583939409841882
0.41073310900381443
0.15469459293939547
0.11271538390232472
0.28468140826339106
0.5493035657779135
0.2481169091212534
0.8802773857161972
0.19777380878580164
0.2826500759557007
0.9451561139962834
0.25275966413707796
0.5167565201152158
0.3508162509816577
0.3629437704902232
1.7899957305983127
0.0765047885843737
0.3938123538971512
0.2190899766153791
0.3962432523589756
0.004881911364482683
0.2402824632221945
0.26839724894309924
0.08614869430486305
0.44123856708576437
0.07505335067173391
0.14093716043008797
0.2752801230539186
0.1274073671780256
0.7483269206804035
0.5236281978094555
0.09327549477439945
0.08150966165000284
0.24542782535487628
2.123700976369414
0.20145686194989754
0.0745755202140641
0.1313023919037999
0.022490834590910502
1.0469624940310984
0.08698433008211826
0.1386873202748804
0.15661276022912674
0.18696737878618652
0.292885020252065
0.024995845553474894
0.6942471777279211
0.4249596791505015
0.10589601432358808
0.35469459293939565
1.3259306222907101
0.18747643886074083
0.04747643886074027
0.23497320700190993
0.49807493811278913
0.12838174303042926
0.24530540706060489
0.0938525209183716
0.20890606215108498
0.2802278327486958
0.19592683484435636
0.37676055100402106
0.02737290189495223
0.24241549323118594
0.15906283956991185
0.059800431546484845
0.4062693078465225
0.055996171980045695
0.24505782299457568
0.05595396270901176
0.34530540706060453
0.0717288807583154
0.36975254652351186
0.41714064221065517
0.310907298017959
0.020437216683037107
0.3900106708232558
0.49188535212619033
0.3665404693571723
0.22208027325833068
0.024995845553474894
0.07935194005691049
0.25057968601682123
0.7546945929393951
0.5206673771319661
0.7718269667364215
0.20237082501276493
0.3408145067777726
0.09273844964434375
0.03922182280646691
0.5674358983564378
0.009854393044640197
0.6336806645689776
0.2907734390725434
0.21271538390232525
0.46940278215950837
0.28294692179347436
0.2526863477924497
0.14081301148265712
0.14530540706060435
0.43922455352976986
1.4794256827660384
0.024995845553474894
0.4786643491638003
0.27327063520549366
0.34530540706060453
0.40737370580120036
0.39556652857341845
0.01973584684008145
0.37629902363058587
0.23569577159240573
0.04350897028309042
0.13041505582593071
0.6748939670780283
0.36204521573086534
0.4127859071741078
0.46482253649769234
0.09162852942929689
0.02130312670357526
0.2342748803049295
0.1887554464721699
0.2939611237883959
0.0018101091942952507
0.3267312974287959
1.2707897939671726
0.39760273650562983
0.3894650111719189
0.2861610668158674
0.4062693078465225
0.217140642210655
0.1740073155569002
0.022536046496296258
0.2847859756990072
0.49944494463104316
0.1768395879981135
0.09014560695536034
0.35469459293939565
0.280996556149244
0.2169879768730567
0.039286713484987246
0.2560075591706701
0.45423165436989255
0.23712694553845637
0.8800465822531356
0.14444897095189457
0.45008470137360845
0.35879389226924463
0.2407270520880891
0.17406270515565492
0.04530540706060471
0.21145756037620433
0.23526373157345937
0.6418471085488582
0.05252356113925938
0.09745881976875825
0.20713096743288162
0.19949349578828368
0.44730006487170915
0.3912645237609871
0.1866744555933284
0.4378631401129045
0.18352698816713975
0.024995845553474894
1.6611037143599106
0.4889294156562105
0.20485366567983565
0.24909136652350128
0.41714064221065517
0.31280718645443173
0.3653054380259979
0.3316027510569004
0.13191211334927733
0.23014292585385654
0.12165367095393798
0.0675944515542799
0.04476708163654042
0.3746802532586031
0.5241725864607316
0.8569589469456336
0.9207174041588004
0.0666368281082903
0.042140475488450235
0.054694592939395825
0.05818949513063831
0.20379348277986775
0.8439837026164678
0.05252356113925938
0.05469946271696369
0.06977283999457384
0.19607426810622997
0.29802089346614746
0.3610096171545951
0.047047510509781176
0.36848102823737516
0.2727375582315572
0.3490913665235009
0.022431203731359872
0.30985439304464
0.19423008709995937
0.2546945929393951
0.08017735076538557
0.15515981857545658
0.385369634865234
0.5166749217496927
0.4828689775244026
0.0009037323017846433
0.06415738612773314
0.35951967311558164
0.5090140729801087
0.08822498259902112
0.2391896643648037
0.4337201509970008
0.7335633206380647
0.07344741249909958
0.4817901154466737
0.18591521977656011
0.4538097431405177
0.06204521573086552
0.37357616128526505
0.17140403278796335
0.642486897355738
0.0861703930817832
0.13541862221470513
0.09550262594287862
2.1129380076846003
0.799470705273996
0.9282569080866852
0.5484856226535078
0.2206785540791989
0.0736386565572742
0.07500415444652564
0.30985439304464
0.7601801336900493
0.3283652673807609
0.08000009889205462
0.40092412546056977
0.06461941743237531
0.15228953225323938
0.12279197131578279
0.3290622376556671
0.2222950458474111
0.2649576349760272
0.15332410460910761
0.34530540706060453
0.4529931495937696
0.2876114260191205
0.23557991190575933
0.5713238644293765
0.06684871774823975
0.15752077048870738
0.11806826066263643
0.016574377633781445
0.09014560695536034
0.012274176901232892
0.03986025702599161
0.5392398334458823
0.700288662236817
0.03043469945661048
0.4269862938507645
0.1525235611392599
0.248180852580842
0.00044397254623440574
0.23723848058987507
0.35713843697980785
0.6180455107822844
0.6881577110200547
0.3606090359859122
0.2362481766782416
0.6876308679032004
0.11633174092447174
0.10117682165737385
0.009854393044640197
0.11321194920703004
0.2358428214885473
0.7191153977624056
0.1525235611392599
0.13355918482487894
0.2070319216375358
0.7073292881155213
0.17313697282852392
0.08001396098559521
1.3653186582660544
0.03026606542860577
0.9568180951803944
0.5604098000074105
0.3249958455534747
0.0325404688767863
0.5783761621293317
1.0369892709514428
0.9290342101653621
0.0604319505299058
0.35794044602946773
1.002817395586911
0.24012231476142976
0.013892481677658886
0.43236338158714904
0.05318604895901746
0.34503985499263834
0.535321646831922
0.05596655744021728
0.06543611612431643
0.17037785469360855
0.25991305781005103
0.27990215374382377
0.42469563051700465
0.1337993285949679
0.41758618793187363
0.002104044760560697
0.06136990244332985
0.6546945929393955
0.16655691600726463
0.05971250974507036
1.1645813777852947
0.3182636338781366
0.03316554953806872
0.37973736415135395
0.15517269263949096
0.135774742537059
0.6432124353738518
0.1271764329896019
0.0710509493430509
0.033151282251759895
0.46973393457139423
0.09261623370470229
0.3407354079759184
0.026136098832703958
0.027412209240203822
0.24050709193352304
0.38930282304888575
0.2172970580551672
0.022261814625028187
1.0151928782130595
0.39656220415648313
0.06391527964816035
0.13062161197917366
0.33621541841216285
0.11110141230084647
0.3951180886355177
0.45223840957661743
0.22051493847459813
0.943745324010993
0.2598861321724941
0.34489558676706444
0.21964851816225828
0.2860268119293963
0.8123141868630297
0.030634738965370722
1.500743489382832
0.30985439304464
0.03301932515621164
0.15160045122111487
1.0477989139830592
0.34530540706060453
0.9769198211093908
0.2306347389653709
0.23844905075551015
2.1197385588042676
0.09122313259564407
0.3283431954874878
0.09718260441308946
0.4872846160976749
0.1680114732092255
0.1386238163060325
0.02258202997522396
0.22972013907164257
0.571525275661056
0.016995509059999137
0.1730146222558666
0.024995845553474894
0.7261476423048228
0.19203372817855158
0.1958748222707234
0.41887087284867164
0.07768652438206036
0.45715844833948793
0.2994449446310439
1.4961672383507425
0.2158354000453997
0.267494716642215
0.1809300137384895
1.3232243339941743
0.0016742681770161028
0.07000426532071824
1.2615135141357907
0.29511808863551714
0.05252356113925938
0.3739097284743007
0.014630365134765455
0.06415738612773314
0.6739780446872929
0.3939940030967959
0.18869140855625854
0.2236546774226298
0.2921608160551168
0.1634613722384728
0.24530540706060489
0.26665571326338
1.1585797713649812
0.4854355742649208
0.04338723977087344
0.28468140826339106
0.747944210580985
0.05252356113925938
0.2135350134421108
0.05513784392469656
0.519101016918821
0.4546945929393953
0.030280542683455813
0.04747643886074027
0.4641498714323129
0.4597682226724755
0.34726060894823707
0.6325934883973847
0.33952014252363494
0.2942807011438697
0.3689536231799755
0.19581374970847865
0.2901456069553596
0.1474764388607408
0.11094133438346354
0.4995926422744157
0.29399400309679624
0.21888025995755456
0.6546945929393955
0.05928017454574963
0.12475733913911125
0.4697525465235124
0.4254748211048174
0.2696057014471931
0.9100621294576312
0.15693702803129383
0.21970406191612213
1.8100683504673922
0.7620716391678206
1.3841439943253162
1.1982465898364687
0.28246301686897546
0.2612128156441509
0.2391856499599827
1.0108285533503407
0.35174268879675896
0.16652064896013208
0.33043244732391486
1.203158031299422
0.24530540706060489
0.4950861929157391
0.34530540706060453
2.1605090736592647
0.4183862371942544
0.18905866561653717
0.13398267398312136
0.7323633815871489
0.3202626358486462
0.4052052978529437
0.3158169463683418
0.12191339312695426
0.22571983811568153
0.39203372817855175
0.45275454293309103
0.09027914678766713
1.1384367305613523
0.07163473261923947
0.043295844242778436
0.043063759114400746
0.024995845553474894
0.10985439304463984
0.48366390244871305
0.2751126135642439
1.665792345896592
0.11361725131738609
0.12433483473025753
0.37118940546872725
0.43531138782305945
0.06257705270969627
0.1759271612435045
0.15469459293939547
0.15515981857545658
0.10057499826600225
0.1196643385622016
1.8064253394515877
0.27071864629621434
0.259800431546485
0.36321866660616564
0.3576399507167247
0.6244393112708124
0.06286635476648872
0.3127153839023249
0.7546945929393951
0.9022261912141989
0.4105590991647432
1.456679695204266
0.5183862371942549
0.03576482830039307
0.09372939554494497
0.17569923017058997
0.41020405001080995
0.27347058603885266
0.04297305572425447
0.1897104373640186
0.9546945929393953
0.34530540706060453
1.4194872351334853
0.012330950275753594
0.0423499644741554
0.35881510865480504
0.04530540706060471
0.24747643886074044
0.16195340947418035
0.5634402967043082
0.1876858131369703
0.6926691557057216
0.14085573244755345
0.7098143657956628
0.1011169556780871
0.011525459826336792
0.004073165155643821
0.09673526810533506
0.768311123480955
0.3315664059897623
0.01544523592390945
0.09843668331238398
0.16902833094454017
0.21849033834999698
0.44012231476142993
0.6077204418623214
0.11531859173660841
0.2440552043163402
0.047057587362913544
0.011247441475330078
0.1763608913542969
0.09014560695536034
0.4128185961913582
0.5589345904441672
0.17691982110939097
0.08150966165000284
0.06684871774823975
0.7975644115266327
0.32322219229907656
0.47105094934305125
0.5093364050352669
0.042190739187614845
0.21271538390232525
0.19249602326876758
0.15549504671789638
0.4303340040704873
0.43907986193829185
0.11620389017562438
0.7017932316752482
0.006724505225601085
0.293572849626333
0.13693954441979983
0.047279174276772196
0.1003276184424946
0.012314186863029875
0.11531859173660841
0.002140921948730501
0.009854393044640197
0.9546945929393953
0.2272338431317058
0.03932051649136703
0.08270474942992312
0.26358935182761023
1.11796170687112
0.3721052429752145
0.17071940836477495
0.6546945929393955
0.3581729002319882
0.1660153036956311
0.17253631309790673
0.12358429338277954
0.5276944625702296
0.08616200852052636
0.07687002792208197
0.3921466924000958
0.18237040101914204
0.22499584555347507
0.7655300119273134
0.12154720824797582
0.12005146836255598
0.22894215936224782
0.17253631309790673
1.14417584915856
0.03529176589207328
0.17439112016836678
0.5587105498290237
0.9476476269385641
0.6441639611470089
0.19133785294676198
0.02723974697188858
0.3302481276556195
0.11031311073756367
0.05358345396891462
0.08696737878618599
0.4608885777515894
0.5331512822517599
0.3110284257904974
0.04747643886074027
0.06546045833494851
0.30985439304464
0.014994689792322546
0.2922890271923624
0.9066345980601476
1.6594037188675719
0.08697965149275788
0.5564151797909966
0.34530540706060453
0.26359910621112626
0.3069892673952399
0.2744632818413031
0.36847062925659024
1.1236165927750292
0.2123257762085755
0.2707172543284413
0.1861226231612596
0.4182276801552298
0.15866491034064278
0.444452926738621
0.032531983397358744
0.10667394571971833
0.5795158422815945
1.5046628633452555
0.35978991328523513
0.2958244671358461
0.09584100375086013
0.4041755328641541
1.0846814082633918
0.05252356113925938
0.6922890271923627
0.12843916789578724
0.34181050486936204
0.24530540706060489
0.4344965578631994
0.16509693407585324
0.03415095520160616
0.06632613277136823
0.5850062878032043
0.35891865713281934
0.5081846643512007
0.6684706292565901
0.15928017454574928
0.46677599748297904
0.3952273413766889
0.6430170902967101
1.727412209240204
0.003065190832356457
0.41871088202483886
0.2546945929393969
0.017756504976719434
0.49044453269573385
0.27442303228610676
0.5138584165412325
1.0109516933220046
0.10985439304463984
0.3093364050352667
0.22336318937029187
0.17938900400875468
0.006489074484742119
0.1669629977553102
0.6878233116863219
0.4560253855737102
0.6359272388012069
0.09338543070378424
0.273703033566691
0.027850898454828688
0.19156202010907641
0.09647070967716687
0.2758274135392682
0.6528458542102857
0.473714675307634
0.2592801745457498
0.17398438965230856
0.24530540706060489
0.1854877232782881
0.6184154930563199
0.10849702105738501
0.5184904698440285
0.3153185917366086
0.21397318807060373
0.1302191151844294
0.14530540706060435
0.11250251031917546
0.04791497767658015
0.35774633209190565
0.02531873684201269
0.6633635282359505
0.5257974810214066
0.09639055804951546
0.34641654603108574
0.15215955636216894
0.6628886045036975
0.15469459293939547
0.08031992468944882
0.3967203049599499
0.12499584555347454
1.7707722519724145
0.3472493635013638
0.47198694848720635
0.5065438217661526
0.35466457563619613
0.1091925496804631
0.13118228002325694
0.16917761579340418
1.0452045720138239
0.025863427656841687
0.12324466144146395
0.2592801745457498
0.7472959756330253
1.6647478831513123
0.5365690607395903
0.043708709796079326
0.024215799826462714
0.07006888532226707
0.47723505862057536
0.23348415705680825
0.1525235611392599
0.11094133438346354
0.5120305404030203
0.25900331790717335
0.34530540706060453
2.0578624649732378
1.1434185539499087
0.34530540706060453
0.2112380087008061
0.22986128452576793
0.28688851097947676
0.08535406727270711
0.7837949241667479
0.08835544381070815
0.37679246390627075
0.16346362410941406
0.4062693078465225
0.30985439304464
0.19195580764207865
0.22538350619051162
0.7695281725102063
0.04595410436404901
0.48060868069395557
1.3975644115266324
0.03284495650041919
0.7831129343334062
0.06958568009143118
0.4862515077776921
0.047599805385127425
0.348765326921888
0.564427758857386
0.2470068504062306
0.7060574481941311
0.4620716391678199
0.8203783023301501
0.18241418444652524
0.07037330143259002
0.13111297601341665
0.3538495797944128
0.24530540706060489
0.1412894501709765
0.3407198254542507
0.39430960538440285
0.20985439304464037
0.14181050486936186
0.3525235611392592
0.4272355385197457
0.2189255186716874
0.055551029048105605
0.3127153839023249
0.2352490676567074
0.3985015632997202
0.4273072104183422
0.14896409051755466
0.2609241254605692
0.30879364225352823
0.20919254968046364
0.12184236033971807
0.590477514304995
0.14530540706060435
0.030117699221853478
0.3028584746391445
0.03937570628600717
0.6643498885724108
0.20468413298626498
0.019003443850756696
0.28381975440876595
0.3508162509816577
0.2227440607927571
0.9278165542547665
0.07564561872994346
0.36215277973314475
0.2350579443555203
0.2721434326122427
0.055493108725902296
0.5322646295973312
0.08123775688959256
0.1333877759798252
0.5381050142963142
0.3971826044130893
0.3675579282468302
0.3354476235657984
0.6508272728290905
0.09884295174331736
0.1550340321887873
0.12785656738775764
0.1325193224267025
0.16294377049022302
0.05252356113925938
0.14030725811848832
0.27514976047380646
0.45246949607469755
0.25647912212254553
0.5131212943513352
0.29575109864716076
0.1525235611392599
0.25503403218878784
0.2409509297724286
0.09149669231542301
0.16204521573086517
0.09788958540868453
0.48075576204740056
0.2805267470700077
0.5368432589967922
0.1136321610894866
0.689268019435505
0.15624226971979294
0.23141585923541452
0.2227440607927571
0.4951180886355173
0.5466574773929898
0.7172875750672407
0.14530540706060435
0.6771135360978375
0.3518138292183064
0.48593285881291326
0.09172370179243128
0.06164342923952848
0.6863827486826137
0.23059419371980905
0.03185668601650704
0.5365690607395903
0.15146259452484312
0.24720668276589208
0.1525235611392599
0.34815118286644964
0.0676157477991941
0.051813829218305685
0.5390532148607816
0.09874348671579902
0.2879496369639698
0.8007704863927785
0.41156146925371395
0.5383035061203056
0.1392867134849869
0.20222619121419871
0.101718999742193
0.19016842030897774
0.2637681523093196
0.9407198254542504
0.9220588011164823
0.20424890135283924
0.1692023387277919
0.20771351617825484
0.14530540706060435
0.07564561872994346
0.12874228964951495
0.18373069752266957
0.06428459245226037
0.17442303228610623
0.024995845553474894
0.38954478704789697
0.10456434274348059
0.1610069375647729
0.07327063520549348
0.5784131290199763
0.13353758618753186
0.2825046944224612
0.6321621360384357
0.020897105473192568
0.0001939413833884629
0.9607754464702305
0.08270474942992312
0.8546945929393956
0.2775971438493583
0.8733057025694402
0.435447623565798
0.13757879282332297
0.18403581927308732
0.22986128452576793
0.542920041902323
0.4359966062457836
0.45181382921830604
0.24242717953199389
0.20692331903574246
0.25641930755224784
0.0875793588839171
0.1019354382588995
0.2306347389653709
0.10901407298010835
0.14667975294406954
0.38638082574786825
0.6455233299242078
0.3590103555451991
0.15928017454574928
0.21892790353336267
0.07776617898924343
0.3971826044130893
0.38478597569900774
0.1191015824132311
0.25107018346147747
0.7981898908057046
0.7703124287359442
0.24530540706060489
0.19777380878580164
0.744905105355179
0.1764295886602545
0.23281407383056774
0.6305089073881787
0.20375993381064816
0.14806768887807298
0.46723907818434807
0.49031786060884386
0.30985439304464
0.34530540706060453
0.3618296930661673
0.0515526043799035
0.08384607825870471
0.21231418686303005
0.019767332658988224
0.34530540706060453
0.625383506190512
0.20692331903574246
0.5274122092402038
0.5850062878032043
0.006039577123641671
0.058727843273211455
0.7193421948710421
0.35881510865480504
0.19521334039935212
0.9107331090038144
0.3278030011633515
0.2725363130979064
0.5145505398300161
0.34530540706060453
0.39465064923833726
0.8044715238713236
1.0036503328140975
0.12741220924020347
0.42495207615473873
0.3083228431842535
0.04701304607776802
0.06748067757329768
0.22026263584864658
0.5480877900146597
0.756288362980321
0.0870525303114027
0.2546945929393951
0.9749433897350617
0.2895447870478973
0.2653774065507877
0.08659745755968817
0.13160275105690022
0.013965691556284021
0.34530540706060453
0.09509477292714585
0.05548714316937087
0.5450962828675436
0.04601334053088646
0.19014560695535998
0.13719044059350693
1.630699477480479
0.32478456220389784
0.17500415444652528
0.1394848734501739
0.3210781373730587
0.12723384313170616
0.6167530818842355
0.25701512474206556
0.3284349252988834
0.023200166021347002
1.4055525656146948
0.6788335569282511
0.8227630807936022
0.41714064221065517
0.15215955636216894
0.025525239541337896
0.2292606497799854
0.22119273736188205
0.034871379747246856
0.18715793991754914
0.1542517009188673
0.22499584555347507
0.05656730024101808
0.024995845553474894
0.13710314099019794
0.13584432158387116
0.019891351529546242
0.36900860667770274
2.210941334383463
0.3518138292183064
0.03913013577286595
0.1525235611392599
0.09218261907530412
0.3028173955869109
0.5266529735626273
0.14530540706060435
0.19744888992562615
0.5485974019022821
0.26423517169960675
1.7546945929393951
0.05252356113925938
2.129281353703786
0.1474764388607408
0.7782591253962119
0.34530540706060453
0.04844251225702312
0.5462541238782892
0.1255769677138936
0.5300043301980688
0.752713306346342
0.35791938471111084
0.16208289969220857
0.14683217736703025
0.925818602074858
0.40747440279516844
0.15741221305573916
0.1363659207774619
0.7089219838366398
0.49804524838119146
0.8373118527591146
0.20751624316191108
0.3817777001157756
0.03590213091601324
0.5262715659534019
0.24530540706060489
0.05442333177433589
0.0332014890030754
0.18294692179347294
0.42475930472736234
0.30863805653445286
0.44875814510093814
0.36820366849776853
0.45410921909262125
0.48931079301525227
0.21117847755854857
0.24747643886074044
0.5544345553954466
0.024147055778187543
0.017922243186038855
0.6085723252325295
0.12370097636941413
0.004513862270751012
0.39767419885145205
0.36636420498328004
0.5022261912141985
0.3298706365561852
0.34530540706060453
0.36559394950901325
0.8720779138380106
0.4070215825856396
0.2810610303722756
0.200488535555162
0.021634331643413773
0.015543553758493367
0.24683217736703078
0.32153579606699356
0.14783962291639074
1.234972580592916
0.42030657386666537
0.040855598799464765
0.6014864002049629
0.6727602530281116
0.40901407298010906
0.15593997082596456
0.02894905065694875
0.41622823245934537
0.23551515305432957
0.34530540706060453
0.3442774699674285
0.0766090394629666
0.1452524820368577
0.4534903445525229
0.027057351697752807
0.008522118773903742
0.026285324692365997
0.30626930784652195
0.10410411432315492
0.2775971438493583
0.054694592939395825
0.2395201425236353
0.6632226416685469
0.38716310662512843
0.23831027953982353
0.3779411988835184
0.9394994572998163
1.4302925823783035
0.04938177324392967
0.0028173955869110756
0.48223049486792746
0.0028173955869110756
0.18500531020767763
0.35928017454574945
0.07244237396037878
0.911591092627055
0.11072983285769578
0.9995205329383685
0.026163182354996373
0.3412290273444132
0.7077109728076376
0.30985439304464
0.16398289108529607
0.024995845553474894
0.12077694567710573
0.7546556330385199
0.3423537478564729
0.2828509173170932
0.17596684836091114
0.07111420730161644
0.12494664932826627
0.1642351716996071
0.2592801745457498
0.0037599338106488744
0.41312860269175555
0.14530540706060435
0.04530540706060471
0.19487534686093255
0.15753245183921738
0.46040980000740994
0.619947087358331
0.5331512822517599
0.5649420556444795
0.3756298950142636
0.42373274802482097
0.31564160558567966
0.5836639024487127
0.18806514196776547
0.35517269263949114
0.363833243379422
0.11102356456607154
0.002287048224684618
0.2423070541671235
0.5032240705165396
0.05252356113925938
0.45719349767759443
0.2958244671358461
0.881812849099533
0.5693018262676803
0.07622673797155333
0.535321646831922
0.1474764388607408
0.41298544251931
0.012890002582193638
0.49654528829734534
0.3128707988883166
0.15146259452484312
0.16182969306616712
1.2546945929393951
0.06686367379628244
0.2367865175349957
0.8119954006399581
0.2546945929393951
0.5349818389203929
0.29818989080570457
0.0739670603104976
0.30625179373956346
0.3414891265198339
0.1525235611392599
0.11949148992171921
0.23416685605594978
0.4377331943822709
0.47665955628890533
0.6695653005433897
0.04350203345353609
0.2546945929393951
1.8804549905151884
0.2774469780764841
0.34783663177221946
0.6708981266178045
0.20872183848395132
0.7271879876551806
0.3558020787539986
0.13408746380188852
0.17845494768285342
0.07348818199390461
0.18728446567468282
0.0379283608321801
0.3046210038889585
0.34843805428154884
0.15739610562716777
0.05252356113925938
0.05691493293120509
0.1474764388607408
0.5645429474626651
0.519999901107945
0.14530540706060435
0.03179298415625009
0.8062070263974901
0.9486534854864459
0.16169981115750698
0.6289490506569484
0.08158686428737649
0.4105643230262066
0.17935194005691013
0.12499584555347454
0.5221958861441243
0.4117085680207504
0.09958865397107797
0.3202626358486462
0.02314545042313032
0.11711818361927673
0.05252356113925938
0.2199999011079452
0.2593890403856589
0.30985439304464
0.7999326010549543
0.9382629673084937
0.20693185618417242
0.2818148275895691
0.020035646642638127
0.06952817251020615
0.4551360104859432
0.24747643886074044
0.2885320362201691
0.130592101385953
0.08836896622990498
0.14344134188473845
1.6901684203089777
0.10711497974793538
0.07163473261923947
0.005690394615597505
1.1717328084381355
1.0912201309978773
0.44530154280314793
0.07500415444652564
0.14327665340319218
0.17528012305391805
0.6595046521244621
0.18565057002067142
0.30781738092469624
0.5055300516749801
0.12499584555347454
0.20453234588337388
0.6064837345239322
0.08431248852863238
0.24252683114924967
0.14530540706060435
0.0855189953655735
0.2196800753105519
0.36204521573086534
0.3637413349519045
0.43558448349627454
0.3532070629771926
1.0900462046894974
0.2752154377961027
0.4564791221225457
0.006427150373666812
0.23787417794238142
0.14530540706060435
0.009352607878356345
0.11224874240508687
0.25705830883721337
2.061116027671795
0.23465440234013446
0.4337201509970008
0.21271538390232525
0.1356957715924052
0.04060437831235486
0.7024773697753774
0.525474821104817
0.016753081884235854
0.4107657689604176
0.19983114881727282
0.18521595122399415
0.19230195270052697
0.3836974501021082
0.0036616182782127638
0.6819229946814858
0.0441056113559668
0.793362890427928
0.31832787977576693
0.33640317018236665
0.21397318807060373
0.03398537867831486
0.4044973740571214
0.14520457201382442
0.6683111234809544
0.3329344668829952
0.18210972163016148
2.1177980187878847
0.31999990110794485
0.022251782834542766
0.052096883109221004
0.06827469080110582
0.12685075248863242
0.2614035095620695
0.0048641502377329005
0.0066986143665239695
0.09090233776285928
0.018762243110407084
0.3975751296553085
0.3892701671423042
0.3000018585083115
0.22081766624912902
0.006788122817801501
0.15851087348016613
0.7693102517639625
0.0039192124225762015
0.35928017454574945
0.23217704620727808
0.04451285683062878
0.43758438793988663
0.4502306457995813
0.4912645237609867
0.4620828996922084
0.23840517823091023
0.10523368159559165
0.05316782263296993
0.22977784338735763
0.24530540706060489
0.02334104029498718
0.07300643909763682
0.014607005702047537
0.07505159921798477
0.08940722992924233
0.23897622920688377
0.00028773906133228166
0.33097864163410673
0.20985439304464037
0.3171406422106555
0.016753081884235854
1.0264392044553405
0.28007260901280606
0.1482326319758389
0.3131244031278557
0.4098032049746223
1.0546945929393958
0.3440968559138753
0.2788686289135818
0.34530540706060453
0.31205225978971907
0.29757512965530797
0.4546945929393953
0.2913734409620172
0.08011097342960305
0.07500415444652564
0.12475226661745875
2.4163360975512864
0.6640582432003539
0.6243727720423013
0.4274122092402033
0.44943522202762054
0.06865729820406141
0.27794119888351787
0.35268634779244934
0.36652064896013226
1.1448401814245432
0.4910720505798194
0.4772387623617895
0.6340491311398617
0.15863527804676458
0.19014560695535998
0.2668487177482399
0.39423008709995955
0.3428803014411175
0.1876858131369703
0.14140235332097362
0.05252356113925938
0.6028173955869107
0.03657985935295649
0.15791938471111067
0.10255122496815261
0.12833444853858822
0.7139210913749539
0.7362267545023391
0.48468140826339123
0.34530540706060453
0.061246554953391374
0.8498225818848582
0.12151590486489461
0.2420277694536841
0.08962034272915265
0.054694592939395825
0.3907693366413829
0.05231990566002587
0.09735605464864783
0.02547186896201925
0.21139884872639936
0.13704040730246714
0.3734570629795231
0.4391896643648039
0.17633594407683528
0.054694592939395825
0.10063793179191816
0.8666978856561771
0.141639961723242
0.12001927624857966
0.44839954877888477
0.1942807011438692
0.22636305707995952
0.21542747586391897
0.012314186863029875
0.1971826044130891
0.07500415444652564
0.9352647412431603
0.22026263584864658
2.4511406846262114
0.4735845945722881
0.8501384996812851
1.2823580670627592
0.3352342803190451
0.5235712782103521
0.244352901074409
0.024995845553474894
0.024995845553474894
0.2580452690600854
0.34476708163654024
0.03934164048482014
0.3153934779692369
0.39647417871382995
0.4426579341535781
0.29925651061716785
0.49450357845490256
0.06188259171052035
0.08768581313697155
0.4642252574629415
0.05867476288995821
0.06669706344556481
0.6166805446848223
0.22370097636941377
0.24741366164236744
0.34530540706060453
0.5281542045382128
0.47591985928939096
0.10144832573050344
0.8951515925305094
0.06358935182761005
0.6546945929393955
0.9546945929393953
0.04611352601126306
0.8254244797859362
0.7846814082633911
0.04530540706060471
0.1041886374580514
0.17698636974734416
0.9195736888024415
0.259800431546485
0.29444635063130864
0.17549123846580716
0.49507178281248443
0.7338976526137619
0.1260902715256993
0.8495545725895708
0.07276615686829402
0.024878757592960987
0.4015343963235951
0.812833756785575
0.4069483171871058
0.03965842498899441
0.16533087691907156
0.37629902363058587
2.403661618278213
0.32161878233696406
0.025474821104817025
0.4405528377302197
0.35499616147956914
0.32098814665413666
0.6128420600824507
0.7070302011130041
0.2588151086548045
0.6220796548258241
0.20625179373956293
0.26423517169960675
1.446724079543693
0.30344540773716755
0.36813625875514777
0.17967002528654064
0.3739115022673074
0.17258779075979636
0.44651734952970656
0.7794138753643445
0.03935785237395617
0.024995845553474894
0.2125754009774692
0.41876224311040744
0.22026263584864658
0.9783158271062602
0.34530540706060453
0.1356957715924052
0.1358432100635376
0.34530540706060453
0.4098032049746223
0.4564791221225457
0.054333235577107786
0.45081625098165734
0.09014560695536034
0.1998196665054861
0.4719482629954799
0.2545526229721835
0.48778947663438377
0.4951180886355173
0.2227440607927571
0.1408122170593913
0.40392503809021996
0.1971826044130891
2.055042236263069
0.15469459293939547
0.23566594214366887
0.2902924763978447
0.11636100045456033
0.29971133776318304
1.1572359947879196
0.04530540706060471
0.19353953522620415
0.1357648283003936
0.34764762693856355
0.5955679714967639
0.07354415593610675
0.09115013946112693
0.35812224471501164
0.22582967194038783
0.5120522597897192
0.1887554464721699
0.4530810233028939
0.11205225978971889
0.3892701671423042
1.4961672383507425
0.2592801745457498
0.31205225978971907
0.024995845553474894
0.24269396208769223
0.05235927515213401
0.40281739558691054
0.470902107009727
0.5368597807812643
0.26051512654982645
0.24530540706060489
0.12144293402356166
0.14530540706060435
0.054694592939395825
0.27183703393675174
0.27894988427135914
0.5099592077807804
0.2554509661389961
1.7081146478738098
0.04909860107965791
0.10275023828765661
0.3937482062604367
0.10164720962871776
0.030131117878599234
0.34530540706060453
0.29012994697270766
0.6533609989208395
0.11998604368516919
0.46677599748297904
0.02478456220389713
0.1672689907919125
0.1527133063463424
0.20827629820756854
0.3635991062111259
0.2069483171871056
0.1018455075112632
0.43777380878580185
0.2532589702062067
0.08794963696396962
0.31729949911294497
0.07155461766453985
0.5037019299613652
0.25723800367968064
0.3308927241527755
0.30985439304464
0.19507153747636252
0.2200836234051895
0.16654623705746996
0.5883453729227099
0.4616246857154662
0.011082710278699892
0.6633325323766925
0.09450533135595496
0.10346236923162255
0.1312878341931416
0.039627169546193386
0.4683788047112527
0.015084178923314262
0.23670477724836214
0.30450399957945606
0.15500935168159735
0.31832787977576693
0.31545302573032963
0.12452952622141655
0.30985439304464
0.2972161871431451
0.31542157838763885
1.4017932316752475
0.08073758234813333
0.19458554379779347
0.13898729704692325
0.42289270460792583
0.14736168931232463
0.11998603901440497
0.13160275105690022
0.23179992698456253
0.3354476235657984
0.43315128225176025
0.24530147601150532
0.24530540706060489
0.946936579109221
0.15310688028974795
0.21072764058481308
0.20018033349451425
0.5113932432535497
0.4005550553689563
0.0501774181151422
0.4037372710862961
0.5331512822517599
0.2272338431317058
0.9957134922955362
0.04084124533992117
0.44025862023202134
0.263741334951904
0.5981898908057053
0.10375674764102438
0.11974746415837512
1.4004232566023145
0.1465040948660974
0.3636467150877527
0.32067855407919854
0.20825546214471746
0.17026056733434203
1.2402298803655727
0.516336097551287
0.08089699276271745
0.255691769788001
0.22768499981119028
0.29239576934864786
1.1969388095411304
0.6004113460289222
0.16655691600726463
0.4613169406178823
0.054694592939395825
0.22592440415829618
0.407713516178255
0.23862934314783146
0.18249074256567166
0.7520794349178992
0.14530540706060435
0.3481861707816938
0.754311303928878
0.05226249703094066
0.34530540706060453
0.04747643886074027
0.09399400309679606
0.24930356577791368
0.05833747323532901
1.1564735563846034
0.16562361352271537
0.13952014252363476
0.16612001744882932
0.1613706568521689
0.23833389161646945
1.2029035973124902
0.1474764388607408
0.009456762733498714
0.18638274868261373
0.14363599312540032
0.32823720202226436
0.5386238163060328
1.1391114987520314
0.540055339551353
0.06428459245226037
0.08418305363165857
0.16869760809619994
0.10177068165480385
0.2512303306130921
0.41792955913696606
0.34530540706060453
0.542809768747686
0.33143764052207736
1.5173196898035703
0.6303555005684958
0.3575343913598754
0.3688531995457973
0.7969034961174222
0.14437515204701246
0.2725363130979064
0.20975175775153065
0.2272184444344516
1.4629723597739028
0.04747643886074027
0.14635746060562926
0.10060154256784859
0.18373069752266957
0.026147642304822583
0.0028173955869110756
0.6401223147614301
0.2546945929393951
0.615048346251573
0.3244896297411506
0.28866856743994074
0.06455237643420197
0.16442775885738659
0.8323842522008063
0.3937782831439547
0.2452444164600669
0.06839724894309995
0.026244113845203643
0.02849723875146548
0.29759330862904765
0.11126119972953674
0.30162886616378337
0.21583327272194452
0.7366443113719487
0.793868079614068
0.8154452359239093
0.08627311481076738
0.005208551398494521
0.062206651400026125
0.4608143500400175
0.3687906654622646
0.047207474589851195
0.24530540706060489
0.2647348463171264
0.15181382921830622
0.02075765380184702
0.0746552957692952
0.011075349611477492
0.14530540706060435
0.02799288520116594
0.1438656474767095
0.4964691095858855
0.18141885207111397
0.2827210839818681
0.02065537028175246
0.042619860572754575
0.1838197544087663
0.06109657931983037
0.4018625712221837
0.20882787536436798
0.5348849341637116
0.6738788885639071
0.04818617078169396
0.8123141868630297
0.20129849002885258
0.17286283005623826
0.5011160532501622
0.36336352823595064
0.34530540706060453
0.3315664059897623
0.11491716356517934
1.6733911895479565
0.5736675303726155
0.042580425681653544
0.04747643886074027
0.5544233317743359
0.6057192988561306
0.09735411261422122
0.4199999011079454
0.015202775402031854
0.11488804306833078
0.006014340646431471
0.5982398259339909
0.14160605901581214
0.34530540706060453
0.44071982545425037
0.14591234766696726
0.11242064111608308
0.4546945929393953
0.27650053822071285
1.0464721397348606
0.5836639024487127
0.01807413441707517
0.6097686968369249
0.8513926006271184
0.46630985755486964
0.0318898110016379
0.47538814291695797
0.13398267398312136
0.1872846160976751
0.3297201390716422
0.2759183245352901
0.610556277683215
0.259800431546485
0.14530540706060435
0.4007896915835243
0.1346552957692948
0.5221148645454825
0.13584261387226704
0.35906283956991203
0.3241970059283954
0.12007539348533758
0.15181382921830622
0.13830018884249373
0.7425877869442603
0.19933259607415366
0.34835534578717553
1.1576929458328769
0.0031849757210142826
0.8261476423048233
0.18905866561653717
0.23569577159240573
0.1971723128056615
0.021326619288864812
0.43944805618834604
0.2013799119843407
0.8019354382588997
0.0498442106372492
0.3637654708727851
0.24530540706060489
0.20977978173674394
0.46527041901233623
0.2256997625424857
0.8011880436957419
1.1330370022446896
0.0007416181095925012
0.44823669079214223
0.9380295531504679
0.04747643886074027
0.07170591931916981
0.2776295785780212
0.09297932410254539
0.2620452157308657
0.18862272840595917
0.3835846452639933
0.3252755893306949
0.2912781615160487
0.3449659678112127
0.005444951767382911
0.22112988458701643
0.34530540706060453
0.4785683847645501
1.215202775402032
1.1326282262016356
0.09746595578911066
0.34530540706060453
0.2928690325671184
0.35287705590458973
0.0894971507575173
0.30985439304464
0.024995845553474894
0.9126273854577507
0.25647912212254553
0.11948723513348547
0.09985509207858545
0.017774352972158347
0.06677599748297869
0.10050767995234278
1.140607233013287
1.1352820654773739
0.399932601054954
0.6607945761058795
0.2694451809231273
0.018025807259340887
0.3776749692399628
0.4008785029326978
0.5587736649843817
0.45573802616272197
0.365624086055262
0.12704561041564677
0.13905840231388478
0.3315664059897623
0.023778428525287332
0.21277836838945952
0.157238003679681
0.26830158694369555
0.9763046276533807
0.3181931289131974
1.3969388095411306
0.2665206489601326
0.1574517836378515
0.44938177324393
0.6368432589967918
0.6816227427165913
0.07920227891725684
0.4373581181247417
0.5215450523171468
0.444012546529871
0.01923748512027057
0.2575398631249133
0.3847595379965467
0.17749689820242143
0.217140642210655
0.2867972186247876
0.04906401286453388
1.7576871657123183
0.15358345396891426
0.30793757726764603
0.3316027510569004
0.2532496105627091
0.054434555395446615
0.06692845908189238
0.3807797943214508
0.6421907391876145
0.23511825990941482
0.1525235611392599
0.09378885867952036
0.18927016714230405
1.5641573861277331
0.15469459293939547
0.00375674764102385
0.3766834655830076
0.23140294081581647
0.39411293321975016
0.26879066546226493
0.3472997765556505
0.5808290990514537
0.1525235611392599
0.28728461609767475
1.0005065042117165
0.7701878056427116
0.37027986092835796
0.6939389566460603
0.04376532726217963
0.02987063655618538
0.2998951590697798
0.21397318807060373
0.19173063817441438
0.012336389322072705
0.24595122801701041
0.6945550482326173
0.28990216338540353
0.4725106220694615
0.5647814575014207
0.19126507099243195
0.027067508847198773
0.24530540706060489
0.32274406079275764
1.3554931087259021
0.1175369831310249
0.5894437223167852
0.025863427656841687
0.34530540706060453
0.10939441835670394
0.08522611103589561
0.2929784174143606
0.569246884237443
0.5092276667713476
0.43182458060933016
0.012845481185313368
0.7671100741725967
1.0463092376724035
0.18469033838448556
1.2152140243009928
0.36433405785633166
0.1695856800914317
0.9731316206786236
0.16508340118104226
0.3624121103991511
0.17276615686829455
0.40648373452393205
0.02848820030566479
0.2901456069553596
0.08982983651955578
0.015318591736608766
0.13227677003014993
0.07231500018880954
0.39618649906531633
1.2999585079527325
0.3482326319758391
0.6263313790211518
0.4836682590755279
0.1357154075477398
0.16930182626768087
0.9026783218524077
0.3774470446153737
0.36204521573086534
0.501009013836681
0.7751503106002255
0.19777380878580164
0.0019520840732312195
0.33918966436480424
0.065029239262679
0.9638601094451467
0.40822620602531234
0.13249280466161917
0.03642252696074877
0.1679301705156684
0.22032997471345883
0.025379282395357805
0.33488493416371146
0.48366390244871305
0.04747643886074027
0.0018101091942952507
0.4907436712256583
0.6588301242955614
0.20665719184855202
0.42128030719632203
0.0519763265631612
0.19830144472982525
0.1220588011164816
0.32161878233696406
0.054694592939395825
0.14450689127409788
0.9063596811039938
0.8430382720235263
0.20318019814067068
0.3490913665235009
0.8812635697659923
0.07678206091052964
0.37118940546872725
0.03758438793988628
0.5740972460175504
0.20158162041005756
1.3816463706409996
0.025699762542485516
