0.1774166666666659
0.15500000000000025
1.0583333333333345
0.19875000000000131
0.4066666666666672
0.004998207674678845
0.2821554968907094
0.14408991008991023
0.8381818181818188
0.2983333333333338
0.293333333333333
0.15979118104118228
0.9149999999999991
0.07261575108889406
0.6328571428571426
0.22500000000000053
0.30485714285714405
0.21989411027568906
0.4826666666666668
0.05799999999999983
0.9553333333333329
0.08789264674634545
0.183178387998983
0.02583333333333382
0.02416666666666689
0.11054978354978218
0.20000000000000018
0.21068170387647012
0.012500000000000178
0.3457499999999989
0.04733333333333345
0.3427062249063493
0.29771428571428604
0.17333333333333378
0.1484979124707113
0.20599999999999952
0.026250000000000995
1.3499999999999996
0.14488095238095333
0.21342857142857063
0.24270622490634963
0.6291461038961037
0.2257380952380954
0.3648174603174601
0.32333333333333414
0.21799999999999908
0.29464285714285765
8.881784197001252e-16
0.4140000000000006
0.21485046150956677
0.413333333333334
0.17621428571428588
0.4258611111111108
0.0699999999999994
0.09412698412698273
0.6870707070707072
0.38215549689070905
1.4688809523809523
1.0599999999999996
0.21166666666666778
0.21833333333333282
0.1200000000000001
0.03666666666666707
0.31068170387646976
8.881784197001252e-16
0.25611904761904825
0.03166666666666629
0.019999999999999574
0.17028622358034173
0.0
0.32150000000000034
0.227907439782439
0.034999999999999254
0.25611904761904825
0.07594791602602502
0.21771002261016292
0.3976706349206349
0.7199999999999998
0.22750000000000004
0.48317449543920166
0.4999999999999991
0.042243569702105965
0.2883333333333331
0.08656349206349301
0.4851495384904334
0.2400000000000011
0.07000000000000028
1.8324999999999987
0.22091986785144613
0.25805555555555504
0.3427062249063493
0.2999999999999998
0.09750000000000103
0.3600000000000003
0.7400000000000002
0.19589682539682585
0.17916666666666536
0.04382910145410168
0.8799999999999999
0.3422435697021058
0.09083333333333243
0.28632142857142906
0.022820346320346907
0.2390094140889527
0.20566666666666755
0.07749999999999968
0.10204317332993806
0.07148809523809518
0.08791666666666575
0.06800000000000139
0.058636363636364486
0.22800000000000065
0.10599999999999987
2.1619011544011544
0.18485714285714394
0.14065928515928583
0.685142857142857
1.5063572538572538
0.6049999999999995
0.39839869281045726
0.39083333333333314
0.15894250511436248
0.11210735325365473
0.25005515598167705
0.22000000000000064
0.20824984576826733
0.3572937750936509
0.2020431733299377
0.38450000000000006
1.40475
0.36576525435348994
0.25664964918334565
0.9316341384863129
0.2599999999999998
0.11485046150956624
0.03500000000000014
0.03133333333333432
0.21484848484848484
0.32500000000000107
0.1918333333333333
0.24335035081665435
0.05200000000000049
0.03666666666666796
0.31042857142857194
0.012107353253655084
0.29666666666666686
0.40000000000000036
0.0932714685555247
0.34824700640490214
0.17857142857142883
1.2052142857142858
0.2535079365079351
0.3952142857142853
0.40000000000000036
0.1850000000000005
0.5716666666666672
0.6640952380952383
0.07533333333333303
0.13696969696969674
0.32333333333333236
0.007857142857142563
0.7599999999999998
1.1173333333333337
0.24270622490634963
0.09999999999999964
0.03249999999999975
0.5724999999999998
1.1216666666666661
0.18400000000000016
1.7766666666666655
0.014850461509566593
0.001166666666665428
0.6300000000000008
0.041666666666666075
0.08333333333333481
0.09342857142857142
0.14783333333333282
0.07594791602602502
0.12103174603174516
0.15333333333333332
0.022499999999999964
0.05750000000000011
0.1288073593073591
0.0916666666666659
0.10500000000000043
0.5333809523809521
0.3540000000000001
0.4063613231552159
0.5139523809523805
0.5550000000000015
0.028999999999999027
0.2333333333333325
0.7800000000000011
0.041999999999999815
0.04786208889149979
1.3923333333333332
0.6099999999999994
0.823549783549784
0.13539682539682474
0.11684794372294327
0.20824984576826733
0.3311349206349199
0.17666666666666675
1.1256666666666675
0.691250000000001
0.3761666666666663
0.06250000000000089
0.13150000000000084
0.7763809523809524
0.26071428571428523
0.5949999999999998
0.41815873015873084
0.45766666666666644
0.0022500000000000853
0.1471428571428568
0.6851495384904336
0.10000000000000053
0.1515020875292894
0.15576485779666438
0.224444444444444
0.2699999999999996
0.08215549689070922
0.32753468899521465
0.25
0.13666666666666671
0.49327146855552506
0.1566666666666663
1.0999999999999996
0.012107353253655084
0.30116666666666614
0.28000000000000114
0.07749999999999968
0.28683333333333216
0.33866666666666667
0.11749999999999972
0.2685961538461541
0.5599999999999996
0.43629337329337314
0.10600000000000076
0.5400000000000009
0.3624761904761904
0.3966666666666665
0.0007142857142854453
0.09666666666666668
0.5759999999999987
0.7658333333333331
0.03999999999999915
0.0033333333333329662
0.07516666666666527
0.10200000000000031
0.156649649183346
0.18802145442837315
0.012500000000000178
0.11989411027568853
0.18984740259740285
0.03500000000000014
0.18315205627705655
0.379999999999999
8.881784197001252e-16
0.7755757575757576
0.4297137764196579
0.44488095238095315
0.014850461509566593
0.4826666666666677
0.3427062249063493
0.2543333333333333
0.5019999999999998
0.3927841116683828
0.3427062249063493
0.554271978021978
0.22750000000000004
0.3089482374107373
1.158333333333334
0.43700000000000117
0.8213333333333335
0.5807192982456151
0.29173863636363695
0.2321892110447097
0.10999999999999943
0.17594791602602555
0.16999999999999993
0.3049999999999997
0.3427062249063493
0.21771002261016292
0.14114601535972504
0.45333333333333314
0.08215549689070922
0.1427062249063491
0.21771002261016292
0.28514953849043323
0.4033333333333333
8.881784197001252e-16
0.4076785714285709
0.07000000000000028
0.22753468899521412
0.20529761904761834
0.09516666666666662
0.014850461509566593
0.1133333333333324
0.7905151515151516
0.16261904761904766
0.17499999999999982
0.4541666666666657
1.009999999999999
0.10133333333333372
0.29666666666666597
0.23518253968253955
0.41999999999999993
0.06375000000000064
0.14999999999999858
0.19850000000000012
0.5222115211094351
0.9271515151515155
0.171333333333334
0.25
0.056649649183345474
0.017499999999999183
0.1643775252525259
0.41999999999999993
0.1918333333333333
0.17999999999999972
0.2236636363636375
0.16050000000000075
0.7488333333333328
0.9209198678514463
0.4900000000000002
0.258
0.37916666666666554
0.24624999999999986
0.45199999999999907
0.17666666666666675
0.29625000000000146
0.36599999999999966
0.002500000000000391
0.24270622490634963
0.6734999999999998
0.807500000000001
0.5616666666666656
0.05729377509365108
0.14738095238095283
0.0216666666666665
0.389815942227707
0.03647646797646775
0.15999999999999925
2.2699999999999996
0.12405208397397516
0.17333333333333378
0.14669047619047504
0.41999999999999815
0.0600000000000005
0.09999999999999876
0.2947857142857142
0.24249999999999972
0.6316666666666668
1.1099999999999994
0.6208271728271733
0.021035714285713603
0.25729377509365037
0.3225000000000007
0.1924999999999999
0.5878926467463454
0.1427062249063491
0.1639999999999997
0.22127801657262403
0.14066666666666716
2.115
0.11500000000000021
0.08297619047619076
0.6586666666666678
0.1015569940053318
0.17116666666666713
0.2020476190476188
0.3427062249063493
0.021666666666665613
0.3291666666666675
0.040000000000000036
0.288562073085048
0.37547085844181893
0.012107353253655084
0.5949999999999998
2.0752619047619048
0.07261575108889406
0.2999999999999998
0.5106817038764699
0.618158730158731
0.10000000000000053
0.17028622358034173
0.13218921104470915
0.12514285714285744
0.04476190476190478
0.040000000000000036
0.3181587301587312
0.08250000000000046
0.49344823232323254
0.16249999999999964
0.21856691421114327
0.2933333333333321
0.054923076923078185
0.09980952380952512
0.17350000000000065
0.10949999999999971
0.18109523809523687
0.44725000000000037
0.45999999999999996
0.4950048173456736
1.7299999999999995
0.2178445031092906
0.39333333333333265
0.012107353253655084
0.1421428571428569
0.2773580468962793
0.39222222222222225
0.09416666666666629
0.12250000000000139
0.1783333333333328
1.2470000000000008
1.181333333333333
0.6851495384904336
0.05999999999999961
0.040000000000000036
0.08910714285714327
0.4266666666666685
0.20000000000000018
0.6500000000000004
0.3791666666666673
0.03999999999999915
0.10566666666666613
0.27000000000000135
0.7377142857142855
0.4104285714285716
0.8700000000000001
0.08999999999999986
0.21999999999999975
0.4345000000000008
0.5025000000000004
0.38215549689070905
0.2939999999999987
0.08346428571428532
8.881784197001252e-16
0.035428571428572475
0.15175299359509786
2.6645352591003757e-15
0.15576190476190366
0.1194999999999995
0.1114285714285721
0.3849999999999998
0.3442351422033356
0.12488095238095287
2.6645352591003757e-15
0.0600000000000005
0.1429999999999998
0.2124518922008951
0.3427062249063493
0.6753674242424239
0.4480000000000004
0.13798783034994422
0.12405208397397516
0.22933333333333383
0.2833333333333332
0.3503333333333334
0.24309523809523803
0.84823051948052
0.07594791602602502
0.6851495384904336
0.24850000000000083
0.0600000000000005
0.7664999999999988
0.46550000000000047
1.427384248911106
1.4572937750936505
0.11499999999999932
0.6160000000000005
0.3839772172272182
0.39333333333333353
0.1924999999999999
0.026666666666667282
0.2832083660050637
0.06666666666666643
0.24541666666666728
0.010833333333331474
0.02999999999999936
0.25
1.7763568394002505e-15
0.2351666666666672
0.379999999999999
0.2649999999999997
0.21083091527209152
0.38583333333333236
0.13999999999999968
0.005683760683760752
0.10499518265432606
0.20894823741073765
0.5733333333333333
0.1834514652014656
0.5651111111111113
0.0893182961235306
0.23787499999999984
0.875
0.6294999999999993
0.32650000000000023
0.4950048173456736
0.8658333333333328
1.4300000000000015
0.03426984126984056
1.7891666666666675
0.2400000000000002
0.004642857142856727
0.0
0.3724653110047855
0.21950000000000003
0.10996453900709202
0.11416278166278193
0.125
0.19753696303696344
0.4683658615136874
0.41000000000000014
1.8759999999999986
0.22166666666666668
0.2947857142857142
0.45729377509365055
0.21682161200101735
0.6174999999999997
0.20749999999999957
0.2030555555555562
0.18514953849043359
0.487602385288767
0.4123976147112334
0.32011111111111124
0.1427062249063491
0.08999999999999986
0.06587892085759606
0.9058333333333337
0.2083475113122173
0.2866666666666662
0.3633333333333333
0.05729377509365108
0.47499999999999964
0.17474185463659175
0.3699999999999992
0.31784450310929113
0.06416666666666604
0.3427062249063493
0.07866666666666688
0.2894502164502173
0.3733333333333331
0.19653571428571492
0.625238095238096
1.0499999999999998
0.24270622490634963
0.24270622490634963
0.5000000000000009
0.24270622490634963
0.11210735325365473
0.20250000000000057
0.3134603174603168
0.012107353253655084
0.26933333333333387
0.16000000000000014
0.6834999999999996
0.2609905859110473
0.07735804689627912
0.00824984576826715
0.33105749601276013
0.501666666666666
1.7175000000000002
0.1427062249063491
0.15175299359509786
0.019999999999999574
0.07617460317460267
0.156649649183346
0.08000000000000185
0.3965357142857142
0.6536363636363633
1.2222380952380956
0.20999999999999996
0.0711666666666666
0.3148504615095664
0.10199999999999942
0.01858477633477662
0.17594791602602555
1.7166432178932176
0.8458333333333332
0.057388676844783326
0.01750000000000007
0.7999999999999998
0.7260000000000009
0.15500000000000025
0.8157142857142858
0.013333333333333641
0.11249999999999982
0.23500000000000032
0.05175299359509822
0.27499999999999947
0.48249999999999993
0.2599999999999998
0.02999999999999936
0.08428571428571452
0.25833333333333286
0.20264285714285712
0.5099999999999998
0.8399999999999999
0.9256666666666682
0.2963333333333331
0.15729377509365072
0.10999999999999943
0.429333333333334
0.6243446010511233
0.25200000000000067
0.370000000000001
0.1427062249063491
0.18215549689070887
0.3427062249063493
0.05428571428571605
0.09499999999999975
0.4347026862026864
0.183178387998983
0.1427062249063491
0.042706224906349455
0.1566666666666663
0.08833333333333293
0.042706224906349455
0.13025641025640944
0.0983333333333336
0.019999999999999574
0.12000148112756737
0.271293650793651
0.7482305194805194
0.1639999999999997
0.31333333333333346
0.024052083973974625
0.37283333333333335
0.26415656054471714
0.27158333333333395
0.12405208397397516
0.44779365079364997
0.09050000000000047
0.40404761904761877
0.1850000000000005
0.0060000000000011156
0.5979568266700621
0.06599999999999984
0.16085514485514452
0.2831428571428569
0.41000000000000014
0.23500000000000032
0.25466666666666615
1.1999999999999993
0.3427062249063493
0.05729377509365108
2.499841671486408
0.2821554968907094
0.463055555555556
0.24270622490634963
0.2502790549251275
0.04500000000000082
0.04800000000000004
0.6379878303499442
0.3515020875292887
0.38083333333333336
0.4155353535353541
0.3113333333333337
0.012107353253655084
0.25
0.40000000000000124
0.10999999999999943
0.12405208397397516
0.2530000000000001
0.8329229797979796
0.08250000000000046
0.05572182279305782
0.06552380952380954
0.0735714285714284
0.2308333333333321
0.06666666666666732
0.5453333333333337
1.9909999999999997
0.06333333333333435
0.1726157510888946
0.29499999999999993
0.09411111111111126
0.10000000000000053
0.6243446010511233
0.37299999999999933
0.21878021978022044
0.3272142857142857
0.4182976190476193
0.2586666666666675
0.4041666666666668
0.030000000000001137
0.6633333333333331
0.054289682539684136
0.12371753246753237
0.740904761904762
0.6100000000000003
0.48066666666666613
0.042706224906349455
0.20516867283043805
0.12666666666666693
0.05999999999999961
0.018333333333332646
0.4851495384904334
0.112222222222222
0.025000000000001243
1.9356224747474746
0.10966666666666658
8.881784197001252e-16
0.04499999999999993
0.03958333333333375
0.45282142857142915
0.6450000000000005
0.9633333333333329
0.34249999999999936
0.24624999999999986
0.550416666666667
0.17999999999999972
0.24270622490634963
0.013436507936507525
0.012107353253655084
0.21999999999999975
0.05833333333333357
0.4385714285714286
0.18761904761904713
0.10733333333333395
0.183178387998983
1.0803333333333338
0.22607936507936532
0.17499999999999982
0.2010714285714288
0.3427062249063493
0.11142857142857032
0.05885398464027514
0.6616666666666671
0.17250000000000032
0.16398015873015925
0.15261904761904788
0.14583333333333304
0.0
2.2
0.2677188328912461
0.158333333333335
0.0
0.24270622490634963
0.288562073085048
0.7149999999999999
0.21210735325365526
0.1783333333333328
0.29305555555555607
0.14020881895881843
0.4123976147112334
1.9249999999999998
0.040000000000000036
0.913333333333334
0.1566666666666663
0.08000000000000007
0.09857142857142964
0.1388888888888884
0.14114601535972504
0.46025000000000027
0.6739999999999995
0.06750000000000078
0.040000000000000924
0.5166666666666657
0.24335035081665435
0.37600000000000033
0.14427817720694236
0.17571428571428616
0.13999999999999968
0.14442857142857068
0.33833333333333293
0.2686666666666664
0.42034523809523794
0.0
0.2699999999999996
1.0199999999999987
0.2373809523809527
0.007321428571429145
0.25333333333333297
0.3702862235803419
0.8499999999999996
0.31465179265179266
0.25149999999999917
0.43349999999999955
0.2123976147112332
0.3427062249063493
0.13666666666666671
0.02999999999999936
0.13166666666666682
0.2899722222222225
0.26533333333333253
0.09888095238095307
0.3056410256410267
0.06500000000000039
0.38699999999999957
0.0
0.6360000000000001
0.4441666666666668
0.11210735325365473
0.35800000000000143
0.06833333333333425
0.18215549689070887
0.4033333333333342
0.2839999999999989
0.030051350610173166
0.37349999999999994
0.24270622490634963
0.10000000000000231
0.2091666666666656
0.8899999999999997
0.15175299359509786
0.39999999999999947
0.012107353253655084
0.4229761904761906
0.4571428571428564
2.85729377509365
0.1900000000000004
0.10428571428571498
0.17659523809523847
0.8242063492063494
0.2525000000000004
0.2724999999999991
0.43666666666666565
0.07083333333333286
0.33000000000000007
0.3600000000000003
0.8366666666666669
0.2005000000000008
0.18657142857142972
0.06383333333333319
0.2880214544283728
0.1516666666666664
0.040000000000000924
0.7529517308778173
0.8145148046398045
0.15661904761904655
0.07735804689627912
0.0033333333333329662
0.8347161172161179
0.183178387998983
0.760761904761905
0.2500000000000009
0.3572937750936509
0.1008838160562302
0.9000000000000004
0.34000000000000075
0.6050000000000004
0.304333333333334
0.3508333333333331
1.4261904761904765
0.3655000000000008
2.1822899773898374
0.6572937750936507
0.08228997738983779
0.06285714285714228
0.2685961538461541
0.3427062249063493
0.1917065989565998
0.386000000000001
2.6645352591003757e-15
0.0606666666666662
0.433771213954425
0.9818412698412686
0.3121073532536549
0.33438920801420746
0.42428571428571615
0.3104166666666668
1.0341666666666667
0.07999999999999918
0.022738095238095113
0.04999999999999982
0.27649788496834304
0.12011111111111106
0.24065928515928547
0.2347026862026862
0.35350793650793566
0.3108333333333322
0.019999999999999574
8.881784197001252e-16
0.5950000000000006
1.0670770202020208
0.20800000000000107
0.023333333333333428
0.6440000000000001
0.07547085844181911
0.29666666666666597
0.4456547619047626
1.0774761904761911
0.2700833333333339
1.4889999999999999
0.22625000000000117
0.045416666666667105
0.8852380952380958
0.36666666666666714
0.71
0.13409523809523805
0.08707070707070752
0.1427062249063491
0.02866666666666795
1.2927168109668123
0.41000000000000014
0.27000000000000046
0.3120833333333337
0.6199999999999992
0.0009090909090900823
0.9459166666666681
0.07666666666666622
0.6937499999999996
0.9633333333333338
0.2257142857142851
1.0081074929971985
0.23000000000000043
0.26583333333333314
0.08952380952380867
0.08000000000000185
0.046666666666666856
0.5720000000000001
0.012107353253655084
0.2400000000000002
0.4183333333333339
1.431578947368422
0.024052083973974625
0.3427062249063493
0.0048809523809536515
0.29280952380952385
0.36166666666666636
1.0351825396825403
0.316238095238095
0.028666666666666174
0.04103937728937712
0.004999999999999005
0.08215549689070922
0.13416666666666632
0.16000000000000014
0.1349999999999998
0.24657894736842145
0.3191666666666677
0.11455555555555641
0.8900000000000006
0.121428571428571
0.35879761904761853
0.19477120625531796
0.5025714285714287
0.09999999999999964
0.15449999999999964
0.2563333333333322
0.6675000000000004
0.33749999999999947
0.3491666666666662
0.1427062249063491
0.14976190476190432
0.046730158730158955
0.2226419531037207
0.042706224906349455
0.31113736263736147
0.014589743589742632
0.6616666666666671
0.05833333333333357
0.3457499999999989
1.243777777777777
0.2287499999999998
0.16000000000000014
0.2060000000000004
0.3561190476190479
0.2729999999999997
0.6734999999999998
0.07594791602602502
0.07000000000000117
0.09750000000000103
0.17028622358034173
0.11210735325365473
0.38215549689070905
0.1658789208575957
0.6282857142857141
0.011666666666666714
2.0999999999999996
0.2878333333333325
0.598361111111112
0.6294117647058828
0.12538888888888877
0.043333333333333
0.5966666666666667
0.04157142857143015
0.1466666666666665
0.4621306454982923
0.21771002261016292
0.0380988455988458
0.08802145442837261
0.012000000000000455
0.17466666666666697
0.2956666666666665
0.23416666666666686
0.40566666666666595
0.025333333333333208
0.393448232323232
0.3121073532536549
0.12666666666666693
0.6223809523809516
0.27649788496834304
0.3198333333333325
0.25614285714285767
0.9062857142857146
0.6379878303499442
0.11989411027568853
0.18215549689070887
0.14569444444444457
0.17422619047619126
0.4716666666666667
0.14721428571428596
0.79
0.21999999999999975
0.24335035081665435
0.03428571428571381
0.21169047619047543
0.1012142857142857
0.32250000000000156
1.3178445031092911
0.18315205627705655
0.15729377509365072
0.2796524170274175
0.17440698190698267
0.42933333333333223
0.12476190476190574
0.21333333333333293
0.024999999999999467
0.32333333333333325
0.18366666666666642
0.18657142857142972
0.10000000000000053
0.20499999999999918
0.19477120625531796
0.7029047619047626
0.11989411027568853
0.5120000000000005
0.32090476190476114
0.4399999999999995
1.057293775093651
0.29233333333333356
0.10834751131221765
1.764166666666667
0.17594791602602555
1.7199999999999998
0.002500000000001279
1.3133333333333335
0.30166666666666675
0.12405208397397516
0.48733333333333295
0.3341904761904759
0.2178445031092906
0.05320771385477219
0.13616666666666788
0.2502790549251275
0.07749999999999968
0.02583333333333382
0.17476190476190467
0.05571428571428427
0.20257142857142885
0.6096666666666666
0.6876190476190471
0.5235021150316568
2.2306269841269835
0.2013888888888875
0.20142857142857107
0.08750000000000036
0.5177619047619046
0.4589425051143623
0.31239761471123373
0.08499999999999908
0.3553333333333333
1.0733333333333341
0.16528846153846288
0.2968809523809526
0.2965555555555559
0.2995000000000001
0.08000000000000007
0.15999999999999925
0.19152380952381076
0.20599999999999952
0.24166666666666625
0.0649999999999995
0.11833333333333318
0.00011111111111183902
0.46142857142857174
0.40500000000000114
0.3427062249063493
0.08607142857142858
0.6482305194805198
0.4399999999999995
0.07804040404040258
0.03062698412698328
0.34704826912218234
0.10000000000000053
0.2944444444444443
0.201666666666668
0.2616666666666667
0.5855000000000006
0.5525910706378356
0.28749999999999964
0.2233333333333336
0.5477380952380964
0.21999999999999975
0.02091986785144595
0.07469230769230784
0.36713636363636404
0.36166666666666636
0.024052083973974625
0.2400000000000002
0.016666666666666607
0.30310028860028826
0.1284126984126992
0.1200000000000001
0.11485046150956624
0.3266666666666662
0.43100000000000094
0.3049999999999997
0.15083333333333382
0.08083333333333353
0.9678107889552905
0.032999999999998586
0.3179761904761902
0.2828333333333335
1.5900000000000007
0.35416666666666696
0.06894250398724022
0.20000000000000107
0.375
0.5758333333333328
0.14999999999999947
0.0206199633699633
0.055000000000000604
0.6360000000000001
0.29000000000000004
0.36249999999999805
0.23698412698412774
0.04875000000000007
0.4399999999999986
0.6950048173456738
0.7165485347985339
0.7577564302978939
0.15833333333333321
0.08789264674634545
1.1330952380952377
0.12405208397397516
0.29499999999999904
0.605714285714285
0.08514285714285652
0.5001583285135913
0.24270622490634963
0.43833333333333435
0.0
0.4683658615136874
0.08669642857142801
1.0133333333333336
1.2190000000000003
0.12939393939393895
0.3148504615095664
0.5226419531037205
0.2400000000000002
0.3839772172272182
0.002500000000000391
0.13333333333333286
0.014666666666666828
0.1150000000000011
1.0420000000000007
0.4077928737928751
0.541666666666667
1.7173333333333343
0.1633333333333331
0.14250000000000185
0.09999999999999964
0.2699999999999996
0.39149999999999885
0.12457380952381047
0.3916666666666657
0.4150000000000009
0.025277777777778176
0.4091666666666658
0.08303571428571477
0.5700000000000003
0.2833333333333332
0.27591666666666725
0.25246084040215955
1.8049951826543262
0.3244999999999987
0.4874999999999998
0.791666666666667
0.4814330857888569
0.3432000000000004
0.33500000000000085
0.3129999999999997
0.2999999999999998
0.33285714285714363
2.6645352591003757e-15
0.6405555555555562
0.019999999999999574
0.046666666666666856
0.2593333333333332
1.0170714285714286
0.33399999999999963
1.0801058897243117
0.34633715304303614
0.07032936507936594
0.2251428571428571
1.062012169650056
0.2975369630369631
0.1466666666666674
0.3637254901960789
0.5801666666666669
0.07333333333333325
0.0600000000000005
0.54
8.881784197001252e-16
0.04114601535972451
2.8063572538572528
0.2945833333333354
0.09391666666666776
0.0898474025974032
0.39149999999999885
1.3433333333333337
0.28800000000000114
0.4499999999999993
0.014166666666667105
0.07649788496834287
0.27261575108889424
0.7874999999999996
0.036920634920635464
0.7999999999999998
0.22127801657262403
0.0
0.609166666666666
0.5105714285714287
0.5624999999999991
0.9100000000000001
0.21485046150956677
1.1673333333333336
0.02000000000000135
0.010000000000001563
0.6243446010511233
0.42350000000000065
0.20155699400533234
0.0
0.4275346889952143
0.3539953102453106
0.1796547619047617
0.32586111111111027
0.15000000000000124
0.10666666666666647
0.3410574948856375
0.22750000000000004
0.2896666666666663
0.9572937750936505
0.1509999999999998
0.37621428571428606
0.15750000000000064
0.031500000000001194
0.03750000000000142
0.026333333333333542
0.34824700640490214
0.03599999999999959
0.03000000000000025
0.03470268620268602
0.21333333333333293
0.4516666666666662
0.24270622490634963
0.7051666666666669
0.14749999999999908
0.39999999999999947
0.11666666666666714
0.669999999999999
0.17735804689627965
0.022738095238095113
0.2861904761904759
0.12166666666666703
0.045833333333332504
0.15729377509365072
0.4449999999999994
0.05729377509365108
0.11499999999999932
0.522666666666666
0.26583333333333314
0.6801666666666666
0.11714261294261252
0.2587976190476189
0.8483333333333336
0.54
2.6645352591003757e-15
0.06894250398724022
0.05166666666666675
0.1639999999999997
0.03000000000000025
0.31333333333333346
0.05729377509365108
0.24125000000000085
0.43416666666666703
0.3683658615136878
0.014444444444444926
0.0474089293621649
0.09749999999999925
0.2759999999999998
1.3249999999999993
0.2079999999999993
2.244999999999999
0.5024630369630367
0.24270622490634963
0.20583333333333353
0.5139285714285711
0.04999999999999982
1.4370000000000003
0.546666666666666
0.31771002261016257
0.08000000000000007
0.3441666666666672
0.5900000000000007
0.160166666666667
0.7526365546218479
1.3047500000000003
0.31771002261016257
0.580000000000001
0.79
0.16000000000000014
0.40000000000000036
0.39000000000000057
0.10000000000000053
0.012107353253655084
0.1082498457682668
0.37965241702741714
1.001999999999999
0.2486031746031756
0.9193333333333333
0.33133333333333326
0.8666666666666671
0.07649788496834287
0.6807192982456147
0.1917065989565998
1.13423474564651
0.48433196767490294
0.2606666666666664
0.012107353253655084
0.31666666666666643
0.1422435697021056
1.0
0.35000000000000053
0.31239761471123373
0.9148571428571417
0.5808333333333344
0.5625
0.3154184149184154
0.15999999999999925
0.3056666666666672
0.009999999999999787
0.5052287937446822
0.4463371530430358
0.3427062249063493
0.4620121696500554
0.163333333333334
0.36833333333333407
0.33974999999999955
0.09999999999999964
0.196763538748832
0.3171428571428567
0.40816666666666634
0.08999999999999986
0.008333333333333748
0.2754708584418193
1.873438644688644
0.17300000000000093
0.1474949772449765
0.13199999999999967
0.22000000000000064
0.2756515151515151
0.010830915272091346
0.7209198678514461
0.09999999999999964
1.2790000000000008
0.046666666666666856
0.15729377509365072
0.379999999999999
0.10447619047619039
0.12405208397397516
0.012107353253655084
0.4297137764196579
0.027047619047619875
0.6599999999999993
0.8666666666666663
2.6645352591003757e-15
0.1633333333333331
0.2959999999999994
0.2512820512820513
0.1150000000000011
0.8500000000000005
1.4455
0.10583333333333389
0.04500000000000082
0.29000000000000004
0.5442351422033358
0.37892857142857217
0.7379878303499448
0.08856207308504782
0.0172121212121219
8.881784197001252e-16
0.1683658615136876
0.06350000000000033
0.31150000000000055
1.7763568394002505e-15
0.34500000000000064
0.37965241702741714
0.081666666666667
0.6943333333333328
0.3200000000000003
0.3649999999999993
0.1776666666666662
0.28125
0.0
0.3033333333333328
0.30428571428571427
0.02315476190476229
0.31042857142857194
0.4421428571428567
0.07833333333333403
0.1899999999999995
0.3291666666666666
0.2400000000000002
0.018566914211143093
0.10142857142857054
0.3391666666666673
0.4309523809523812
0.10935714285714226
0.2662287860455752
1.5850000000000009
0.04833333333333378
0.024052083973974625
0.38175000000000026
0.6293333333333324
0.06580952380952354
0.11916666666666664
0.02499999999999858
0.026666666666666394
0.5824999999999996
0.0420000000000007
0.29344823232323236
0.21714285714285708
0.15428571428571303
0.3427062249063493
0.28010588972431094
0.017710022610162746
0.15428968253968378
0.06324999999999914
0.11684794372294327
0.026333333333333542
0.21485046150956677
0.14200000000000035
0.17594791602602555
0.15487179487179503
0.24270622490634963
0.025972336487041225
0.024052083973974625
0.7327499999999993
1.8533333333333326
0.24200000000000088
1.2999999999999998
0.14066666666666627
0.8119785455716269
0.29499999999999993
1.75
0.47000000000000064
0.4950048173456736
0.11068170387646958
0.012107353253655084
0.16894250398723987
0.1614047619047616
0.11784450310929095
0.2666666666666666
0.1349999999999998
1.2625000000000002
0.07642857142857196
0.21367857142857094
0.4524999999999988
0.3427062249063493
0.42916666666666625
0.1427062249063491
0.008066876750700835
0.2079999999999993
1.0693333333333337
0.27500000000000036
0.13199999999999967
0.11239761471123355
0.23333333333333162
0.08749999999999947
0.13210526315789473
0.1764978849683434
0.336666666666666
0.3570000000000002
0.16357142857142914
0.17708333333333304
0.41999999999999904
0.07899999999999974
0.0600000000000005
0.5573333333333332
0.6489761904761906
0.01933333333333298
0.05175299359509822
0.10416666666666696
0.04999999999999982
0.34427817720694254
0.29000000000000004
0.5166432178932183
0.014166666666667993
0.38403571428571315
0.10000000000000053
0.24270622490634963
0.370000000000001
2.6645352591003757e-15
0.18249999999999833
0.03750000000000053
0.09550000000000036
2.4833333333333325
0.07166666666666632
0.034999999999999254
0.3884999999999996
0.3541666666666661
0.24270622490634963
2.6645352591003757e-15
0.026666666666666394
0.12833333333333385
0.07247619047619036
0.5094848484848482
0.4083333333333332
0.5693333333333328
0.4974999999999996
0.13333333333333286
0.012107353253655084
0.20155699400533234
1.062012169650056
0.2570238095238091
0.15000000000000036
0.35166666666666657
0.32790743978243864
0.27333333333333343
0.6572937750936507
0.15888888888888886
0.2476666666666656
0.2512698412698402
0.1577698412698414
0.1070000000000002
0.44722222222222285
0.03959174159174239
0.424052083973975
0.14200000000000124
0.984830808080809
0.475833333333334
0.2159479160260256
0.04999999999999982
0.14804145166838723
0.120000000000001
0.5283333333333333
0.057500000000000995
0.7411071428571425
0.1427062249063491
0.3893003195184477
0.28791666666666593
0.24333333333333407
0.11800000000000033
0.3136190476190466
0.3033333333333328
0.15480952380952484
0.4633333333333338
0.4163333333333341
1.3811111111111112
0.6003780663780658
0.024999999999999467
0.25172222222222107
0.3470000000000004
0.24270622490634963
0.11490476190476162
0.42666666666666675
0.8106817038764698
0.24740892936216508
0.32399999999999984
0.383174495439202
0.24849791247071096
0.2685961538461541
0.15475396825396714
0.3156680323250969
0.35983333333333345
0.3454166666666669
0.30833333333333357
0.07900000000000063
0.27514646464646475
0.10847619047618995
0.7446904761904767
1.1906428571428576
0.4535714285714292
0.08302597402597378
0.09333333333333371
0.5492857142857144
0.5049999999999999
0.5228333333333346
0.21771002261016292
0.693599206349206
0.10000000000000053
0.11666666666666536
0.37547085844181893
0.0893182961235306
0.1399999999999988
0.040000000000000036
0.32333333333333414
0.8149999999999995
0.10499518265432606
0.1427062249063491
0.40749999999999975
0.15729377509365072
0.246428571428571
0.012107353253655084
0.39327146855552453
0.11485046150956624
0.17999851887243246
0.07649788496834287
0.4347026862026864
0.16517857142857117
0.3625000000000007
0.06333333333333435
0.07066666666666777
0.33999999999999986
0.05382539682539722
0.0
0.4740000000000002
0.07000000000000028
0.17594791602602555
0.3487857142857145
0.3589999999999991
0.1274999999999995
0.2585714285714289
0.708166666666667
0.3702862235803419
0.5391448551448557
0.15170238095238187
0.039833333333333165
2.6645352591003757e-15
0.037499999999999645
0.31033333333333335
0.4616666666666669
0.012500000000000178
0.28500000000000103
0.024052083973974625
0.42738424891110594
0.21999999999999975
0.46772619047619024
0.08981594222770628
0.45999999999999996
0.46516666666666584
0.04157142857142926
0.3427062249063493
0.3786666666666676
0.028043956043956264
0.262777777777778
0.33333333333333304
0.08789264674634545
0.15333333333333332
0.22127801657262403
0.3572937750936509
0.10581998556998506
0.5092637362637369
0.9851428571428569
0.20000000000000107
0.18215549689070887
0.11485046150956624
0.43311904761904785
0.042706224906349455
0.16000000000000014
0.1336666666666666
0.1427062249063491
0.08000000000000096
0.09658333333333324
0.06587892085759606
0.4105555555555558
0.004000000000000448
0.379999999999999
0.390043799337918
0.37965241702741714
0.24740892936216508
0.3366666666666669
0.022666666666666835
0.04383333333333361
0.03470268620268602
0.09166666666666679
0.3780000000000001
0.6849999999999996
0.012107353253655084
0.30655176767676817
0.21210735325365526
0.07833333333333226
0.1454999999999993
0.024052083973974625
0.3223333333333347
0.009000000000000341
0.024052083973974625
0.12649999999999917
0.1422435697021056
0.06095115029897702
0.5969444444444445
0.5012499999999989
0.27649788496834304
0.29600000000000026
0.11083091527209099
0.48483080808080903
0.1726157510888946
0.40990404040404105
0.24934523809523768
0.10166666666666657
0.32150000000000123
0.8933333333333335
0.3427062249063493
0.7772619047619047
0.042706224906349455
0.10640079365079469
0.36555555555555497
0.20000000000000018
2.1052976190476187
0.6358246753246757
0.17999999999999972
0.14333333333333442
0.5952380952380958
0.040000000000000036
0.012397614711233018
0.46999999999999975
0.008666666666665712
0.2938095238095251
0.8329229797979796
0.6716666666666669
0.39418001443001494
0.08876190476190526
0.015592712842712686
0.45729377509365055
0.125
0.6529517308778177
0.06147619047618935
0.8411071428571422
0.9299999999999997
0.3199999999999985
0.025119047619047485
0.5549999999999997
0.5243333333333329
1.799999999999999
0.6759999999999993
0.2877341269841267
0.501846153846154
0.42350211503165713
2.6645352591003757e-15
0.20037806637806543
1.1680000000000001
0.24270622490634963
1.1572937750936507
0.1179523809523797
0.11210735325365473
0.07999999999999918
2.6645352591003757e-15
0.794999999999999
0.22877272727272757
0.5632499999999991
0.22127801657262403
0.10750000000000082
0.03750000000000142
0.38215549689070905
0.20999999999999996
0.009166666666666323
0.15729377509365072
0.02999999999999936
1.6315789473684221
1.1876023852887663
0.2058199855699847
0.11197854557162756
0.09999999999999964
0.04750000000000032
0.15175299359509786
0.4463371530430358
0.10935714285714226
0.05729377509365108
0.12405208397397516
0.6400476190476203
0.208066876750701
0.647738095238096
0.1510000000000007
0.43423474564651077
0.020000000000000462
0.009904040404040693
0.13857949068475328
0.0034166666666664014
1.3308333333333335
0.3890476190476191
0.4883333333333333
0.5318225108225114
0.1306188011335081
0.2273492063492073
0.6063636363636355
0.300416666666667
0.3019047619047628
0.00012499999999970868
0.027500000000000746
0.12127801657262438
0.07594791602602502
0.14000000000000057
0.3600000000000012
0.6549999999999994
0.05999999999999961
0.12625000000000064
0.005897435897436409
0.3427062249063493
0.19650000000000034
0.23698412698412774
0.06333333333333258
0.16099058591104765
0.040000000000000036
0.2724999999999991
0.4774761904761906
0.4933333333333332
0.0600000000000005
0.2829285714285712
0.11771002261016239
0.5799999999999992
0.4123976147112334
0.5066666666666668
0.11210735325365473
0.20000000000000107
0.27944184491978596
0.35749999999999993
0.6083333333333334
0.21934715284715267
0.11666666666666536
0.8319999999999999
0.7222115211094353
0.059166666666667034
0.15416666666666679
0.389815942227707
0.2759479160260252
0.12695238095238093
0.5249999999999986
0.1918333333333333
0.21989411027568906
0.6525910706378353
0.19400000000000084
0.2520195360195361
0.0178333333333347
0.8700000000000001
0.14121428571428485
0.3197777777777775
0.3401893939393945
0.29666666666666686
0.7291461038961033
0.1509999999999998
0.5029265873015873
0.281485014985015
0.07133333333333347
0.27804040404040276
0.11000000000000032
0.1415714285714298
0.18333333333333357
0.3356249999999994
0.3604082584082571
1.7383333333333333
0.07333333333333414
0.07856709956709906
0.5572937750936511
0.3624999999999998
0.3966666666666665
0.13000000000000078
8.881784197001252e-16
0.3433333333333337
0.7573333333333343
0.12650000000000006
0.3100000000000005
0.025714285714284912
0.13380952380952404
0.2875481077991049
0.4067285314444753
0.44599999999999884
0.04999999999999982
0.27999999999999936
0.2456666666666667
0.617
0.3600000000000003
0.02416666666666689
0.4833333333333325
0.3198333333333325
0.18514953849043359
0.31113736263736147
0.5749999999999993
0.4570833333333333
0.3927841116683828
0.10062499999999996
0.5200000000000014
0.3171426129426127
0.03399999999999981
0.09199999999999964
0.26933333333333387
0.002043173329937531
0.12950000000000106
0.36600000000000055
0.20155699400533234
0.22233333333333327
0.3199999999999994
0.6029047619047629
0.08215549689070922
0.2574999999999994
0.40999999999999925
0.39149999999999885
0.17726190476190506
0.6293333333333342
0.10499518265432606
0.13218921104470915
0.1986666666666661
0.08464743589743673
0.19133333333333358
0.0172121212121219
0.40999999999999925
0.3427062249063493
0.2550000000000008
0.06194444444444436
0.25083333333333346
0.1284166666666664
0.2999999999999998
0.2400000000000002
0.20942307692307693
0.21083333333333343
0.11596428571428685
0.31784450310929113
0.17333333333333378
0.7974999999999994
0.40200000000000014
0.014850461509566593
0.2900000000000009
0.18320836600506407
0.15000000000000124
0.120000000000001
0.7833333333333332
0.009999999999999787
0.24270622490634963
0.3801489898989896
0.21989411027568906
0.6243446010511233
0.20155699400533234
0.5525910706378356
0.24270622490634963
0.15833333333333321
0.2415168128654983
0.011861111111111988
0.11865289638122611
0.29321428571428676
0.14114601535972504
0.16416666666666746
0.6665000000000001
0.1658333333333344
0.061333333333332796
0.4553333333333329
0.26200000000000045
0.07000000000000028
0.665
0.7999999999999998
0.06033333333333335
0.3462499999999995
0.4477380952380958
0.5400000000000009
0.12416666666666742
0.020000000000000462
0.07066666666666599
0.301556994005332
0.3976706349206349
0.11999999999999922
0.22100000000000009
0.08500000000000085
0.2721388888888878
0.2950000000000008
0.5
0.49131349206349295
0.5766666666666671
0.3427062249063493
0.33000000000000096
0.3801058897243115
0.07299999999999951
0.09999999999999964
0.461666666666666
0.1796547619047617
0.218514985014985
0.08333333333333304
0.7394999999999996
0.1802222222222225
0.46499999999999986
0.3366666666666669
0.6235497835497839
0.383
0.5379878303499446
0.2621428571428579
0.02799999999999958
0.17060606060606087
0.09642857142857153
0.020000000000000462
0.35821428571428626
0.05999999999999961
0.25729377509365037
0.03285714285714292
0.0600000000000005
0.350279054925128
0.025151404151404044
0.8405158730158737
0.26816885964912274
0.487602385288767
0.15000000000000036
0.07261575108889406
0.08981594222770628
0.3836904761904769
1.9115000000000002
0.19750000000000068
0.8249999999999993
0.40000000000000036
2.0233333333333334
0.03000000000000025
0.5966666666666667
0.5800000000000001
0.024342352092351582
0.13999999999999968
0.36833333333333407
0.21083091527209152
1.509166666666668
0.1395312500000001
0.1373333333333342
0.07318253968253874
0.3702862235803419
0.14999999999999858
0.05729377509365108
0.6243446010511233
0.47000000000000064
0.2573333333333334
0.43539682539682545
0.7402380952380954
0.7728333333333337
0.8406666666666673
1.2530515873015862
0.5526666666666671
0.05023809523809586
0.3360000000000003
0.28789264674634474
0.11666666666666714
0.06836586151368707
0.17433333333333323
0.5242857142857158
0.20000000000000018
0.5731111111111105
0.472666666666667
0.25729377509365037
0.10999999999999943
0.767500000000001
0.17375000000000007
0.3273842489111054
0.10833333333333339
0.5399999999999991
0.31239761471123373
0.1250000000000009
0.05583333333333318
0.3185669142111429
0.7299999999999995
0.0502790549251273
0.015352564102563804
0.27944184491978596
0.22999999999999954
0.5258611111111104
0.34427817720694254
0.5470833333333331
0.20000000000000018
0.11033333333333317
1.7329999999999997
0.6850000000000005
0.3279999999999994
0.8649999999999993
0.20250000000000057
0.3474089293621647
0.350279054925128
0.04100000000000126
0.1725714285714286
0.3520000000000003
0.2159479160260256
0.22055815508021404
0.3296666666666672
0.3700000000000001
0.24270622490634963
0.17600000000000104
0.2609905859110473
0.10184415584415607
0.41702380952380924
0.06666666666666643
0.17999999999999972
0.3427062249063493
0.20000000000000018
0.1433503508166547
0.034821428571429
0.8225238095238092
0.346000000000001
0.0688571428571425
0.40883333333333294
0.7553333333333327
0.3427062249063493
0.4400000000000004
0.09613131313131351
1.330626984126983
0.3427062249063493
0.3583333333333325
0.1125877192982454
1.3851495384904338
0.4652838827838819
1.1999999999999993
0.09333333333333282
0.07999851887243281
0.2333333333333334
0.11870704948646171
0.38166666666666593
0.32333333333333325
0.19056603773584868
1.0235021150316568
0.3474089293621647
0.12199999999999989
0.24666666666666703
0.01933333333333387
0.09689971139971121
0.013428571428570457
0.21535317460317493
0.22714285714285687
0.13285714285714434
0.06437752525252538
0.041666666666666075
0.4999999999999991
0.2541666666666673
0.014000000000000234
0.008666666666665712
0.17666666666666675
0.5391448551448557
0.4593253968253972
0.008261363636363761
0.22538095238095313
0.10485714285714387
2.6645352591003757e-15
0.17350000000000065
0.09633333333333294
0.12127801657262438
0.8497209450748722
0.14000000000000057
0.38320836600506425
0.07999999999999918
0.5598863636363633
0.2783333333333333
0.024052083973974625
0.042706224906349455
0.1273842489111061
0.4299999999999997
1.4752380952380948
0.8096666666666659
0.434164502164502
0.9572937750936505
0.37988888888888894
0.3483333333333327
0.1725714285714286
0.4052976190476185
0.18754810779910525
0.2047274392274394
0.03599999999999959
0.23833333333333329
0.030000000000001137
0.3474089293621647
0.48904365079365153
0.5700000000000003
0.2535714285714281
0.4114379269149522
0.15500000000000025
0.5414166666666667
0.40948484848484856
0.11000000000000121
0.10000000000000053
0.10876495726495694
0.656649649183346
0.15175299359509786
1.8045
0.875
0.24571031746031657
0.016666666666667496
0.372119047619047
0.24833333333333218
0.08302597402597378
0.09999999999999964
0.30305555555555586
0.43333333333333446
0.01566803232509706
0.1263333333333332
0.32150000000000034
0.15166666666666728
0.25833333333333286
0.12666666666666693
0.3571666666666671
0.5666666666666673
0.2500000000000009
0.024052083973974625
0.20184415584415571
0.0600000000000005
0.24624999999999986
0.9119166666666674
0.8725000000000005
0.07500000000000018
0.11333333333333417
0.5223333333333331
0.5824999999999996
0.3974999999999991
0.03500000000000014
0.2832083660050637
0.04874999999999918
0.41416666666666657
0.13657894736842113
1.1799999999999997
0.12380952380952426
0.46499999999999986
0.30894250398724044
0.3791666666666682
0.2519999999999998
0.3550000000000004
0.3427062249063493
0.5449999999999999
0.013761904761904198
0.2941269841269829
0.2104285714285714
2.6645352591003757e-15
0.39750000000000085
0.503333333333333
0.9340277777777777
0.43349999999999955
0.32583333333333364
0.4152380952380952
0.24423514220333598
0.5
0.12499999999999911
0.10800000000000054
0.03416666666666757
1.8449999999999998
0.28863888888888933
0.14899999999999913
0.13750000000000018
0.10916666666666686
0.18783333333333196
0.0916666666666659
1.1348571428571423
0.01750000000000096
0.20680086580086687
0.586666666666666
0.6950048173456738
0.020000000000000462
0.05999999999999961
0.370000000000001
0.17594791602602555
0.14599242424242398
0.1566666666666663
0.890833333333334
0.4235119047619049
0.3538095238095247
0.4950048173456736
0.15000000000000036
0.21771002261016292
0.05816666666666581
0.2777884788905647
0.48325387112886986
0.16999999999999993
0.21870704948646136
0.34633715304303614
0.11242857142857332
0.43305619217383917
0.2161904761904756
0.9199999999999999
0.15458333333333307
0.5386190476190471
0.23833333333333417
0.20999999999999908
0.5183333333333326
0.020000000000000462
0.1427062249063491
0.22166666666666757
1.005
0.38833333333333364
0.2310515873015877
0.06333333333333346
0.06821428571428623
0.07500000000000018
0.32452914155818124
0.33750000000000036
0.370000000000001
1.492
0.24800000000000022
0.2060000000000004
0.023749999999999716
0.18333333333333268
0.4175000000000004
0.12790743978243846
1.5938888888888885
0.07735804689627912
0.059047619047619904
0.6950048173456738
0.49676353874883183
0.012107353253655084
0.2589606227106227
0.7425000000000006
0.7000000000000011
0.3148504615095664
0.5874999999999995
0.12666666666666693
0.28500000000000014
0.14119047619047542
0.24624999999999986
0.370000000000001
0.9203452380952379
0.4114379269149522
0.026666666666666394
0.4297137764196579
0.2814999999999994
0.04150000000000009
0.33499999999999996
0.015592712842712686
0.38833333333333275
0.34750000000000014
0.25729377509365037
0.224444444444444
0.036750000000000504
0.22133333333333294
0.1644444444444444
0.2983333333333329
0.16625000000000068
0.39500481734567394
0.16580952380952407
0.028500000000000192
0.2821554968907094
0.45557142857142896
0.021959595959597067
0.05382539682539722
0.2599999999999998
1.1573333333333338
0.22738424891110576
0.05469696969696969
0.35334523809523777
0.18302597402597431
0.06095115029897702
0.1427062249063491
0.2949166666666674
0.10166666666666657
0.7560460372960378
0.34933333333333394
0.3480555555555567
0.8270263413057535
0.09333333333333371
0.503333333333333
0.19199999999999928
1.2390094140889527
0.11018405777229301
0.08333333333333481
0.44423514220333615
0.27266666666666683
0.45150505050505085
0.08250000000000046
0.23666666666666725
0.3650000000000002
0.06249999999999911
0.15729377509365072
0.1764978849683434
0.7799999999999994
0.7579166666666666
0.08400000000000052
0.6379878303499442
0.008066876750700835
0.5572937750936511
0.7491666666666656
0.4235119047619049
0.31674612887112996
0.02382539682539697
0.07594791602602502
0.3356190476190486
0.15214285714285847
0.22166666666666668
0.520833333333333
0.9993809523809523
1.7433333333333332
0.5787219834273758
0.1484979124707113
0.18730158730158664
1.4276666666666662
0.3826785714285714
0.7216666666666658
0.18571428571428594
0.059059523809523284
0.39817063492063465
0.13000000000000078
0.6299999999999999
0.47250000000000014
0.045380952380951634
0.07811904761904831
0.30400000000000027
0.005666666666667375
0.40499999999999936
0.24270622490634963
0.25216666666666754
0.6999999999999993
0.24114601535972469
0.051249999999999574
0.21700000000000053
0.1986666666666661
0.4922222222222219
0.37965241702741714
0.48666666666666636
0.47000000000000064
0.4525910706378351
0.3171426129426127
0.520833333333333
0.03861904761904711
0.3427062249063493
0.0832538711288695
0.31239761471123373
0.16635714285714442
0.25150208752928904
0.34516666666666573
0.16416666666666657
0.037333333333332774
0.7572937750936504
0.21771002261016292
0.04600000000000026
0.3577564302978944
0.4306666666666672
0.015500000000000291
0.21999999999999975
0.3175000000000008
0.042706224906349455
0.21169047619047543
0.30868650793650687
0.042706224906349455
1.0387272727272725
0.28416666666666757
0.12700000000000067
0.07617460317460267
0.06722222222222207
0.01840909090909104
0.1808333333333323
0.010333333333333528
0.0057142857142844505
0.08000000000000096
0.4300000000000006
0.1758333333333324
0.17547085844181876
0.0804642857142861
0.3174999999999999
0.1051984126984129
0.08642857142857086
0.5913157894736845
0.2652380952380966
0.06033333333333335
0.35000000000000053
0.4570238095238093
0.22763239538239421
0.2821554968907094
0.08789264674634545
0.15295173087781766
0.12333333333333218
0.03166666666666629
0.1900000000000004
0.2880833333333328
0.29214285714285637
0.11210735325365473
0.565833333333333
0.3348888888888881
0.5080000000000018
0.08789264674634545
0.1120000000000001
0.1658789208575957
0.1813471036187737
0.17000000000000082
0.4640000000000004
0.9199999999999999
0.3310000000000004
0.04383333333333361
0.3729523809523805
0.18215549689070887
0.09249999999999936
1.0899999999999999
0.07888888888888879
0.11784450310929095
0.3156680323250969
0.36303030303030326
0.4258611111111108
0.05583333333333318
0.04999999999999982
0.18808333333333405
0.1427062249063491
0.7890404040404047
0.02143290043290147
0.07500000000000018
0.08514953849043394
0.086666666666666
1.9733333333333327
0.18166666666666664
0.9151893939393938
0.22753468899521412
0.7281818181818185
0.32753468899521465
0.01614285714285657
0.13067857142857164
0.29300000000000015
0.11700000000000088
0.4033333333333333
0.9277857142857142
0.12405208397397516
0.023511904761904567
0.15177060439560552
0.28930031951844715
0.13199999999999967
0.08999999999999986
0.3240833333333333
0.3689615384615399
0.040000000000000924
0.1537499999999996
0.1918333333333333
0.9399999999999995
0.9759090909090915
0.09589682539682531
0.17333333333333378
0.1250000000000009
0.31333333333333435
0.40541666666666476
0.14000000000000057
0.19839869281045708
0.5273842489111056
0.07944444444444443
0.41521031746031767
0.03000000000000025
0.21210735325365526
0.024052083973974625
0.13857949068475328
0.16336666666666577
0.33449999999999935
0.13000000000000078
0.024052083973974625
1.5666666666666664
0.31068170387646976
0.24333333333333318
0.21068170387647012
0.024052083973974625
0.3427062249063493
0.7081074929971987
0.02999999999999936
0.1808333333333323
0.17999851887243246
0.38215549689070905
0.1002380952380948
0.024052083973974625
0.3171426129426127
0.028043956043956264
0.2759479160260252
0.10657142857142876
0.2941666666666656
1.81674612887113
0.16398015873015925
0.3839772172272182
0.0001904761904754082
0.6341210791424041
0.0034166666666664014
0.26836586151368724
0.030000000000001137
0.20750000000000046
0.15576485779666438
0.4508666666666672
0.39833333333333343
0.1999999999999993
0.1643775252525259
0.27804040404040276
0.18333333333333357
0.24333333333333407
0.29249999999999954
0.7100000000000009
0.39817063492063465
0.39000000000000057
0.3695714285714278
0.05729377509365108
0.3597222222222225
0.3427062249063493
0.4311666666666669
1.2112857142857134
0.24400000000000066
0.7133333333333329
0.3179999999999996
0.27500000000000036
0.21999999999999886
0.5588539846402751
0.8166666666666673
0.16859615384615445
0.34633333333333294
0.29510256410256375
0.5600476190476193
0.5651111111111122
0.4349999999999996
0.08083333333333176
0.48325387112886986
0.9166666666666661
0.12285714285714278
0.6319999999999997
0.08789264674634545
0.38143308578885726
0.10204317332993806
0.25
0.27565539894887703
0.3427062249063493
0.6699999999999999
0.9300606060606063
0.007142857142858006
0.17375000000000007
0.0029265873015873467
0.29173863636363695
0.16249999999999964
1.169948649389827
0.18514953849043359
0.11210735325365473
0.7082352941176469
0.15338095238095306
0.36857142857142833
0.3199999999999994
0.6542896825396838
0.30292658730158717
0.05175299359509822
0.09758620689655206
0.9149999999999991
0.19266666666666765
0.35278571428571404
0.3427062249063493
0.2502790549251275
0.16277777777777747
0.08999999999999986
0.10666666666666647
0.06666666666666732
0.4491666666666658
0.48638095238095325
0.21649999999999991
0.39980952380952495
0.3427062249063493
0.7212501142648202
0.4728333333333339
0.17028622358034173
0.19250000000000078
0.15357142857142936
0.1243333333333334
0.35885398464027496
0.05799999999999983
0.6814330857888571
0.5619011544011547
0.2759479160260252
0.018000000000000682
0.4683658615136874
0.26583333333333314
0.1358434394552832
0.2983333333333338
0.5371212121212139
0.1850000000000005
0.503571428571429
1.3734545454545453
0.034999999999999254
0.22434235209235176
0.10755952380952394
0.24270622490634963
0.09149999999999991
0.20583333333333442
0.11000000000000121
0.6616666666666671
0.2730476190476194
0.9277857142857142
2.045
0.2950048173456734
0.6502857142857152
0.4098809523809521
1.0249999999999995
0.6851495384904336
0.25617089854589814
0.24270622490634963
0.3978333333333346
0.24270622490634963
0.4570833333333333
0.3414761904761914
0.47999999999999954
0.1433503508166547
0.1200000000000001
0.03333333333333233
1.3906428571428577
0.7144047619047633
0.20894823741073765
0.21799999999999997
0.29000000000000004
0.40000000000000036
0.9000000000000004
0.06966666666666654
0.4900000000000002
0.7949999999999999
0.08016666666666694
0.08000000000000185
1.634500000000001
0.35999999999999943
1.1800000000000015
1.057293775093651
0.8566496491833453
0.13218921104470915
0.2600000000000007
0.3049999999999997
0.015592712842712686
0.5056666666666665
0.004999999999999893
1.4079999999999986
0.04999999999999982
0.18940476190476208
0.3198941102756887
0.1300513506101737
0.5154545454545447
0.022380952380951946
0.13583333333333414
0.4400000000000013
1.0012499999999998
0.3169999999999993
0.2013434343434346
0.3832538711288702
0.894166666666667
0.47799999999999976
0.0068008658008666956
0.9349999999999996
0.3836666666666666
0.4246969696969698
0.871666666666667
0.173333333333332
0.10500000000000043
0.4275346889952143
0.07583333333333453
0.024444444444443825
0.23000000000000043
0.21485046150956677
0.29166666666666696
0.042706224906349455
0.28723809523809507
0.9969999999999999
0.3442351422033356
0.11000000000000121
0.1200000000000001
0.05729377509365108
0.09928571428571509
0.004995182654326413
0.41256006006006096
0.9706666666666663
0.21000000000000085
0.2599999999999998
0.24270622490634963
0.7475000000000005
0.09189250700280116
0.22483333333333366
0.27255844155844144
0.09633333333333294
0.042706224906349455
0.017142612942612878
0.21018405777229354
0.21485046150956677
0.2821554968907094
0.1715873015873015
0.2333333333333334
1.0461904761904757
0.4400000000000004
0.14704826912218216
0.4349999999999996
0.25583333333333336
0.17350000000000065
0.2716666666666665
1.3700000000000019
0.44700000000000006
0.008500000000000618
0.014850461509566593
1.1918333333333333
0.5249999999999986
0.8499999999999996
0.28010588972431094
0.05166666666666764
0.27649788496834304
0.25729377509365037
0.5255000000000001
0.23061880113350774
0.46133333333333315
0.02000000000000135
0.424052083973975
0.17000000000000082
0.05333333333333279
0.18166666666666664
0.38320836600506425
8.881784197001252e-16
0.10246303696303727
0.2652380952380966
0.24270622490634963
0.8315833333333336
0.16999999999999993
0.10483333333333444
0.36849206349206476
0.9801058897243111
0.07583333333333275
0.6270238095238092
0.2839772172272177
0.20500000000000007
0.041666666666666075
2.003333333333334
0.2689425039872404
0.26937301587301654
0.34139682539682425
0.7015000000000002
0.3929285714285715
0.25950000000000006
0.3171426129426127
0.1700000000000017
1.1375000000000002
0.1427062249063491
0.23916666666666675
0.9633333333333338
0.05966666666666587
2.5970734126984123
0.17908013214855423
1.2366666666666664
0.24624999999999986
0.017142612942612878
0.4900000000000002
0.20184415584415571
0.1086865079365067
0.13333333333333286
0.37550770308123127
0.6466666666666656
0.28762500000000113
0.43599999999999905
0.33499999999999996
1.2358434394552829
0.1764978849683434
0.2493333333333343
0.09500481734567412
0.1999999999999993
0.17594791602602555
1.1341210791424041
0.33999999999999986
1.3083333333333327
0.29180158730158734
0.28134710361877424
0.6787219834273763
1.8248333333333342
0.3022499999999999
0.4314038461538461
0.34499999999999975
0.08215549689070922
0.004995182654326413
0.07838095238095288
0.08555555555555472
0.5733333333333341
0.042706224906349455
0.12405208397397516
0.012107353253655084
0.08030808080807983
0.21485046150956677
0.15295173087781766
0.1715873015873015
0.01333333333333453
0.3125
0.15729377509365072
0.2652838827838817
0.34000000000000075
0.25845238095238
0.027937998405104025
0.4666666666666659
0.12733333333333263
0.1341666666666672
0.02211904761904737
0.15729377509365072
0.3216666666666672
0.2821554968907094
1.2665000000000006
0.09633333333333294
0.22066666666666723
0.03133333333333432
0.5821428571428564
0.4393333333333329
0.6103333333333341
0.2999999999999998
0.3052976190476189
0.47733333333333405
0.23000000000000043
0.31666666666666554
0.429333333333334
0.3410574948856375
0.20485714285714351
0.10111904761904711
1.0133333333333336
0.35521428571428615
0.11485046150956624
0.20824984576826733
0.14150000000000063
0.08514953849043394
0.30935714285714244
1.5949999999999989
0.33158333333333445
0.09416666666666718
0.2983333333333338
0.5625
0.08583333333333254
0.4083333333333332
0.5785714285714292
0.7834999999999992
0.6166666666666671
0.2925000000000004
0.22499999999999964
0.5890367965367975
0.12405208397397516
0.3683658615136878
0.7229166666666673
0.3200000000000003
0.24105749488563788
0.20124999999999904
0.6733333333333338
0.3935000000000004
0.02999999999999936
0.5050000000000008
0.30833333333333357
0.20030303030302932
0.27999999999999936
1.9299999999999997
0.22127801657262403
0.9286666666666656
0.1427062249063491
0.34566666666666723
0.057285714285714384
0.10583333333333389
0.06450000000000067
0.5244242424242422
0.5616666666666674
1.389169084727909
0.1427062249063491
0.20950000000000024
0.7043333333333344
0.2666666666666675
0.12727272727272787
0.26533333333333253
0.34704826912218234
0.20599999999999952
0.04999999999999982
0.042500000000000426
0.45150505050505085
0.21083091527209152
0.2958333333333343
0.137142857142857
0.04333333333333389
0.15177060439560552
0.09499999999999975
0.3148504615095664
0.17999999999999972
0.9398333333333326
0.012107353253655084
0.4200014811275672
0.562125
0.024052083973974625
0.21934715284715267
0.05708333333333293
0.059749999999999304
1.0350000000000001
0.5058888888888884
0.5379878303499446
0.22065476190476208
0.2666666666666666
0.09780952380952357
0.1939166666666674
0.13333333333333286
0.5600000000000005
0.3600000000000003
0.27195604395604356
0.3427062249063493
0.383174495439202
0.02999999999999936
0.03450000000000042
0.48683333333333323
0.7599999999999998
0.3774999999999995
0.08333333333333393
0.13999999999999968
0.019999999999998685
0.4029265873015868
0.7633333333333328
0.03556862745097966
0.39888888888888907
0.25263655462184786
0.040000000000000924
0.18469985569985603
0.08878571428571469
0.1466666666666674
0.06500000000000039
0.5549999999999997
0.7116666666666669
0.19753696303696344
0.13999999999999968
0.08285714285714185
0.24270622490634963
0.1966666666666672
0.3427062249063493
0.34999999999999964
0.17799999999999994
0.5466666666666669
0.8499999999999996
0.3918015873015879
0.44051587301587336
0.18754810779910525
0.22116666666666607
0.20499820767467902
0.11485046150956624
0.1764285714285716
0.1433503508166547
0.6400000000000006
0.23000000000000043
0.1427062249063491
0.16214285714285737
0.08215549689070922
1.7473809523809525
0.39999999999999947
0.0389999999999997
0.27649788496834304
0.17049999999999965
0.7625000000000002
1.3851666666666667
0.34999999999999964
0.09999999999999964
0.037499999999999645
0.508
0.22149999999999892
0.10816666666666652
0.44333333333333425
0.15250000000000075
0.4541666666666675
0.2978333333333332
0.07000000000000028
0.06587892085759606
0.4090000000000007
0.388638888888889
0.3520000000000003
0.024166666666665115
0.057333333333333236
0.8999999999999986
0.19056603773584868
0.23783333333333445
0.14999999999999947
0.38215549689070905
0.17209256021756136
0.18433196767490312
0.33499999999999996
0.20000000000000018
0.39250000000000007
0.8553333333333333
0.2159479160260256
0.2400000000000002
0.21679163399493628
0.27999999999999936
0.1561190476190477
0.33999999999999986
0.24051587301587318
0.9678107889552905
0.32000148112756754
0.014000000000000234
0.010830915272091346
0.024052083973974625
0.30948484848484803
0.4366666666666674
0.2765952380952381
0.39000000000000146
0.2999999999999998
0.21666666666666679
0.37547085844181893
0.6205952380952366
0.2999999999999998
0.15729377509365072
0.05433333333333312
0.6758333333333333
0.10166666666666657
0.47250000000000014
0.1695454545454549
0.7029047619047626
0.024344601051123682
0.3185669142111429
0.16583549783549856
1.647499999999999
0.3893003195184477
0.2116666666666669
0.8030000000000008
0.07033333333333314
0.6943333333333328
0.03999999999999915
0.565833333333333
2.191750154231733
1.2059999999999995
0.29000000000000004
0.8390094140889524
0.05999999999999961
0.16800000000000104
0.4400000000000013
0.13786935450170734
0.07179999999999964
0.9851495384904334
0.5299999999999994
0.46250000000000036
0.2233333333333345
0.22704761904762005
0.2888333333333346
0.171965853658536
0.14333333333333353
0.16500000000000004
0.39583333333333215
0.40000000000000036
0.17148809523809572
0.38950000000000085
0.27194444444444343
0.026499999999999524
0.20999999999999996
0.06716666666666704
0.1366666666666676
0.08999999999999897
0.939048849701023
0.22416666666666796
0.4832083660050639
0.013333333333332753
1.140251526251527
0.5717948717948715
0.09928571428571509
0.4299999999999997
0.5050833333333333
0.11123809523809491
0.3427062249063493
0.442333333333333
0.04419047619047589
0.2913333333333341
0.17908013214855423
0.9943888888888885
0.20500000000000096
1.2824999999999989
0.29499999999999993
0.5866666666666678
0.27908013214855387
0.1225000000000005
0.06836586151368707
0.054289682539684136
0.3658333333333328
0.009571428571428342
0.2112500000000006
0.9270263413057531
0.1966666666666672
0.2283333333333335
1.6115555555555563
0.03861904761904711
0.9746666666666668
0.18966666666666665
0.024052083973974625
0.23783333333333445
0.563015873015873
0.5890436507936512
0.6899999999999995
0.05583333333333229
0.598361111111112
2.2
0.10866666666666536
0.1336428571428563
0.2945833333333354
0.11250000000000071
0.5878926467463454
0.29388888888888776
0.12064285714285727
0.11000000000000032
0.008444444444445587
0.3200000000000012
0.054999999999999716
0.11500000000000021
0.2470482691221827
0.06997171717171646
0.5178445031092913
0.26899999999999924
0.34999999999999964
0.45729377509365055
0.041214285714285204
0.027937998405104025
0.009999999999999787
1.4921428571428583
0.3899999999999997
0.09277777777777896
0.21465179265179302
0.12704761904761952
0.3216666666666672
0.042706224906349455
0.17594791602602555
0.5233333333333334
0.09477120625531743
0.48523809523809547
0.03750000000000053
0.07285714285714295
0.3308333333333344
0.1566666666666663
0.44092105263157855
0.06633333333333358
0.13900000000000023
0.5
0.2500000000000009
0.06587892085759606
0.21566666666666645
0.3156680323250969
0.34704826912218234
0.3025000000000002
0.10000000000000053
0.21083333333333343
0.01197854557162703
0.14000000000000057
0.09766666666666612
0.5876023852887666
0.8900000000000006
0.3656666666666668
0.1764978849683434
0.36666666666666714
0.05896062271062252
1.9507142857142856
0.3600000000000003
1.1999999999999993
0.14114601535972504
0.010681703876469939
0.16750000000000043
0.15259107063783528
1.669999999999999
0.24270622490634963
0.6560000000000006
0.5306666666666668
0.0
0.01499999999999968
0.03999999999999915
0.5133333333333336
0.4918333333333331
0.45775643029789403
0.20999999999999996
0.03666666666666707
0.9500000000000002
0.1231666666666662
0.5377419354838704
0.044666666666667076
0.8200000000000003
0.3572937750936509
0.503333333333333
8.881784197001252e-16
0.7940000000000005
0.22933333333333294
0.08750000000000036
0.33000000000000007
1.0628571428571432
0.20999999999999908
0.17999851887243246
0.5960000000000001
1.0199999999999996
0.3649999999999993
0.10000000000000142
0.9291461038961035
0.10166666666666657
1.8425000000000002
0.1658789208575957
0.5941666666666672
0.2208333333333341
1.163333333333334
0.12405208397397516
0.22127801657262403
0.21771002261016292
0.14327170868347316
0.22127801657262403
0.5984999999999987
0.23592857142857238
0.5999999999999996
0.07896825396825502
0.06994864938982648
0.33023809523809433
0.05175299359509822
0.22305555555555578
2.2
0.440666666666667
0.03999999999999915
0.16666666666666696
0.2832538711288697
0.1349999999999998
0.11000000000000121
0.4315238095238092
0.5472500000000009
0.2233333333333336
0.29416666666666647
0.07111111111110979
0.05183333333333362
0.6333333333333329
0.6360000000000001
0.3832538711288702
0.29850000000000065
0.24399999999999977
0.012107353253655084
0.1293333333333342
0.2160000000000002
0.16957142857142848
0.3600000000000003
0.3968809523809522
0.1427062249063491
0.23061880113350774
0.15249999999999986
0.3866666666666667
0.1641565605447175
0.16499999999999915
0.18931829612353024
0.39064285714285774
0.08789264674634545
0.9635714285714272
0.564629186602871
0.05729377509365108
0.4999999999999991
0.4415476190476202
0.37209256021756154
0.07735804689627912
0.4800000000000013
0.43466666666666676
0.3121073532536549
0.19045926368952681
0.5245833333333323
0.3733333333333331
0.035833333333333606
0.033500000000000085
0.15000000000000036
0.16349999999999998
0.30271428571428594
0.30386868686868684
2.6645352591003757e-15
0.1349999999999998
0.1200000000000001
0.6808333333333332
0.19500000000000117
0.14020881895881843
0.29666666666666686
0.562012169650056
0.23000000000000043
0.3702862235803419
0.7733333333333334
0.45035714285714246
0.11399999999999988
0.22559523809523796
0.8075000000000001
0.3541666666666661
8.881784197001252e-16
0.3008333333333342
0.308249845768267
0.22127801657262403
0.508
0.7641428571428577
0.380652847152847
0.12405208397397516
0.11239761471123355
0.12704761904761952
0.9938888888888879
0.12416666666666654
0.3037499999999991
0.011238095238094381
0.7129761904761907
0.6016666666666666
0.6557218227930575
0.05666666666666753
0.5257142857142849
0.17594791602602555
0.09999999999999964
0.21000000000000085
0.045833333333332504
0.49166666666666714
0.041999999999999815
0.09666666666666579
0.12444444444444347
0.14785714285714224
0.02416666666666689
0.06597222222222232
0.5948313271695627
0.28000000000000025
0.08514953849043394
0.16750000000000043
0.21485046150956677
0.4200000000000017
0.8141627816627821
0.23438920801420782
0.1614047619047616
0.17594791602602555
0.21933333333333316
0.23899999999999988
0.1484979124707113
0.19911618394376962
0.6216666666666661
0.15934071484071488
0.08789264674634545
0.04335035081665417
0.7633333333333328
0.18766666666666687
0.15729377509365072
0.05333333333333279
0.24416666666666664
0.22735173160173172
8.881784197001252e-16
0.13539682539682474
0.09000000000000075
0.17375000000000007
0.7527499999999998
0.2983333333333329
0.039333333333332554
0.07469230769230784
0.2574999999999994
0.019000000000001016
0.37599999999999945
0.4350000000000005
0.024052083973974625
0.13433333333333408
0.26416666666666533
0.34066666666666645
0.2623333333333324
0.11000000000000032
0.03666666666666618
0.2347026862026862
0.06104761904761702
0.028666666666667062
0.07416666666666671
0.19477120625531796
0.12038709677419401
0.44333333333333336
0.17129365079365044
0.14783333333333282
0.30666666666666664
0.3056666666666672
0.02999999999999936
0.3729761904761908
0.07649788496834287
0.3136428571428569
0.0
0.5899999999999999
0.2814152236652232
0.2666666666666675
0.18283333333333385
0.7244242424242424
0.28030808080808
0.5572937750936511
0.8145148046398045
0.33499999999999996
0.2621306454982921
0.3061111111111119
0.3087649572649571
0.044166666666667354
0.34633715304303614
0.04999999999999982
0.15845238095238035
0.5350000000000001
0.3999999999999986
0.3572937750936509
0.07066666666666777
0.2400000000000002
0.025000000000000355
0.33450000000000024
0.33999999999999986
0.8740476190476194
0.2020833333333334
0.2599999999999998
0.02000000000000135
0.026666666666667282
0.35000000000000053
0.879999999999999
0.3442351422033356
0.16866666666666674
0.29411111111111143
0.3179999999999996
0.1778571428571425
0.28789264674634474
0.4444285714285714
0.20115079365079414
0.21666666666666679
0.005555555555555536
0.3649999999999993
0.14900000000000002
0.7664999999999988
0.09817063492063482
0.2773580468962793
0.4740000000000002
0.22055815508021404
0.24270622490634963
0.29385714285714215
0.13269230769230766
0.5099999999999998
0.3427062249063493
0.13268686868686874
0.3683658615136878
0.4033333333333333
1.5566666666666658
0.39253571428571465
0.807500000000001
0.07066666666666688
1.5374999999999996
2.3516666666666666
0.9482305194805196
0.07594791602602502
0.7999999999999998
0.05333333333333279
0.22883333333333322
0.08952380952380867
0.11866666666666692
0.3970833333333328
0.3752619047619046
0.22744444444444412
0.2919999999999998
0.7163333333333339
0.3890404040404043
0.31197854557162685
0.05904761904761813
0.12583333333333346
0.07000000000000028
0.34999999999999876
0.14740892936216454
0.04774999999999974
0.08303571428571477
0.3216666666666672
0.3273333333333337
0.1299999999999999
0.19767063492063475
0.3427062249063493
1.0430000000000001
0.7052142857142858
0.2573333333333343
0.13083333333333247
0.7866666666666653
0.05216666666666736
0.3843319676749033
0.30015832851359114
0.3216666666666672
0.0033333333333329662
0.07649788496834287
0.08000000000000007
0.08999999999999986
0.18754810779910525
0.18380952380952387
0.6599999999999993
0.18166666666666664
0.13113492063491972
0.125
0.1033333333333335
0.22249999999999925
0.1949999999999994
1.481433085788857
0.4933333333333323
0.009540736310473363
0.21485046150956677
0.6755000000000004
0.20899999999999874
0.11485046150956624
0.012107353253655084
0.34261132315521703
0.07649788496834287
0.2773580468962793
0.2903333333333338
0.012107353253655084
0.04052631578947352
0.44900000000000073
0.3427062249063493
0.08400000000000052
2.6645352591003757e-15
0.20500000000000096
0.11535317460317529
0.3019047619047628
0.21878021978022044
0.03833333333333222
0.8830918109668113
0.04633715304303543
0.33105749601276013
0.149166666666666
0.3832538711288702
0.12405208397397516
1.3819999999999997
0.18141522366522356
0.15501919720767798
0.05314285714285649
0.2815000000000003
1.4917501542317329
0.18844444444444353
0.025652173913043974
0.10200000000000031
0.394388888888888
0.10666666666666647
0.18583333333333307
0.4119785455716274
0.38215549689070905
0.21333333333333382
0.040000000000000036
1.2400000000000002
0.4018441558441559
0.20999999999999996
0.31113736263736147
0.14400000000000102
1.6572937750936507
0.04714285714285715
0.29499999999999993
0.09750000000000014
0.016666666666666607
1.062012169650056
0.10000000000000053
0.5059999999999993
0.3955064935064936
0.3072831890331882
2.2199999999999998
0.13268686868686874
0.47866666666666724
0.024052083973974625
0.18941666666666634
1.7749999999999995
0.11666666666666714
0.2999999999999998
0.6374722222222218
0.31899999999999995
0.06633333333333358
0.0699999999999994
0.6100000000000003
0.21495238095238012
0.35250000000000004
0.39999999999999947
0.14890476190476232
0.15999999999999925
0.23866666666666703
1.057293775093651
1.0300000000000011
0.16666666666666696
0.8266666666666662
0.05126984126984002
0.5155353535353537
0.3148504615095664
0.09633333333333294
0.07119264069264108
0.32766666666666566
0.08146572871572921
0.2296706349206339
0.1764978849683434
0.013333333333333641
0.1220238095238102
0.09999999999999964
0.24665476190476188
1.1974968364968355
0.3254999999999999
0.5723676046176056
0.24740892936216508
0.44333333333333425
0.11666666666666625
0.6316341384863122
0.17583333333333417
0.11433333333333362
0.45729377509365055
0.0333333333333341
0.15680952380952462
0.09083333333333332
0.36213064549829266
0.06583333333333385
0.37599999999999945
0.4131666666666671
1.085149538490434
0.8572937750936509
0.6405714285714295
0.48904365079365153
0.08215549689070922
0.04166666666666874
0.4119999999999999
0.20000000000000107
0.18215549689070887
0.44400000000000084
0.2541666666666673
0.14120879120879248
0.3483333333333345
0.1930000000000005
0.0038686868686870213
0.29295707070707167
0.13966666666666683
0.6016666666666666
0.3249999999999993
0.4994999999999994
0.04103937728937712
0.40000000000000036
0.40000000000000124
0.2649999999999997
0.4374722222222216
0.13575757575757663
0.21068170387647012
0.44333333333333425
1.4300000000000015
0.46249999999999947
0.6900000000000013
0.05349999999999966
0.14154761904761948
0.5600000000000005
0.5999999999999988
0.11674612887112978
0.24065928515928547
0.19000000000000128
0.5500000000000007
0.5222222222222221
0.34151681286549795
0.6843319676749031
0.28514953849043323
1.135428571428573
0.16363636363636402
0.30100000000000016
0.029166666666667673
0.24270622490634963
0.8399999999999999
0.1299999999999999
0.29499999999999993
1.5900000000000007
0.14874999999999972
0.252821428571429
0.055000000000000604
0.0810000000000004
0.04933333333333234
0.09500000000000064
0.7391448551448558
0.30416666666666714
0.1427062249063491
0.16133333333333333
0.2041666666666675
0.18833333333333346
0.04785714285714171
0.8178571428571431
1.702
0.017142612942612878
0.5593407148407143
0.12405208397397516
0.26815909090909074
0.0810000000000004
0.47999999999999954
0.6399999999999997
0.0048809523809536515
0.38215549689070905
0.19000000000000128
0.25766666666666627
0.4385714285714286
0.3006215728715729
1.831666666666666
0.128511904761905
0.324523809523809
0.4587857142857148
0.29366666666666674
1.4079999999999986
0.20000000000000018
2.6645352591003757e-15
0.25150208752928904
0.38856207308504764
0.08174999999999955
0.23200468975469057
0.1484979124707113
2.6645352591003757e-15
0.3572937750936509
0.25548412698412726
0.5333333333333323
0.17440698190698267
0.27083333333333304
0.12466666666666715
0.17999999999999972
0.0006190476190477412
0.562012169650056
0.6457142857142859
0.009999999999998899
0.14333333333333442
0.06524675324675311
0.23338095238095136
0.09477120625531743
0.32883333333333375
0.8450000000000006
0.46566666666666645
0.2461746031746026
0.2308333333333339
0.4200000000000008
0.8699999999999992
0.3194999999999997
0.1900000000000004
0.19477120625531796
0.7103333333333337
0.5068008658008667
0.573999999999999
0.5242857142857158
0.38547619047619097
0.3929285714285715
0.18215549689070887
0.3150000000000004
0.34824700640490214
0.5019999999999989
0.1175000000000006
0.21485046150956677
0.36166666666666636
0.3749999999999991
0.791833333333333
0.3572937750936509
0.07209256021756083
0.010184057772293365
0.445333333333334
0.5630952380952392
0.008333333333333748
0.6640952380952383
1.443829101454102
0.3263750000000005
0.4233333333333338
0.285348207348207
0.05729377509365108
0.6178333333333343
0.49278411166838243
0.14621428571428474
0.3943162393162396
0.11666666666666536
0.08143308578885744
0.033333333333333215
0.10666666666666735
0.25729377509365037
0.0008333333333343518
0.10204317332993806
0.0983333333333336
0.1427062249063491
0.24799999999999933
0.23666666666666725
0.6950000000000003
0.5363329170829161
0.8154999999999992
0.16142050931524654
0.7225238095238096
0.23600000000000065
1.9200014811275672
0.6799999999999997
0.2999999999999998
0.4800000000000004
0.0474089293621649
0.020000000000000462
0.30655176767676817
0.5499999999999998
0.09319913419913384
0.7885384615384616
0.2962549019607845
0.7958333333333334
0.24700000000000077
0.9400000000000004
0.160166666666667
0.04642857142857171
0.45366284695696457
0.7526365546218479
0.2995000000000001
0.2773580468962793
0.0851428571428583
0.16025000000000045
0.2747619047619043
0.11870704948646171
0.22916666666666696
0.07594791602602502
0.2713809523809516
0.4905714285714282
0.03666666666666707
0.1813333333333329
0.32000148112756754
0.28202380952380945
0.03500000000000014
0.4588539846402755
0.17395482295482356
0.30166666666666764
0.12928571428571445
0.3572937750936509
0.012107353253655084
0.5418333333333338
0.06833333333333425
0.19816666666666727
0.27499999999999947
0.5375000000000005
0.11858549783549766
0.1669230769230765
0.5999999999999988
0.1484979124707113
0.30806687675070066
0.21934715284715267
0.10000000000000053
0.14151681286549778
0.20000000000000107
0.32200000000000006
0.13000000000000078
0.09999999999999876
0.25
0.4318225108225118
0.24200000000000088
0.24625000000000075
0.02753468899521394
0.0178333333333347
0.3446666666666669
0.13750000000000107
0.4499999999999993
0.3427062249063493
0.3051686728304377
0.23666666666666636
1.5166666666666666
0.22966666666666669
0.2908333333333344
0.3089482374107373
0.11485046150956624
0.49193312324929916
0.31851498501498465
0.1299999999999999
0.1849999999999996
0.2570833333333331
0.16398015873015925
0.5255000000000001
0.4673333333333334
0.20599999999999952
0.29170659895659945
0.0
0.5243333333333329
0.8238253968253968
0.24270622490634963
0.1999999999999993
0.4500551559816772
0.12249999999999961
0.1590789473684211
0.7487692307692306
0.4949047619047624
0.7091666666666665
8.881784197001252e-16
0.20346428571428543
0.09800000000000075
0.8826388888888888
8.881784197001252e-16
0.23714285714285666
0.5370000000000008
0.7049999999999992
0.026666666666666394
0.25729377509365037
0.042706224906349455
0.1999999999999993
0.13999999999999968
1.0979568266700621
1.044190476190476
0.07999999999999918
0.25399531024531097
0.09999999999999964
0.3249999999999993
0.21464646464646542
0.20178571428571423
0.19392857142857167
0.2599999999999998
0.33000000000000007
0.28514953849043323
0.11485046150956624
0.2754708584418193
0.5867063492063496
1.1349999999999998
0.0050952380952375975
0.6970734126984128
0.20000000000000107
0.15299999999999958
0.16817748917748876
0.30386868686868684
0.36713636363636404
0.38215549689070905
0.3427062249063493
0.7402380952380954
0.47983333333333444
0.20000000000000018
0.20000000000000018
0.224444444444444
0.004999999999999893
0.05200000000000049
0.4666666666666668
0.03399999999999892
0.057285714285714384
0.32333333333333236
0.014850461509566593
0.29316666666666613
0.230833333333333
0.15116666666666756
0.6724999999999994
0.1200000000000001
0.795001792325321
0.4052380952380954
0.09749999999999925
0.5235497835497842
0.5442351422033358
0.2773580468962793
0.08228997738983779
0.10000000000000053
0.20499999999999918
0.18514285714285705
0.2328571428571431
0.2832083660050637
0.006000000000000227
0.16841666666666644
0.22500000000000053
0.02983333333333338
0.2600000000000007
0.41069968048155303
0.27649788496834304
0.14083333333333314
0.275714285714284
0.33642857142857086
0.04583333333333339
0.12405208397397516
0.2333333333333325
1.1047500000000001
0.16999999999999993
0.3427062249063493
0.295001792325321
0.0
0.20000000000000018
0.20824984576826733
0.23799999999999955
0.46247619047619004
0.2580000000000009
0.09850000000000048
0.5388888888888888
0.05572182279305782
0.7859999999999987
0.183178387998983
0.13285714285714345
0.6759999999999993
0.2400000000000002
0.5314038461538457
0.4119785455716274
0.2833333333333323
1.8200000000000003
0.5094848484848482
0.16999999999999993
0.20133333333333425
0.17594791602602555
0.045380952380951634
0.2947712062553176
0.38215549689070905
0.10000000000000142
0.300761904761905
0.07717965367965363
0.3427062249063493
0.9362933732933731
0.28499999999999925
0.38215549689070905
0.5377142857142854
0.19957142857142873
0.22055815508021404
0.0519999999999996
0.5511904761904756
0.18416666666666703
0.4683658615136874
0.05729377509365108
0.1433503508166547
0.15175299359509786
0.0440899100899097
0.5999999999999996
0.6525910706378353
1.7275
0.12127801657262438
0.17874988573518014
0.3799999999999999
0.17983333333333462
0.1725000000000012
0.4250000000000016
0.2822899773898371
0.1546666666666665
1.0113333333333339
0.651071428571429
0.3109523809523811
0.14877777777777812
0.22473809523809507
0.1399999999999988
0.00016666666666598218
0.32250000000000156
0.24166666666666625
0.28345146520146614
0.04214285714285637
0.12416666666666742
0.19316666666666737
0.18941666666666723
0.105833333333333
0.31666666666666643
0.7113333333333332
0.2169081890331892
0.11485046150956624
0.19583333333333286
0.24270622490634963
0.22999999999999954
0.12666666666666693
0.1756576479076486
0.07196585365853636
0.12488095238095287
0.12566666666666748
0.07000000000000028
0.4149166666666666
0.09000000000000075
0.07166666666666721
0.05333333333333279
0.543333333333333
0.053333333333334565
0.05729377509365108
0.14257142857142924
0.046666666666666856
1.8920000000000003
0.7155555555555546
0.24270622490634963
0.590095959595959
0.3199999999999994
0.7003780663780654
0.6120000000000001
0.0387272727272725
0.2016666666666671
0.38215549689070905
0.1487500000000015
0.06099999999999994
0.49278411166838243
0.17375000000000007
0.8400362318840591
0.1427062249063491
0.09149999999999991
0.4395833333333341
0.2443333333333335
0.3441666666666663
0.004999999999999893
0.3828573870573875
0.39327146855552453
0.18333333333333357
0.012107353253655084
0.1658333333333335
0.42790743978243917
0.13113492063491972
0.23499999999999943
0.24416666666666664
0.1708333333333325
0.2333333333333334
0.21485046150956677
0.7572937750936504
0.46999999999999886
0.8774999999999995
1.2299999999999995
0.4046923076923079
0.0841666666666665
0.10999999999999943
0.20999999999999996
0.05200163398692759
0.15000000000000036
2.01
0.8484365079365093
0.241714285714286
0.46541666666666703
0.6056666666666661
0.18166666666666753
0.1300513506101737
0.1275000000000004
0.17133333333333312
0.09133333333333393
0.054999999999999716
0.08320836600506354
0.5350000000000001
1.3470000000000004
0.0898474025974032
1.4000000000000004
0.261333333333333
0.4114379269149522
0.012107353253655084
0.988138888888888
0.05729377509365108
0.7746666666666666
0.01727272727272755
1.6755555555555555
0.2756515151515151
0.02452380952380917
0.9741388888888896
0.21485046150956677
0.02799999999999958
0.061666666666666536
0.28464682539682507
0.3533333333333335
0.2178445031092906
0.36666666666666714
0.39817063492063465
0.04666666666666597
0.22883333333333322
1.357293775093651
0.4463371530430358
0.22714285714285687
0.18315205627705655
0.63105749601276
0.47916666666666785
0.4640714285714278
0.08999999999999986
0.4978333333333351
0.07000000000000028
0.012107353253655084
0.3189848484848481
0.5865396825396836
0.003055555555556033
0.24666666666666615
0.11666666666666625
0.19694444444444414
0.08228997738983779
0.0016666666666669272
0.4994999999999994
0.3770238095238092
0.120000000000001
0.10966666666666658
0.1427062249063491
8.881784197001252e-16
0.647333333333334
0.06894250398724022
0.5419999999999989
0.163333333333334
0.27583333333333293
0.11485046150956624
0.003333333333332078
0.0600000000000005
1.0199999999999987
0.22416666666666707
0.22499999999999964
0.3200000000000003
0.03666666666666618
0.1427062249063491
0.34250000000000025
0.3241666666666676
1.6378693545017073
1.4366666666666665
0.29305555555555607
0.1999999999999993
0.1868333333333343
0.46025000000000027
0.0600000000000005
0.8198571428571428
0.016666666666666607
0.024052083973974625
0.14704826912218216
0.13999999999999968
0.09952380952380935
0.0070429292929290455
0.03500000000000014
0.05000000000000071
0.06416666666666604
0.030000000000001137
0.13533333333333353
1.2720000000000002
0.16861111111111082
0.18400000000000016
0.2226419531037207
0.7349999999999994
0.7529517308778173
0.6613333333333333
0.4900000000000002
0.4683658615136874
0.17965241702741697
0.25
0.08666666666666689
0.11143792691495236
1.965809523809524
1.3819999999999997
0.2393333333333345
0.6408333333333331
0.2969444444444438
0.17020000000000035
0.2766666666666664
0.11485046150956624
0.8515020875292887
0.6244242424242419
0.5632499999999991
0.2433333333333323
0.10935714285714226
0.5266666666666673
0.8999999999999995
0.4114379269149522
0.2360198412698411
0.33699999999999886
0.09133333333333393
0.3602500000000006
0.2913333333333332
0.3533333333333335
0.08400000000000052
0.13035714285714217
0.0
0.19477120625531796
0.5880000000000001
0.8566666666666656
0.2521073532536553
0.28930031951844715
0.07333333333333414
0.047309523809523135
0.06333333333333346
0.29249999999999954
0.46025000000000027
0.2720620015948967
0.9633333333333329
0.3681688596491224
0.25246084040215955
0.41000000000000014
0.13859523809523822
0.07000000000000028
0.6917386363636364
1.5770000000000008
0.4114379269149522
0.2983333333333338
0.004619047619048189
0.1498571428571438
0.19280952380952332
0.8049999999999997
0.09000000000000075
0.3149999999999995
0.6100000000000003
0.6695238095238105
0.33999999999999986
0.32938095238095233
0.7633333333333328
0.07555555555555582
0.9800000000000004
0.2772619047619047
0.029971717171716428
2.148999999999999
0.5213333333333336
0.3427062249063493
0.08000000000000185
0.1801666666666666
0.08555555555555472
0.38514953849043376
0.0682539682539689
0.39980952380952495
0.0
0.7000000000000002
0.10727777777777892
0.5299999999999994
0.15175299359509786
0.15800000000000036
0.16999999999999993
0.1274761904761892
0.46999999999999975
0.06899999999999906
0.7817023809523809
0.058888888888888324
0.5899999999999999
0.34714285714285875
0.042706224906349455
0.28800000000000026
0.3216666666666672
0.017710022610162746
0.023690476190475707
0.003666666666667595
0.012500000000001066
0.2563888888888881
0.3121073532536549
0.21210735325365526
0.18450000000000077
0.08657142857142919
0.42350211503165713
0.5800000000000001
0.4123976147112334
0.06649999999999867
0.4233333333333338
0.23166666666666647
0.06325757575757507
0.7572937750936504
0.49344823232323254
0.2562743271221537
1.7853571428571424
0.26630952380952344
0.1875
0.6100277777777778
0.02333333333333254
0.2866666666666662
0.15729377509365072
0.13816666666666766
0.10204317332993806
0.2649999999999988
0.4941269841269831
0.3539953102453106
0.01624999999999943
0.16398015873015925
0.4201428571428565
0.2159479160260256
0.34499999999999975
0.24270622490634963
0.042119047619047834
0.20013888888888776
0.08215549689070922
0.10000000000000053
0.2890238095238091
0.051000000000000156
0.7746666666666666
1.623785714285714
0.34633715304303614
0.2743333333333329
0.2815909090909088
0.5293333333333337
0.04027777777777786
0.05742857142857094
0.19666666666666632
0.086666666666666
0.6402380952380957
0.5851495384904339
0.1366666666666676
0.1764978849683434
0.05729377509365108
0.040000000000000036
0.059047619047619904
0.25729377509365037
0.2768333333333324
0.042243569702105965
0.22055815508021404
0.26836586151368724
1.4440000000000008
0.03285714285714114
0.21566666666666645
0.0525000000000011
0.8886666666666674
0.042500000000001315
0.40611111111111065
0.3049999999999988
0.05799999999999983
0.08000000000000007
1.3814330857888573
0.21250000000000036
0.0766666666666671
0.13140384615384626
0.05974847374847325
0.7350000000000003
0.33218921104470933
2.6645352591003757e-15
0.4031002886002888
0.23798783034994475
0.32444444444444454
0.3427062249063493
0.024052083973974625
0.22166666666666668
0.2060000000000004
2.6645352591003757e-15
0.06549999999999923
0.2226419531037207
0.17594791602602555
0.34798046398046445
2.2799999999999994
0.5049999999999999
0.10166666666666657
0.34524603174603286
0.013333333333332753
0.6057142857142859
0.22499999999999876
0.23714285714285666
0.060000000000001386
0.1277857142857144
0.3100000000000005
0.07107142857142801
0.553345238095238
0.012107353253655084
0.4466666666666663
0.28464682539682507
0.44833333333333325
0.3331190476190482
0.4275346889952143
0.15729377509365072
0.2908333333333335
0.28452380952380985
0.3148504615095664
0.016548534798534575
0.4900000000000011
0.22753468899521412
0.17666666666666853
0.402047619047619
0.4063613231552159
1.9000000000000004
0.05527380952380945
0.08000000000000007
0.23055555555555518
0.1414761904761912
0.012560060060060607
0.47749999999999915
1.3678107889552908
0.08999999999999986
0.18433196767490312
0.15729377509365072
0.05999999999999961
0.4828573870573871
0.6000000000000005
0.1200000000000001
0.2983611111111122
0.3433333333333337
0.2588539846402753
0.8900000000000006
0.24740892936216508
0.24335035081665435
0.03333333333333233
1.6241666666666656
0.4450000000000003
0.22127801657262403
0.655019197207678
0.17395482295482356
0.27649788496834304
0.17780952380952364
0.45000000000000107
0.7816666666666672
0.04999999999999982
0.35000000000000053
0.183178387998983
0.08016666666666694
0.09170659895659927
0.5486666666666675
0.16999999999999904
0.08285738705738765
0.3049999999999997
0.13533333333333353
0.17547085844181876
0.17350000000000065
0.05729377509365108
0.09644444444444478
0.279293650793651
0.1893003195184475
0.10333333333333261
0.48166666666666647
0.089666666666667
0.13999999999999968
0.11121428571428549
0.16095115029897666
0.15000000000000036
0.12499999999999911
0.03799999999999937
0.298170634920635
0.31583333333333297
0.2838333333333338
1.1049999999999995
0.2624999999999993
0.056809523809524975
1.5584831871345024
0.8960000000000008
0.09566666666666634
0.2604999999999995
0.006111111111112066
0.2118888888888879
0.29000000000000004
0.46025000000000027
0.17511904761904784
0.5756515151515149
0.3422435697021058
0.3241666666666667
0.23786904761904815
0.15974999999999895
0.08514953849043394
0.2866666666666662
0.48933333333333273
0.42428571428571615
0.529791666666668
0.29800000000000004
1.8049951826543262
0.15333333333333332
0.07804040404040258
0.3330769230769235
0.41999999999999993
0.21999999999999975
0.11964285714285605
0.4233333333333338
0.0777884788905645
0.729391358641359
0.7876666666666674
0.3839772172272182
0.06937301587301636
0.0699999999999994
0.3174999999999999
0.3427062249063493
0.5250000000000004
0.14105749488563735
0.5986666666666665
0.11633636363636413
0.49327146855552506
0.5183333333333335
0.012107353253655084
0.11999999999999922
0.22297619047619044
0.15729377509365072
0.44804761904761925
0.02738424891110558
0.07965476190476206
0.1299999999999999
0.15666666666666718
0.22500000000000142
0.5349999999999993
0.47800000000000065
1.5620000000000003
0.22533333333333427
0.28657142857142937
0.22600000000000087
0.10277777777777697
0.19392857142857167
0.6692857142857145
0.43307692307692314
0.6883333333333335
0.3148504615095664
0.16933333333333334
0.3427062249063493
0.14333333333333442
0.1948313271695623
0.4893003195184473
0.2623333333333324
0.14999999999999947
0.3903333333333343
0.44333333333333336
0.00428571428571356
0.4832083660050639
1.0235021150316568
1.0226419531037205
0.03000000000000025
0.36666666666666625
0.5600000000000005
0.2333333333333334
0.24270622490634963
0.19689971139971174
0.1783333333333328
0.11633333333333429
0.3572937750936509
0.042706224906349455
0.011428571428571566
0.5971666666666682
0.2333333333333325
0.009999999999999787
0.25428571428571445
0.5
0.42350211503165713
0.4249999999999998
0.11666666666666625
0.08773412698412653
0.042706224906349455
0.25305158730158617
0.3899999999999997
0.1643775252525259
0.2609905859110473
0.07483333333333331
0.10999999999999943
0.2865000000000011
8.881784197001252e-16
0.15999999999999925
0.3000000000000007
0.06688095238095215
0.38215549689070905
0.2450000000000001
0.013571428571427901
0.19899999999999984
0.17547085844181876
0.23000000000000043
8.881784197001252e-16
0.4983333333333331
0.8499999999999988
2.0249999999999995
0.30485714285714405
0.07666666666666622
2.6645352591003757e-15
1.1049999999999995
