0.13316666666666777
0.22166666666666668
0.5607198731214451
0.331666666666667
0.4855714285714292
0.2533333333333321
0.35250000000000004
0.4014682803096443
0.37166666666666615
1.0333333333333332
0.19320782376773593
0.21083333333333343
0.3396753246753246
0.38922504549933024
0.6637400066611656
0.15000000000000036
0.2999999999999998
0.3357142857142863
0.2392801268785547
0.25700000000000056
0.2290000000000001
0.5666666666666664
0.06907274633578986
0.5300000000000002
0.1602121212121208
0.14083333333333314
0.41249999999999964
0.027834870443565585
0.49242857142857144
0.1612499999999999
0.023333333333333428
1.6241666666666656
0.3799999999999999
0.005601248264842873
0.026037518037517415
0.2927307692307686
0.0766666666666671
0.08476909201909244
0.005601248264842873
0.9792380952380952
0.20250000000000057
0.7610000000000001
0.14925629925629824
0.10066705938474652
0.34550000000000036
0.17523809523809497
1.5899999999999999
0.39896380090497807
0.23114181025945868
0.048395342406476693
0.17233333333333256
0.5995833333333334
0.020000000000000462
0.028730158730158273
0.13830218383301585
0.4902857142857133
2.4982160689217414
0.589999999999999
0.484
0.06374000666116597
0.17666666666666764
0.3779999999999992
0.15351041442217905
0.27999999999999936
0.2644736842105271
0.0029523809523803735
0.2768140828575607
0.16500000000000092
0.6212222222222232
0.005999999999999339
0.18471993594505243
0.024999999999999467
0.8360000000000003
0.033333333333333215
0.26893514554639797
0.5191428571428576
0.5714761904761909
0.14487096774193642
0.40361111111111025
0.8266666666666671
0.3995833333333332
0.3792156862745104
0.18059951159951204
0.2089434001670849
0.8383021838330151
0.22531440781440715
0.048214285714285765
0.2630000000000017
0.09042460317460321
0.10066705938474652
0.1024557341815413
0.0
0.6080000000000005
0.11333333333333329
0.25333333333333297
0.010000000000001563
0.26449999999999907
0.22368235930736002
0.555195780767022
0.05160465759352295
0.14977777777777845
0.044804219232978504
0.14499999999999957
0.35599999999999987
0.032474620504934215
0.6373333333333342
0.09853171969035568
0.4198923301642985
0.12966666666666615
0.005601248264842873
0.035593663474468684
0.1362599933388342
0.3050000000000006
0.1900000000000004
0.016666666666667496
0.6796428571428565
0.0766666666666671
0.35519578076702185
0.12044188100341469
0.23816666666666642
0.2599999999999998
0.7150000000000016
0.3735558225314417
0.3446514064882491
0.6646417748917743
1.7939411764705886
1.8714285714285719
0.46762637429042897
0.07552380952380933
0.12385277777777759
1.0605492178963054
0.19541666666666657
0.16748185863372456
0.39279761904761834
0.4123333333333328
0.1873620527306965
1.068858189740542
0.1423333333333332
0.16748185863372456
0.1111111111111116
0.24480421923297868
0.33778968253968333
0.46561965811965855
0.20166666666666622
0.3517512628817627
0.9216666666666669
0.38922504549933024
0.4733333333333327
0.1993329406152533
0.8033333333333337
0.19843822843822867
0.3917976190476189
0.11999999999999922
0.0008571428571428896
0.21473992155501698
0.013500000000000512
0.5924999999999994
0.1284454887218054
0.49490844822650626
0.397069940895018
0.2933333333333339
1.000916666666667
0.08000000000000096
0.16213553113553125
0.18471993594505243
0.22483333333333455
0.011115085507886313
0.027499999999999858
0.8529603174603171
0.45500000000000007
0.2112857142857152
0.05663793103448267
0.2117964988228147
0.2323736257095712
0.33070091587481354
0.22999999999999954
0.03633333333333422
0.08922504549933041
0.14918109668109736
0.36626896143072507
0.3448042192329783
0.04090909090909012
0.5324999999999998
0.800307692307693
0.25266666666666726
0.47250000000000014
0.14928571428571402
0.005601248264842873
0.0699999999999994
0.26197402597402597
0.7216428571428581
1.5316666666666663
0.1733333333333329
0.19133333333333358
0.225833333333334
0.07033333333333314
0.10774892945040992
0.09000000000000075
0.10818181818181838
0.11229763371639923
0.19916666666666671
1.4595852888586256
0.03251814136627562
0.2106316526610641
0.3250000000000002
0.10211904761904744
0.4641139971139978
0.10000000000000142
0.1654166666666681
0.6317938727938728
0.16894803734277453
0.43666666666666565
0.4740000000000002
1.016063587638108
0.7299999999999995
0.2676263742904288
0.04829448329448294
0.2593333333333341
0.1842527195027186
0.05000000000000071
0.2839364123618928
0.1279301868452709
0.278083333333333
0.25523809523809504
0.3200000000000003
0.20001948051948037
0.295835734107162
0.23945078210369442
0.05714285714285694
0.23087937062937147
0.5683333333333342
0.33266666666666733
0.1279301868452709
0.17366666666666752
0.22166666666666757
0.3127777777777787
0.7956160266633949
0.16000000000000103
0.2012848200312991
0.5426666666666664
0.07690682588825037
0.08000000000000096
0.2626190476190482
0.4392801268785549
0.15735569985569953
0.27333333333333343
0.3185714285714294
0.25071428571428633
0.47224999999999984
0.2859848484848486
0.22041666666666604
0.5404761904761912
0.3952077390694395
0.13251814136627615
0.06300000000000061
0.0
0.13299999999999912
0.21418253968253964
1.5566666666666666
0.009999999999998899
0.009022033522032125
0.36600000000000055
0.38393641236189247
0.5057142857142853
0.3316666666666661
0.06416666666666604
1.9000000000000004
0.12666666666666604
0.022865397814941346
0.285260078444983
0.7028571428571428
0.012223411908594883
0.1463636363636347
0.34254034570214653
0.3006670593847467
0.0147399215550168
0.19394444444444403
0.6551957807670217
0.3691755967450785
0.3614788757684604
0.20428571428571374
0.0006670593847468709
0.0294013907660835
0.17059860923391668
0.48733333333333295
0.3793333333333342
0.1973333333333338
0.20333333333333403
0.21772222222222126
0.112222222222222
0.42940139076608386
1.7999999999999998
0.26428571428571423
0.059047619047619015
0.47999999999999954
0.17033333333333367
0.13333333333333286
0.06850000000000112
0.0
0.09896380090497825
0.33999999999999986
0.1200000000000001
0.754666666666667
0.15351041442217905
0.3033333333333328
0.013500000000000512
0.003738095238094985
0.032474620504934215
1.038666666666665
0.20422619047619062
0.2926328434755554
1.4974999999999996
0.22500000000000053
2.0305
0.08777658809140476
0.32041666666666657
0.561136363636364
0.4307009158748132
0.200277777777778
0.627575757575757
0.2928888888888892
0.5999999999999996
0.2482487371182378
0.6825238095238104
0.15800000000000036
0.2140000000000004
0.3545714285714281
0.39735017691287045
0.254773809523809
0.10055555555555529
0.041333333333332334
0.22560606060606148
0.2766666666666664
0.16160098522167576
0.4950000000000001
0.4466666666666672
0.4796572871572877
2.2116428571428575
0.2766666666666673
0.3550000000000004
0.06748185863372402
0.1056012482648434
0.4523636363636365
1.0732024087024081
0.39000000000000057
8.881784197001252e-16
0.29000000000000004
0.38133333333333397
0.38393641236189247
0.1308244032549215
0.4292500000000006
1.5099999999999998
0.10606926406926398
0.1632380952380954
0.3588333333333331
0.2932078237677356
0.4796572871572877
0.0766666666666671
0.08333333333333304
0.9854166666666657
0.8599999999999994
0.4670476190476194
0.2333333333333325
0.2194004884004883
0.1387169684460723
0.1028636363636366
0.024789915966387355
0.03251814136627562
0.08958333333333357
0.08000000000000007
0.07000000000000028
0.5808888888888895
0.18471993594505243
0.6091904761904763
0.11229763371639923
0.31220212792362734
0.034423376257862515
0.038571428571429145
0.5597389277389277
0.16516883116883108
0.03883333333333283
0.14975000000000094
0.5246428571428572
0.25083333333333346
0.005601248264842873
0.30249707602339093
0.07059860923391614
0.2556666666666665
0.12755496828752655
0.27395604395604334
0.14254034570214635
0.06054921789630541
0.19333333333333336
0.2374242424242432
0.2628095238095236
0.4751666666666674
0.1800000000000006
0.22542307692307606
0.00264982308712991
0.3843333333333341
0.08316666666666706
0.009999999999999787
0.031064854453601853
0.19599999999999884
0.38269444444444467
0.07833333333333314
0.7057258046391173
0.04971428571428671
0.36411399711399817
0.3014285714285725
0.34678328086126964
0.3660172928636545
0.13398270713634552
0.3116666666666674
0.04971428571428671
0.352160185185185
0.22644047619047658
0.27949999999999964
0.3614788757684604
0.0600000000000005
0.1034643426748687
0.017698051948052296
0.4323736257095714
0.42499999999999893
0.16999999999999993
0.37812229437229483
0.2212499999999995
0.5149999999999997
0.13180425733686452
0.3396753246753246
0.3866666666666676
0.005714285714286227
0.2612208043202964
0.1459133921633926
0.40750000000000064
0.022499999999999076
0.10983333333333434
0.09199999999999964
0.15351041442217905
0.05703703703703766
0.041666666666666075
0.14480421923297815
0.5318986291486292
0.4077007469654532
0.33242424242424295
1.2640000000000002
0.15750000000000064
0.13614285714285668
0.019658730158730542
0.06147887576846056
0.2667319624819626
0.26136111111111227
0.24465140648824946
0.6791666666666663
0.10438397333660543
0.5986245788170343
0.03945078210369424
0.10999999999999943
0.040000000000000036
0.2885645933014347
0.18916666666666604
0.017777777777777892
0.3847199359450526
0.6736944444444442
0.14041471114137405
0.30027777777777853
0.24083333333333456
0.9637400066611654
0.6003246753246749
0.23693939393939445
0.4250000000000007
1.7801076698357017
0.8877023662836008
0.5720476190476189
0.46833333333333194
0.23945078210369442
0.38875641025641006
0.15500000000000114
0.0034643426748681705
0.24300000000000033
0.31976190476190514
0.3898333333333337
0.1943987517351573
0.06666666666666732
0.20431746031746112
0.36642307692307696
1.5883333333333338
0.24216666666666686
0.3446514064882491
0.25666666666666593
0.16000000000000014
0.0050757575757574
0.17452380952380953
0.3113333333333328
0.12478571428571428
2.16
0.2901666666666669
0.19545007339320186
0.09000000000000075
0.11989233016429868
0.03200000000000003
0.20999999999999996
0.041441163848610074
0.13237362570957156
0.33070091587481354
0.3966666666666674
0.0414047619047615
0.07250000000000068
0.11077495450066976
0.09050000000000047
0.01596825396825352
0.5786666666666669
0.40610526315789564
0.32390476190476214
0.5122234119085949
0.1280000000000001
0.04464518814518925
0.49166666666666714
0.09999999999999876
1.36064880952381
0.26785714285714324
0.09225107054959025
0.04521337726600905
0.020000000000000462
0.031064854453601853
0.71
1.0605492178963054
0.04207142857142898
0.5674166666666665
0.21528006405494704
0.8572222222222221
0.09933294061525366
0.30264982308712973
0.0420000000000007
0.6523860085992448
0.29300000000000015
0.030263157894736104
0.35250000000000004
0.1465714285714288
0.5214999999999996
0.4326666666666661
0.4870277777777785
0.09888888888888836
0.4307009158748132
0.2551957807670213
0.13649999999999984
0.16999999999999904
0.18526007844498338
0.3720698131547291
0.3145238095238092
1.0460000000000003
0.3180000000000014
0.20572580463911727
2.1250396825396836
0.23057142857142843
0.21959340659340576
0.3448042192329783
0.4077007469654532
0.5133214285714294
0.9952499999999995
0.2612208043202964
0.0958331807081807
0.09434026718895172
0.39250000000000007
0.08393641236189264
0.18526007844498338
0.005601248264842873
0.24480421923297868
0.046333333333334004
0.285260078444983
0.10416666666666696
0.12318591714243965
0.43400000000000016
0.3540000000000001
0.04041666666666721
0.020000000000000462
0.22105194805194817
0.03070091587481283
0.1775000000000002
0.230700915874813
0.3231818181818191
0.2933333333333339
0.25833333333333286
0.3362599933388344
0.2401666666666662
0.5482487371182376
0.4050915517734941
0.29427419536088273
0.10001948051947984
0.11000000000000032
0.07396248196248223
0.04284242424242457
0.1980000000000004
0.0023333333333326323
0.3600000000000003
0.008943400167084725
0.03945078210369424
0.03916666666666746
0.24871355224703517
0.3902490597566066
0.4768140828575609
0.3800000000000008
0.7350000000000003
0.44816666666666727
0.4275000000000002
0.4549999999999992
0.1952499999999997
0.14555555555555522
0.8190714285714282
0.18922504549933006
0.1639999999999997
0.24100000000000055
0.027000000000001023
0.1999999999999993
0.2493333333333334
0.31111508550788614
0.15351041442217905
0.013333333333333641
0.10416426589283745
0.1200000000000001
0.7281250000000004
0.4323736257095714
1.1278348704435652
0.06626896143072525
0.35666666666666647
0.10000000000000142
0.2023333333333346
0.1943987517351573
0.15333333333333332
0.4250000000000007
0.027499999999999858
0.5608333333333322
0.16521428571428487
0.13999999999999968
0.11666666666666714
0.20881457431457484
0.14166666666666572
8.881784197001252e-16
0.0932078237677354
0.24027777777777803
1.229972222222223
0.39263284347555505
0.3478398148148152
0.9636666666666676
0.24183333333333312
0.28999999999999915
0.2599999999999998
0.23500000000000032
0.10906926406926498
0.28384013509710115
0.05791666666666728
0.07833333333333226
0.017333333333334977
0.5605492178963054
0.5556666666666672
0.14266666666666605
0.23500000000000032
0.45092857142857135
0.5066666666666659
0.05855883615138957
1.3616666666666664
0.3446514064882491
0.13500000000000156
1.0918333333333328
0.08000000000000007
0.6067921762322648
0.34522222222222254
1.0605492178963054
0.06333333333333346
0.37676767676767664
0.06583333333333297
0.35128644775296447
0.25
0.044031274640283335
0.7308244032549212
0.06333333333333346
0.04666666666666597
0.09166666666666767
0.2285238095238089
0.8459285714285709
0.08999999999999986
0.09157894736842032
0.14111111111111185
0.29392965514018243
0.020000000000000462
0.30561904761904835
0.3005714285714287
0.38442621259029863
0.07206981315472927
0.13166666666666682
0.351
0.6014682803096445
0.03574999999999928
0.4074523809523791
0.20509155177349392
0.1893333333333329
0.11907753357753492
0.16561965811965873
0.5475514245014264
0.03625999333883456
0.352448575498574
0.007333333333333414
0.05449999999999999
0.12554761904761857
0.01785714285714235
0.63713725490196
0.8449020382856709
0.40499999999999936
0.3216666666666672
0.30666666666666664
0.2500000000000009
0.8199999999999985
0.28999999999999915
0.027930186845271265
0.14254034570214635
0.25523809523809504
0.13666666666666671
0.2162500000000005
0.031064854453601853
0.5833333333333348
0.08471993594505278
0.13613100642048082
0.39000000000000057
0.13247462050493386
0.022619047619047095
0.26973684210526283
0.38649999999999896
0.13251814136627615
0.08737320286204664
2.6126267971379527
1.7166666666666668
0.34866666666666646
0.03251814136627562
0.18583333333333307
0.375
0.3205000000000009
0.3377272727272729
0.7150000000000016
0.29133333333333233
0.10066705938474652
0.46471428571428497
0.14207142857142863
0.06748185863372402
0.2192261904761903
0.1932009379509383
0.10000000000000142
0.799332940615253
0.22750000000000092
0.07583333333333453
0.09439875173515677
0.5540000000000003
0.623333333333334
0.15933333333333444
0.16748185863372456
0.10133333333333283
0.6014682803096445
0.3080000000000016
0.4397878787878797
0.21989233016429832
0.11499999999999932
0.26430555555555646
0.0902490597566068
0.11592635658914663
0.017582775849881216
0.5575238095238095
0.448248737118238
0.3735558225314417
0.28777658809140494
0.0337499999999995
0.05958528885862613
0.2299671717171714
0.15999999999999925
0.3266666666666671
0.5975442658184589
0.6546666666666674
0.0086666666666666
0.22300000000000075
0.4299999999999997
0.036476190476189885
0.20779914529914478
0.23852112423153926
0.1999999999999993
0.4826944444444443
0.01344444444444548
0.2973501769128708
0.7408928571428586
0.24480421923297868
0.14149999999999885
0.21484126984127005
0.3800000000000008
0.6571313131313135
0.07200000000000006
0.09999999999999876
0.3691755967450785
0.11998978798978754
0.01533766233766265
0.23550000000000093
0.35738461538461586
0.5899999999999999
1.8325000000000005
0.3120000000000003
0.48166666666666647
0.19500000000000028
0.1204761904761904
0.7750000000000004
0.3720698131547291
0.2945270658263306
0.40249999999999986
0.07850000000000001
0.28492857142857186
8.881784197001252e-16
0.3956334841628948
0.13945078210369477
1.0153333333333334
0.4350238095238099
0.21383333333333354
0.6074523809523793
0.20999999999999996
0.3050000000000015
0.3952499999999999
0.4077007469654532
0.2091666666666665
0.06748185863372402
0.40221428571428586
0.5316666666666672
0.2835317460317466
0.2840717893217892
0.08800000000000097
0.19750000000000156
0.40057142857142924
0.3724999999999996
0.4033333333333333
0.10560321622821522
0.01766666666666694
0.1033333333333335
0.2329523809523808
0.051000000000000156
0.3249999999999993
0.07999999999999918
0.2525000000000004
0.7699999999999996
0.10000000000000142
0.14500000000000135
0.7489761904761911
0.11703846153846342
0.10099999999999998
0.5949999999999998
0.007571428571428562
1.0333333333333332
0.6010361990950219
0.17320240870240866
0.7637400066611653
0.05999999999999961
0.5882035011771851
0.1839364123618923
0.15519578076702167
2.5873214285714274
0.009999999999998899
0.023333333333333428
0.5066666666666668
0.6201428571428576
0.905555555555555
0.1414411638486106
0.4833333333333334
0.03583333333333272
0.8922727272727267
0.6279301868452709
0.06748185863372402
0.1383029193029195
0.4133333333333331
0.19033411033411074
0.5080793650793645
0.2956666666666674
0.01100000000000012
0.12940139076608403
0.665
0.25666666666666593
0.40095238095238095
0.11220212792362716
0.6473154761904754
0.14000000000000057
0.0795833333333329
0.14480421923297815
0.34254034570214653
0.799999999999998
0.025070707070707243
0.0147399215550168
0.03251814136627562
0.08833333333333382
0.3922510705495901
0.26917559674507885
0.3847199359450526
0.09225107054959025
0.08942460317460199
0.361220804320296
0.5715547785547788
0.4850000000000012
0.06283333333333285
0.1993329406152533
0.6316666666666668
1.1616666666666662
0.45999999999999996
0.5392801268785545
0.040000000000000036
0.10250000000000004
0.6098333333333334
0.2699999999999996
0.5017839310782577
0.20509155177349392
0.49933294061525313
0.02394444444444499
0.03266666666666662
0.012941176470588012
0.18066666666666542
1.121666666666667
0.16893514554639832
0.3448042192329783
0.22078431372549012
0.2135000000000007
0.23000000000000043
0.2616978161669845
0.2932499999999987
0.28142857142857025
0.35128644775296447
0.027930186845271265
0.1964166666666678
0.27868181818181803
0.06054921789630541
0.18333333333333446
0.2541570734047518
0.040000000000000036
0.01933333333333298
0.05709523809523809
0.031064854453601853
1.311642857142857
0.2850095862528317
0.5294013907660835
0.10952380952381002
0.4551957807670215
0.09001831501831514
0.5309272536642098
0.22478571428571392
0.17100000000000026
0.06386899357951936
0.23625999333883474
0.18833333333333435
0.2337978623443746
0.2074818586337246
0.3080000000000016
0.32385277777777777
0.603870967741936
0.013333333333332753
0.16270526695526666
0.3838492063492067
0.299500000000001
0.13999999999999968
0.873277777777778
0.28471993594505296
0.40060914085914057
0.029845238095237647
0.34918109668109754
0.3266666666666662
0.3075714285714284
0.5309272536642098
0.033333333333333215
0.04024999999999945
0.04178571428571498
0.33216666666666583
0.23945078210369442
1.0605492178963054
0.33247462050493404
0.636333333333333
0.05900000000000105
0.27868181818181803
0.1500833333333329
0.041441163848610074
1.5566666666666666
0.08333333333333393
0.23637719298245585
0.07690682588825037
0.004383973336604896
0.46356313131313165
0.10833333333333339
0.12697619047619035
0.5724999999999998
0.3782871572871578
0.12898809523809618
0.5990864748677236
0.16666666666666696
0.031793872793873135
0.06748185863372402
0.014666666666667716
0.5350357142857147
0.6483953424064772
0.272000000000002
0.28248234118822424
0.09439875173515677
0.4225000000000003
0.3922992530345466
0.04824873711823763
0.18942460317460252
0.32041666666666657
0.46333333333333293
0.10066705938474652
0.2666666666666675
0.09999999999999964
0.2574596542978531
0.07496212121212054
0.4440312746402837
0.013333333333332753
0.49666666666666703
0.3235000000000001
0.22793018684527055
1.1899999999999995
0.640833333333334
0.051406926406927234
0.008000000000000895
0.04750000000000121
0.3127777777777787
0.43357692307692286
0.20750000000000046
0.6233333333333331
1.0574596542978538
0.17059860923391668
0.015333333333333421
0.13833333333333364
0.4574596542978533
0.11599999999999966
0.24839534240647687
0.09100000000000108
0.5605492178963054
0.32022619047619116
0.14254034570214635
0.1775000000000002
0.456357892107893
1.0626060606060603
0.39545007339320204
0.08714285714285719
0.5195000000000007
0.5374999999999996
0.2166666666666659
0.06799999999999962
0.698624578817034
0.4933333333333332
0.38033333333333363
0.17516666666666847
0.4441666666666668
0.5011666666666663
0.29427419536088273
0.17496031746031626
0.3700000000000001
0.9614166666666657
0.008999999999999453
0.10266666666666602
0.20774892945041046
0.24839534240647687
0.21730555555555586
0.29666666666666686
0.4333333333333318
0.20000000000000018
0.28471993594505296
1.1231349206349206
0.04999999999999982
0.39735017691287045
0.6254473304473311
0.0017857142857149455
0.10891666666666744
0.5958357341071618
0.1839364123618923
0.14500000000000046
0.34199999999999964
0.031064854453601853
0.026797591297591516
0.46083333333333343
0.12288095238095309
0.1509999999999998
0.6993329406152533
0.0779999999999994
0.016666666666668384
0.08685714285714319
0.19853171969035532
0.45000000000000107
0.6390476190476191
1.2090151515151515
0.24208333333333343
0.3919924242424244
0.2527142857142852
0.36616666666666653
0.005601248264842873
0.3077489294504101
0.010732168765635208
0.20250000000000057
0.1277386086136083
0.9551957807670215
0.06197402597402579
0.13237362570957156
0.29857142857142804
0.24700000000000077
0.07155451127819479
0.4732024087024085
0.07619047619047592
0.05600000000000005
0.2813095238095231
0.010000000000001563
0.09933294061525366
0.2153333333333336
0.46762637429042897
0.05183333333333362
0.047613991400755395
0.08466666666666622
0.33961904761904815
1.9000000000000004
0.029967171717171226
0.0
0.13251814136627615
0.2839364123618928
1.5475514245014264
0.20375993724168495
0.40178393107825805
0.49409178321678393
0.23082440325492115
0.26147887576846074
0.3067990620490617
0.05268452380952393
0.07666666666666622
0.3720698131547291
0.4370000000000003
0.03166666666666629
0.23180425733686505
0.09439875173515677
0.2331428571428571
0.5833479020979029
0.24761399140075557
0.26541666666666774
0.566284271284272
0.17166666666666686
0.18779787207637266
0.1760833333333327
0.633
0.2506666666666666
0.5188412698412703
0.09279761904761852
0.3000000000000007
0.12318591714243965
0.07000000000000028
0.3114407536907544
0.01528006405494775
0.23205555555555524
0.5277697558281549
0.6782460317460322
0.06883333333333308
0.29427419536088273
0.10733333333333306
0.22483333333333366
0.25233333333333263
0.3170940725940721
0.2482487371182378
0.6700000000000008
1.06497619047619
0.17355582253144153
0.8296428571428578
0.17293232854102492
0.005601248264842873
0.009714285714286675
0.3231818181818191
0.33237362570957174
0.2565833333333325
0.2697495421245426
0.7335769230769227
0.2895454545454541
0.07226139138639098
0.34500000000000064
0.3324999999999996
0.35738461538461586
0.08249999999999869
0.28933333333333344
0.8083333333333336
0.49409178321678393
0.12318591714243965
0.4990476190476194
0.05900000000000016
0.5605492178963054
0.07784101774185004
0.4480000000000004
0.5666666666666664
0.43833333333333435
0.3037380952380957
0.0034643426748681705
0.3765833333333335
0.29900000000000126
0.14100000000000001
0.22666666666666657
0.20774892945041046
0.28471993594505296
0.19095238095238187
1.4238333333333344
1.0574596542978538
0.30599999999999916
0.612571428571429
0.18526007844498338
0.31083333333333485
0.1922510705495899
0.5808888888888895
1.8084210526315792
0.41749999999999954
0.4628627450980396
0.6083333333333334
0.15949999999999953
0.24829448329448311
0.08740476190476176
0.144166666666667
0.14066666666666539
1.0041666666666664
0.2948484848484849
0.11333333333333329
0.11666666666666714
0.3927307692307691
0.4800000000000004
0.37166666666666615
0.8056012482648427
0.5800000000000001
0.14403127464028387
0.5899999999999999
0.3533333333333335
0.39400000000000013
0.006369075369075716
0.4999999999999991
0.5017839310782577
0.15977777777777824
0.20607034485981757
0.15000000000000036
0.7275
1.5294013907660835
0.43083333333333407
0.3712698412698412
0.2117964988228147
0.21473992155501698
0.2313333333333336
0.09439875173515677
0.4909779664779679
0.34254034570214653
0.20066705938474705
0.3891666666666662
0.29499999999999993
0.2901666666666669
0.2859848484848486
0.3041642658928376
0.3614788757684604
0.25266666666666726
0.17333333333333378
0.18526007844498338
0.4551957807670215
0.44166666666666554
0.2585952380952392
0.3075000000000001
0.08922504549933041
0.011999999999999567
0.10916666666666686
0.301333333333333
0.2089434001670849
0.4883333333333333
0.30446969696969717
0.42100000000000026
0.10800000000000054
0.03852112423153997
0.031333333333333435
0.5651666666666664
0.23945078210369442
0.20975094024339302
0.23857142857142843
0.20814285714285674
0.5380000000000003
0.07449999999999957
1.2407142857142865
0.40566666666666684
0.13251814136627615
0.29916666666666725
0.2705986092339163
0.6500000000000004
0.3799999999999999
0.20499999999999918
0.34254034570214653
0.1922510705495899
0.10679217623226478
0.5736944444444436
0.3847199359450526
0.5290633727682117
0.27749999999999986
0.16723809523809496
0.15000000000000124
0.20022222222222297
0.24375000000000036
0.1113333333333335
0.018023809523810108
0.24465140648824946
1.8200000000000003
0.10599999999999987
0.43666666666666654
0.20807936507936464
0.448248737118238
0.3391666666666673
0.2337142857142851
0.02999999999999936
0.12833333333333297
0.15244857549857382
0.9816666666666674
0.10000000000000053
0.06833333333333425
1.4468939393939397
0.3006670593847467
0.20245573418154095
0.38890476190476164
1.7688581897405413
0.21499999999999986
0.37105555555555547
0.20774892945041046
0.5027602952602956
0.29200757575757574
0.005601248264842873
0.08000000000000185
0.6160635876381075
0.6574596542978535
0.8533333333333335
0.14254034570214635
0.40416426589283816
0.6595852888586258
0.25833333333333286
0.4606587301587304
0.0600000000000005
0.38833333333333275
0.06518919968920045
0.14999999999999947
0.41357142857142826
0.07965728715728737
0.3006670593847467
1.2672727272727276
0.5199999999999996
0.019999999999999574
0.6467832808612703
0.4041666666666668
0.20509155177349392
0.3743333333333343
0.0804960317460317
0.557833333333333
0.12727450980392252
0.3448042192329783
0.3294013907660833
0.7521601851851853
0.0860000000000003
0.020000000000000462
0.4900000000000002
0.35305952380952377
1.1486472138972141
0.20375000000000032
0.27249999999999996
0.3198134920634921
0.3120000000000003
0.5367927170868345
0.4008333333333338
0.040000000000000924
0.16300000000000114
0.3847199359450526
0.010833333333332362
0.35596872535971613
0.18466666666666676
0.5469404761904766
0.2950000000000017
0.06666666666666732
0.17331746031746142
0.38466666666666693
0.0673333333333348
0.7853333333333321
0.03945078210369424
0.048611111111111605
0.05733333333333235
0.31188220113220133
0.40060914085914057
0.20250000000000057
0.1566666666666654
0.4666666666666677
0.2964339799749691
0.19434026718895137
0.051000000000001044
0.35513333333333374
0.7294013907660837
0.35234523809523743
0.11733333333333373
0.27000000000000135
2.1032352941176464
0.20000000000000107
0.03070091587481283
0.08333333333333304
0.40416426589283816
0.49120196470196476
0.1348333333333338
0.8499999999999996
0.1720698131547289
0.2850095862528317
0.2599999999999998
0.08888491449211333
0.7099816849816856
0.3088636363636361
0.024476190476190318
0.15966269841269742
0.40375993724168513
0.390930735930735
0.36929908412518664
0.13251814136627615
0.5824823411882241
0.4580000000000002
0.43326803751803755
0.030000000000001137
0.6139999999999999
0.26021212121212045
0.2155737874097019
0.29717338217338174
0.13852112423153962
0.1200000000000001
0.02297619047619115
0.2664696969696978
0.375
0.1614788757684602
1.8789480519480515
0.5279301868452713
0.10599999999999987
0.23114181025945868
0.7607922077922078
0.09452706582633041
0.3170238095238087
0.10363636363636264
0.29999999999999893
0.24480421923297868
0.5121378968253962
0.7017839310782579
0.27199999999999935
0.4238333333333326
0.17059860923391668
0.1264441774685583
0.10083333333333311
0.14829448329448258
0.4795000000000007
0.6547866227339911
0.21266666666666723
0.2569999999999997
0.20216666666666594
0.7266666666666683
0.857499999999999
0.20566666666666666
0.42428571428571527
1.0523452380952376
0.1800000000000006
0.1813333333333329
0.24764285714285794
0.178439393939394
1.1404761904761909
0.18926783123436497
0.05128644775296465
0.3650000000000002
0.20999999999999996
0.17666666666666764
0.9550000000000001
0.0251499437095406
0.397069940895018
0.4071944444444444
0.14266666666666605
0.10000000000000053
0.8517512628817627
0.43082440325492133
0.4742105263157912
0.31989233016429885
0.050743700743701936
0.04254034570214671
0.2430079365079365
0.3006670593847467
0.689166666666666
0.31100000000000083
0.3295238095238098
0.2833333333333332
0.22644417746855794
0.30233333333333334
0.07902272727272663
0.14000000000000057
0.09263284347555523
0.11666666666666714
0.32678571428571423
0.4925184537684535
0.6014682803096445
1.3160635876381077
0.47750000000000004
0.03500000000000014
0.3599801587301581
0.21499041374716832
0.3907457264957275
0.4400000000000004
0.2116666666666669
0.06245238095238115
1.373277777777778
0.1719999999999997
0.4323736257095714
1.1989108946608953
0.4550979617143289
0.2829999999999995
0.33499999999999996
0.13251814136627615
0.45333333333333314
0.648884920634921
0.8499999999999996
0.03166666666666629
0.025428571428570912
0.12611111111111128
0.49333333333333407
0.09439875173515677
0.03438034188034145
0.36079220779220744
0.45316666666666716
0.2983333333333329
0.34254034570214653
0.28000000000000025
0.8185000000000002
0.07241414141414282
0.1127857142857156
0.5736944444444436
0.17300000000000093
0.5195934065934056
0.045833333333332504
0.2839364123618928
0.1683333333333339
0.3362599933388344
1.2523333333333335
0.5499999999999998
0.5026190476190475
0.6779999999999999
0.1452133772660087
0.14500000000000046
0.28227777777777874
0.147551424501426
0.06386899357951936
0.3174999999999999
0.34254034570214653
0.2666666666666666
0.3362599933388344
0.06599999999999984
0.07073809523809516
0.2590476190476192
0.46054921789630576
0.12395238095238081
0.08542857142857141
0.10000000000000053
0.05791666666666728
0.7600000000000007
0.0958331807081807
0.4468333333333341
0.16893514554639832
0.005601248264842873
8.881784197001252e-16
0.16929908412518646
0.14083333333333314
0.5553333333333335
0.03251814136627562
0.3879999999999999
0.009665889665889438
0.14480421923297815
0.48166666666666647
0.4832063492063492
0.34403127464028405
0.835
0.14250000000000007
0.41199999999999903
0.012626797137953005
0.22166666666666668
0.11000000000000032
0.07333333333333325
0.2386566484517303
0.44535714285714256
0.4782871572871574
0.39904761904761976
0.36866666666666603
0.8449020382856709
1.031416666666666
0.19452706582633095
0.42674242424242426
0.1813333333333338
0.3253144078144077
0.5993329406152537
0.06647619047619102
0.4801666666666673
0.24480421923297868
0.5846071428571431
0.24480421923297868
0.5585714285714287
0.08500000000000085
0.39361580086580084
0.28777658809140494
0.7906666666666666
0.10949999999999882
0.30833333333333446
0.5483333333333338
0.09427419536088255
0.11314285714285699
0.16114213748740625
0.18450793650793607
0.6548925825636358
0.23852112423153926
0.33999999999999897
1.4706666666666672
0.23599999999999977
0.049583333333333535
0.21917857142857056
0.35366666666666635
0.27516666666666634
0.3922992530345466
0.15683333333333405
0.4936158008658005
0.6724999999999994
0.3952142857142862
0.14480421923297815
0.28248234118822424
0.13199999999999967
0.5294013907660835
0.7335769230769227
0.2302504578754574
0.06464285714285722
2.604785714285713
0.23816666666666642
0.05175126288176202
0.676738095238095
0.4638253968253965
0.01466666666666594
1.0116666666666658
0.09049999999999958
0.3529603174603171
0.01066666666666638
0.08999999999999986
0.14761399140075593
0.18349999999999866
0.01750000000000007
0.25321671913873
0.06323809523809576
0.0912500000000005
0.24247619047619118
0.34041167166167163
0.15022222222222226
1.1599999999999993
1.550416666666667
0.8449999999999989
0.3360000000000003
0.13771212121212173
0.34290476190476227
0.35147366522366585
0.009665889665889438
0.39069254001812137
0.1250000000000009
0.0294013907660835
1.3649999999999993
0.03899999999999881
0.5873732028620466
0.025333333333333208
1.2864999999999993
0.2893683473389359
1.0600000000000005
0.20446969696969663
0.14584292659524856
0.9699999999999989
0.29416666666666735
0.08777777777777818
0.14678328086127035
0.32333333333333325
0.42738257575757643
0.28000000000000025
0.07449999999999957
0.2940000000000005
0.6056032162282152
0.3434285714285723
0.2600000000000007
1.2160635876381072
0.1463636363636347
0.2575000000000003
0.2757142857142849
0.3362599933388344
0.16748185863372456
0.1877765880914053
0.13481080031079973
0.2766666666666673
0.09166666666666679
0.10966588966588997
0.07033333333333314
0.12940139076608403
0.01703846153846289
0.12185714285714244
0.822976190476191
0.19843822843822867
0.6957738095238097
0.09866666666666646
0.34371794871794936
0.04911363636363664
0.24763888888888985
0.16704761904761867
0.2216666666666658
0.11229763371639923
0.005601248264842873
0.42227777777777753
0.7126190476190475
0.40142857142857125
0.29000000000000004
0.4120432900432913
0.4578333333333333
0.6295000000000002
0.03251814136627562
0.00774892945041028
0.1056012482648434
0.13033333333333363
0.6547150932173329
0.46249999999999947
0.2358863636363644
0.26169708069708086
0.001071428571428612
0.4117964988228149
0.06799999999999962
1.1511150793650797
0.09499999999999975
0.22750000000000004
0.336666666666666
0.3009166666666667
0.03945078210369424
0.1233623737373728
0.19875000000000131
0.060999999999999055
0.16999999999999993
0.18526007844498338
0.29499999999999993
0.3899999999999988
0.1721651295564346
0.1850000000000005
0.31907142857142823
0.18407178932178958
0.1993329406152533
0.08000000000000096
0.015000000000000568
0.4323736257095714
0.25476190476190474
0.09333333333333371
0.005601248264842873
0.06500000000000128
0.04833333333333378
0.2752142857142852
0.34999999999999964
0.3321428571428573
0.32333333333333325
0.12082142857142841
0.46499999999999986
0.35733333333333395
0.2135000000000007
0.6273825757575766
0.5504487179487185
0.16366666666666596
0.034999999999999254
0.13945078210369477
0.020000000000000462
0.514333333333334
0.3847199359450526
8.881784197001252e-16
0.0614285714285705
8.881784197001252e-16
0.5263333333333327
0.17999999999999972
0.7523333333333335
0.04857142857142893
0.4962261904761922
0.45976190476190393
0.22793018684527055
0.4140000000000006
0.2140000000000013
0.2283333333333335
0.17933333333333312
0.9975442658184592
1.0467832808612698
0.03070091587481283
0.5466666666666677
0.1986666666666661
0.2892250454993306
0.29409090909090896
0.25722222222222335
0.1073809523809528
0.28809523809523796
0.044214285714286206
0.7716666666666674
0.1720698131547289
8.881784197001252e-16
0.09700000000000042
0.2610000000000001
0.4108333333333345
0.4590000000000005
0.7222777777777782
0.15320757020757014
0.06833333333333425
0.36685714285714255
0.4307009158748132
0.3966666666666674
0.2655555555555553
0.3332680375180379
0.5449020382856711
1.0797435064935055
0.22044188100341433
0.05128644775296465
0.037484126984127286
0.09392965514018226
0.1859848484848481
0.3369393939393941
0.1056012482648434
0.5775000000000006
0.18221645021645116
0.24480421923297868
1.04679242979243
0.5350000000000001
0.16695238095238096
0.6149904137471687
0.08471993594505278
0.0
0.06374000666116597
0.10333333333333439
0.7970833333333331
0.3922510705495901
0.20000000000000107
0.10719444444444459
0.5975442658184589
0.03251814136627562
0.285260078444983
0.4399999999999995
0.39561602666339457
0.29933294061525295
0.1123809523809518
0.010730158730159367
0.24480421923297868
2.0009523809523806
0.09733333333333416
0.4925184537684535
0.3691755967450785
0.005601248264842873
0.47799999999999976
0.6779999999999999
0.17784101774185057
0.05000000000000071
0.018333333333333535
0.4463636363636354
0.5891666666666664
0.27206981315472945
0.6305714285714288
0.2757142857142849
0.45316666666666716
0.1722302441718453
0.38393641236189247
0.5450000000000008
0.33237362570957174
0.5387791956797043
0.2797738095238085
0.24591339216339225
0.7385211242315393
0.49166666666666714
0.13649999999999984
0.0
0.006666666666666821
0.2478571428571419
0.14480421923297815
0.012999999999999012
0.0924444444444461
0.0
0.09000000000000075
0.0903690476190473
1.897499999999999
0.5150000000000006
0.22499999999999876
0.6508272291863628
0.03251814136627562
0.25
0.6924999999999999
0.30666666666666664
0.2329523809523808
0.16000000000000014
0.3691755967450785
0.31897619047618875
0.1351449275362313
0.103056526806526
0.030666666666665954
0.3492562992562984
0.38333333333333375
0.10725000000000051
0.20933333333333337
0.5691666666666677
0.33687373737373605
0.3254230769230766
0.27000000000000046
0.4918333333333331
1.8714285714285719
1.8152800640549476
0.0006670593847468709
0.4133333333333331
0.6725000000000003
0.009654761904761777
0.13247462050493386
0.44833333333333325
0.125
1.126666666666666
0.09439875173515677
0.06647619047619102
0.1867388167388171
1.7263055555555562
0.05333333333333279
0.5556865079365076
0.06752537949506632
0.3699999999999992
0.7016666666666662
0.7017839310782579
0.012297633716398693
0.7000000000000002
0.31166666666666654
0.1899999999999995
0.1845833333333342
0.3446514064882491
0.37485005629045887
0.35830219780219874
1.2616666666666667
0.7599801587301585
0.2723333333333331
0.25900000000000034
0.16192490842490948
0.18466666666666676
1.7551957807670213
0.13333333333333375
0.33250000000000046
0.4925184537684535
0.21800000000000175
0.25244857549857436
0.15500000000000025
0.33934126984126944
0.39735017691287045
0.24480421923297868
0.18805952380952373
0.03249999999999975
0.0940000000000003
0.27289588189588176
0.23852112423153926
0.10416666666666696
0.16917559674507832
0.17400000000000038
0.16999999999999993
0.20507575757575758
0.005601248264842873
0.17100000000000026
0.29933294061525295
0.04207142857142898
0.01734210526315838
0.03500000000000014
0.015230907980908093
0.06762637429042861
0.2674818586337242
0.32766666666666655
0.17388888888888943
0.08999999999999986
0.2368737373737364
0.009999999999998899
0.34371794871794936
0.1566666666666663
0.13716666666666733
0.7559687253597165
0.19320782376773593
0.16197402597402633
0.16748185863372456
0.2703333333333333
0.07784101774185004
0.23000000000000043
0.4489166666666673
0.13540981240981154
0.1818772893772893
0.3152800640549476
0.09950000000000081
0.30966588966588926
0.42249999999999943
0.09600000000000009
0.23945078210369442
0.0034643426748681705
0.3149999999999995
0.09195238095238167
0.0600000000000005
0.2870588235294118
0.31666666666666643
0.06499999999999861
0.24522619047619099
0.14133333333333287
0.9358860028860025
0.10211904761904744
1.7280000000000006
0.2492380952380957
0.24480421923297868
0.13523809523809582
0.18333333333333357
0.21499041374716832
0.015392857142856542
0.40059360730593596
0.2270436507936502
0.05713131313131292
0.11466666666666825
0.3344444444444443
0.23579747570375353
0.03945078210369424
0.10000000000000053
0.03928571428571459
0.42597222222222264
0.34254034570214653
0.13666666666666494
0.1452133772660087
0.40178393107825805
0.0766666666666671
0.5222777777777781
0.2839364123618928
0.2940000000000005
0.2320000000000011
0.005601248264842873
0.5924999999999994
0.08393641236189264
0.7017839310782579
0.37233333333333274
0.22215898225814978
0.206666666666667
0.05160465759352295
0.15519578076702167
0.07238095238095266
0.815833333333333
0.40438397333660525
0.08166666666666611
0.23633333333333262
0.03666666666666618
0.9122234119085952
0.043888888888888644
0.3416666666666659
0.0408333333333335
0.2183333333333337
0.26893514554639797
1.5204206349206357
0.03251814136627562
0.2950000000000008
0.03251814136627562
0.08471993594505278
0.242
0.71
0.13945078210369477
0.2933333333333339
0.20770074696545304
0.25244857549857436
0.27955811899658567
0.22000000000000064
0.3720698131547291
0.0
0.3906666666666663
0.02041666666666675
0.4257056277056259
0.28000000000000025
0.3782871572871578
0.6699999999999999
2.0872142857142846
0.24928571428571367
0.2500000000000009
0.15733333333333377
0.06300000000000061
0.0980476190476196
0.3922992530345466
0.5649999999999995
0.11458333333333393
0.0006670593847468709
0.31557378740970154
0.3049999999999997
0.25321671913873
0.27449999999999974
0.4358333333333331
1.0083333333333337
1.0841666666666665
0.07616666666666738
0.19706994089501784
1.2487135522470352
0.38922504549933024
0.014642857142857402
0.05321671913872983
0.2841666666666667
0.2778410177418502
0.5899126984126983
0.15321671913873036
0.06245238095238115
0.15416666666666679
0.5546666666666669
0.6576666666666657
0.22336237373737333
0.8621634525605115
0.26893514554639797
0.03967532467532475
0.37400000000000055
0.24121969696969714
1.7026666666666674
1.0666666666666664
0.06917559674507867
0.5482487371182376
0.2716666666666665
0.52952380952381
0.17293232854102492
0.9674999999999985
0.2574427239427237
0.19661111111111218
0.707727272727273
0.20899999999999963
0.0766666666666671
1.290166666666667
0.237836547439489
0.02999999999999936
0.16917559674507832
0.6419285714285721
0.20066705938474705
0.3877500000000005
0.35499999999999954
0.3780952380952378
0.03716666666666679
0.044166666666666465
0.31073216876563503
1.4160635876381074
0.6830000000000007
1.0310648544536019
0.10083333333333311
0.13909523809523705
0.03988095238095202
0.23852112423153926
0.014702380952380523
0.2945274725274718
0.14584292659524856
0.163333333333334
0.3922510705495901
0.0033333333333338544
0.11866666666666692
0.34750000000000014
0.19400000000000084
0.3761666666666663
0.5123015873015877
0.08529761904762001
0.17244503171247416
0.24833333333333396
0.008333333333333748
0.4026190476190479
0.6258333333333335
0.15874999999999861
0.13833333333333453
0.2787500000000005
0.23999999999999932
0.41473992155501715
0.12249999999999961
0.15000000000000036
0.22793018684527055
0.1818772893772893
0.8559687253597161
1.1487135522470355
0.03945078210369424
0.1286666666666667
0.32333333333333325
0.011435406698565131
0.051000000000001044
0.16633333333333322
0.1683333333333339
0.08849999999999891
0.4583021978021984
0.2591111111111122
0.8349999999999991
1.2067921762322644
0.2666666666666675
0.47433333333333394
0.33070091587481354
0.5
0.38625641025641144
0.21869047619047688
0.15450000000000053
0.24678328086127
0.2464895855778213
0.16999999999999993
0.024499999999999744
0.16917559674507832
0.63713725490196
0.37333333333333396
1.2922510705495895
0.030999999999999694
0.27266666666666595
0.17496031746031626
0.39263284347555505
0.38393641236189247
0.07690682588825037
0.4239047619047618
0.9585714285714291
0.7488849206349206
0.09225107054959025
0.40984848484848424
0.10022222222222243
0.08847619047619038
0.34254034570214653
0.18922504549933006
0.044031274640283335
0.303464342674868
0.3448042192329783
0.036873737373736226
1.23647619047619
0.10850793650793733
0.21059999999999945
0.45566666666666755
0.38393641236189247
0.3327472527472519
0.27155451127819497
0.38922504549933024
0.028482142857141568
0.11000000000000032
0.17059860923391668
0.48166666666666735
2.0999999999999996
0.14254034570214635
0.3745000000000003
0.01606358763810789
0.15857142857142925
0.31599999999999984
0.3100000000000005
0.18200000000000038
0.12333333333333396
0.24761399140075557
1.346
0.25
0.20774892945041046
0.0690476190476188
1.1701388888888893
0.1813333333333338
0.15519578076702167
0.19324542124542
0.7385211242315393
0.2539920634920634
0.10565973281104846
0.3152800640549476
0.05635789210789355
0.5699999999999994
0.03928012687855453
0.2756468253968247
0.20245573418154095
0.34254034570214653
0.0673333333333348
0.11875000000000036
0.36435064935064965
0.6050000000000004
0.5449999999999999
0.5124999999999984
0.1963888888888894
1.5383021838330153
0.2323736257095712
0.1906666666666661
0.14254034570214635
0.5553485935117513
0.32766666666666744
0.28471993594505296
0.6016666666666666
0.31989233016429885
0.5753571428571433
0.32996717171717194
0.041250000000000675
0.1155714285714291
0.08999999999999897
0.037833333333333385
0.11124358974358994
0.4208333333333334
0.05833333333333268
1.0824999999999996
0.04583333333333339
0.22399100899100954
0.10999999999999943
0.0
0.34034523809523787
0.29000000000000004
0.9678571428571416
0.5800000000000001
0.4971733821733819
0.35322619047619064
0.35166666666666657
0.17360714285714263
0.16666666666666696
0.47366666666666735
0.1280000000000001
0.5273168498168497
0.7000000000000002
0.15600000000000058
0.8338888888888896
0.2853571428571424
0.4986245788170338
0.4026190476190479
0.13251814136627615
0.30422619047619026
0.3446514064882491
0.2944999999999993
0.7726428571428565
0.32014285714285773
0.16142857142857014
0.10066705938474652
0.27289588189588176
0.2231684981684987
0.07083333333333375
0.45118253968253974
0.666500000000001
0.0017839310782576945
0.021642857142857963
0.8327380952380947
1.0281666666666656
0.2850095862528317
0.16907611832611913
0.13833333333333453
0.2853571428571424
0.019000000000000128
0.05200000000000049
1.2158333333333324
0.17499999999999982
0.40373809523809534
0.16270526695526666
0.09999999999999964
0.15519578076702167
0.23466666666666658
0.21199999999999974
0.35395238095238124
0.10999999999999943
0.5056666666666665
0.10400000000000009
0.21194047619047662
0.13025045787545775
0.06400000000000006
0.36141666666666605
0.17000000000000082
0.53852112423154
0.31179649882281524
0.2497777777777781
0.23416666666666686
0.35999999999999943
0.3318042573368647
0.4323736257095714
0.31266666666666687
0.5910548340548338
0.4883333333333333
0.23161285936285925
0.24750000000000139
0.29427419536088273
0.2599999999999998
0.12514994370954113
0.012301587301587702
0.7318986291486294
0.6637400066611656
0.41999999999999993
0.10774892945040992
0.7479999999999993
0.04001984126984226
0.03833333333333311
0.005601248264842873
0.11350000000000104
0.2662222222222219
0.1304761904761902
0.16999999999999993
0.03251814136627562
0.22570562770562574
0.8766666666666669
0.18526007844498338
0.2984999999999989
0.4612499999999988
0.010500000000000398
0.018571428571427795
0.7630606060606056
0.5027602952602956
0.08393641236189264
0.6094999999999988
0.20066705938474705
8.881784197001252e-16
0.1056012482648434
1.7060000000000004
0.796226190476192
0.12899999999999956
0.2908333333333335
0.23830291930291914
0.2375000000000007
0.8683333333333323
0.5739545454545452
0.10833333333333339
0.30107142857142843
0.38393641236189247
0.13583333333333236
0.46066666666666567
0.21199999999999974
0.14095238095238116
0.5778126456876462
0.5316666666666663
0.2932009379509388
0.06252380952380854
0.033333333333333215
0.2600000000000007
0.09967532467532525
0.04040476190476294
1.83
0.6621634525605113
0.6908333333333339
0.03251814136627562
0.45566666666666755
0.20770074696545304
1.8962400627583147
0.004164265892837804
0.7474999999999996
0.20608333333333295
0.029000000000000803
0.3357974757037532
0.3962400627583147
1.8399999999999999
0.016159864902899557
0.1850000000000005
0.23439875173515734
0.21999999999999886
0.16628571428571526
0.33250000000000046
0.13251814136627615
0.7000000000000002
0.1559999999999997
0.18944444444444564
8.881784197001252e-16
0.22499999999999964
0.2574596542978531
0.285260078444983
1.2870000000000008
0.2140000000000013
0.04555555555555557
1.3981666666666666
0.0
0.4039999999999999
0.18471993594505243
0.01788461538461572
0.1762738095238099
0.040000000000000036
0.41569444444444414
0.009999999999998899
0.6257894736842093
0.11252380952380925
0.5426666666666664
0.12900000000000045
0.4547150932173327
0.15800000000000036
0.20712820512820507
0.012500000000000178
2.271476190476191
0.4933333333333332
0.15583333333333282
0.04999999999999982
0.7999999999999998
0.1943987517351573
0.053000000000000824
0.0
0.22000000000000064
0.07133333333333347
0.1900000000000004
0.10350396825396846
0.3080793650793643
0.640666666666668
0.7305000000000001
0.6174999999999988
0.4855714285714292
0.24465140648824946
0.46000000000000085
0.07000000000000117
0.4666666666666677
0.03945078210369424
0.24583333333333268
0.3362599933388344
0.6649735819735829
0.3028266178266179
0.035666666666667624
0.05000000000000071
0.35322619047619064
0.34254034570214653
0.050892857142857295
0.168181818181818
0.4833333333333325
0.16893514554639832
2.116159864902899
0.12679759129759205
0.274
0.2600000000000007
0.005601248264842873
0.5808888888888895
1.000571428571429
0.2368737373737364
0.13833333333333364
0.13251814136627615
0.4675253794950658
0.23579747570375353
0.7150000000000016
0.5099999999999989
0.901583333333333
0.6318986291486297
0.024999999999999467
0.4295238095238103
0.19071428571428584
0.5800000000000001
0.28366666666666696
0.2984999999999989
0.23439875173515734
0.22000000000000064
0.29717338217338174
0.2377896825396828
0.1690727463357904
0.15244857549857382
0.42122222222222305
0.4024557341815411
1.014333333333334
1.13
0.20876551226551232
0.432518141366276
0.4002777777777782
0.10552380952380869
0.34254034570214653
0.5325181413662756
0.5130000000000008
0.16748185863372456
0.5010357142857149
0.06833333333333425
0.2662770562770582
1.2955303030303034
0.7176785714285714
0.5475514245014264
0.2802380952380954
0.13000000000000078
0.0365000000000002
0.19940639269406457
0.23579747570375353
0.37092857142857216
0.16192490842490948
0.17666666666666675
0.15321671913873036
0.13000000000000078
0.09999999999999964
0.039333333333332554
0.09439875173515677
0.31111508550788614
0.7000000000000002
0.4250000000000007
0.3266666666666671
0.045928571428571985
0.05709523809523809
0.3250000000000002
0.027930186845271265
0.1429999999999998
0.0017839310782576945
0.1999999999999993
0.2344233762578627
0.8628095238095241
0.09626190476190466
0.26374999999999815
0.08999999999999986
0.057333333333333236
0.03249999999999975
0.23114181025945868
1.2656196581196593
0.2833333333333332
0.6014682803096445
0.03251814136627562
0.09333333333333371
0.03636904761904791
1.0317222222222213
0.24166666666666714
0.2571225071225083
0.14790476190476198
0.08659956709956607
0.23342857142857198
0.0949084482265059
0.25
0.03251814136627562
0.3000000000000007
0.06951839826839823
0.5574596542978538
0.21917857142857056
0.2523333333333335
0.04528490678266728
0.20509155177349392
0.08393641236189264
0.18407142857142933
0.24666666666666703
0.33070091587481354
0.562619047619048
0.391
1.9781428571428572
0.7736944444444438
0.05958528885862613
0.20764285714285702
0.1435000000000004
0.1496666666666675
0.43442337625786287
0.7005714285714291
0.3300833333333326
0.0256060606060613
0.2240000000000002
0.12215898225815014
0.32011111111111035
0.34824873711823745
0.2999999999999998
0.513259493670887
0.2808333333333337
0.0
0.7008333333333336
0.21229725829725776
0.9683333333333319
0.005601248264842873
0.1800000000000006
0.23166666666666647
0.15633333333333255
0.1813333333333338
0.10485714285714298
0.2425403457021469
0.6279301868452709
0.3316666666666661
0.28777777777777835
0.7000000000000011
0.612571428571429
0.5100000000000007
0.3119999999999994
0.09933294061525366
0.5510000000000002
0.501666666666666
0.21549999999999958
0.027647058823529136
0.10516666666666641
0.03200000000000003
0.23832900432900406
0.6340000000000003
0.22527310924369726
0.14000000000000057
0.0659523809523801
0.3100000000000005
0.20999999999999996
0.2833333333333341
0.36099999999999977
1.089999999999999
0.39363092463092464
0.5119404761904764
0.3273825757575768
0.46083333333333254
0.2998571428571424
0.6141666666666667
0.46374000666116544
0.1999999999999993
0.7410000000000005
0.06266666666666598
0.012999999999999012
0.2260375180375176
0.006666666666666821
0.18922504549933006
0.38779787207637284
0.15227272727272734
0.39207142857142774
0.2523860085992444
1.0621666666666671
0.1722302441718453
0.044804219232978504
0.524844804318489
0.1735833333333332
0.4450000000000003
0.0600000000000005
0.05333333333333279
0.003888888888889497
0.589999999999999
0.487373202862047
0.09999999999999964
0.1939296551401819
0.27999999999999936
0.16748185863372456
0.34829448329448276
0.050743700743701936
0.11666666666666714
0.40800000000000036
0.18556060606060587
0.21606358763810718
0.5941666666666663
0.16999999999999904
0.09263284347555523
0.15500000000000025
0.09166666666666679
0.16420252429624682
0.04535714285714132
0.1877765880914053
0.2375000000000007
0.4016666666666664
0.5531666666666668
0.1943987517351573
0.25735569985569917
0.15000000000000036
0.2525000000000013
0.42105194805194834
0.33699999999999886
0.3006670593847467
0.15000000000000124
0.25783333333333314
0.666666666666667
0.08666666666666689
0.5895000000000001
0.3680000000000003
0.31922619047619083
0.6724999999999994
0.24490203828567125
0.609981684981685
0.1308244032549215
0.09287179487179476
0.7556666666666674
0.09999999999999964
0.23161285936285925
0.42738257575757643
0.17233333333333256
0.09074572649572765
0.645107417436364
0.06242857142857172
0.2839364123618928
0.16748185863372456
0.5156944444444438
0.2716666666666656
0.05321671913872983
0.2615000000000016
0.06371428571428606
0.6026498230871296
0.7393333333333336
0.6999999999999993
0.06420252429624718
0.05804761904761868
0.005601248264842873
0.1466666666666674
1.121666666666667
0.39583333333333304
0.02133333333333365
0.16555555555555568
0.13945078210369477
0.1336666666666666
0.24700000000000077
0.3286666666666669
0.044804219232978504
0.2824172241501186
0.16000000000000103
0.08241722415011843
0.054715093217333255
0.14000000000000057
0.3962400627583147
0.46169708069708104
0.5977857142857141
0.6277697558281545
0.08826923076923077
0.08835714285714236
0.4855714285714292
0.06066666666666709
0.28471993594505296
0.6015833333333331
1.6124999999999998
1.6277386086136083
0.1476428571428574
0.16169781616698486
0.33000333000333004
0.1651666666666669
0.07500000000000018
0.03000000000000025
0.01458333333333428
0.450961171061115
0.5744444444444445
0.14285714285714324
0.30733333333333324
0.34750000000000103
0.2833333333333332
0.06066666666666709
0.37226190476190446
0.8536363636363653
0.5486472138972136
0.12679759129759205
0.4836111111111112
0.19853171969035532
0.027067671458975262
0.2940000000000005
0.34041167166167163
0.19080555555555545
0.20166666666666622
0.5783333333333331
0.07320240870240813
0.1400198412698419
0.40091666666666725
0.1800000000000006
1.9459047619047611
0.1025079365079371
0.2932078237677356
0.1274999999999995
0.6669999999999998
0.08067460317460373
1.4435000000000002
0.44966666666666555
0.24299999999999944
0.3426153846153843
0.5073333333333334
0.35128644775296447
0.25833333333333286
0.2551957807670213
0.34254034570214653
0.24294444444444618
0.125
0.1370452079566009
0.20166666666666622
0.4504491725768327
0.27395604395604334
0.9359999999999999
0.1089285714285726
0.867
0.17226139138639152
0.2751666666666672
0.06893514554639779
0.3633333333333324
0.13247462050493386
0.054142857142856826
0.0838492063492069
0.26917559674507885
0.6611421374874062
0.07000000000000028
0.6244999999999994
0.14254034570214635
0.14833333333333343
0.20800000000000018
0.1875
0.8800000000000017
0.08050000000000068
0.5366666666666662
0.06192490842490983
0.09853171969035568
0.3200000000000003
0.4595852888586256
0.13999999999999968
0.3247539682539671
0.23466666666666658
0.1993329406152533
0.5899999999999999
0.16166666666666707
0.18805952380952373
0.38922504549933024
0.0251499437095406
0.8249999999999993
0.0
0.41500000000000004
0.10000000000000142
0.31470238095238035
0.15492156862745166
0.20999999999999996
0.17071428571428537
0.2612208043202964
0.26893514554639797
1.1516025641025633
0.057459654297853824
0.06333333333333346
0.20881457431457484
0.12533333333333374
0.05878030303030268
0.7173333333333334
0.20774892945041046
0.15859523809523868
0.20800000000000018
0.4008333333333338
0.28835714285714253
0.16026923076923083
0.21606358763810718
0.18526007844498338
0.24041471114137458
0.9655766237421375
0.5973333333333342
0.07166666666666721
0.2004999999999999
0.2283333333333335
0.2932078237677356
0.4609999999999994
0.432666666666667
0.3838401350971008
0.005601248264842873
0.3680000000000003
0.5434166666666673
0.7796428571428571
0.21616666666666617
0.13877919567970398
0.37355952380952306
0.006666666666666821
0.49916666666666654
0.6107321687656357
0.4247857142857141
0.03830218383301531
0.08526007844498285
0.4333333333333327
0.2010000000000005
0.19966666666666644
0.12940139076608403
1.055195780767022
0.2473154761904759
0.06666666666666732
1.0925000000000002
0.3767121212121207
0.08230194805194735
0.20774892945041046
0.3337229437229423
0.17958333333333432
0.031064854453601853
0.0641428571428575
0.4685000000000006
0.7877380952380957
0.36166666666666636
0.012000000000000455
0.10001948051947984
0.20083333333333364
0.32099999999999973
0.07050000000000001
0.5099999999999989
0.05227272727272769
0.2066666666666679
0.009999999999999787
0.8200000000000003
0.5185547785547779
0.0066666666666659324
0.37396248196248205
0.5736944444444436
0.1995833333333339
1.1056012482648434
0.2716666666666674
0.36704761904761796
0.2850095862528317
0.38393641236189247
1.5199999999999996
0.25438095238095304
0.5642539682539685
0.2425403457021469
0.40000000000000036
0.019813492063492255
0.2493333333333334
0.14480421923297815
0.23416666666666686
0.3068333333333335
0.43442337625786287
0.010000000000000675
0.23199999999999932
0.23299999999999876
0.5241428571428575
0.6290633727682113
0.6266666666666678
0.2512864477529648
0.2783333333333333
0.31188220113220133
0.18030158730158785
1.1982160689217425
0.224444444444444
0.03251814136627562
0.7926666666666673
0.4014682803096443
0.28500000000000014
0.17999999999999972
0.06233333333333402
0.13092725366421032
0.5998333333333346
0.14761399140075593
0.03472222222222232
0.09999999999999964
0.6530000000000005
0.3834166666666672
0.8129999999999997
0.17676652236652224
0.27000000000000046
0.035593663474468684
0.3266666666666662
0.2512864477529648
0.20066705938474705
0.1841267605633803
0.178439393939394
0.4300000000000006
0.2512864477529648
0.21399999999999952
0.047839814814814474
0.4596666666666662
0.20999999999999996
0.7850000000000001
0.09750292397660942
0.2122021279236277
0.06147887576846056
0.012678571428572205
0.4501428571428576
0.3412196969696968
0.13251814136627615
0.23398270713634517
0.20066705938474705
0.30900000000000016
0.28085714285714225
0.671666666666666
1.814
0.18916666666666604
0.0
0.22000000000000064
0.07923809523809489
0.10142857142857231
0.2323736257095712
0.6982160689217425
1.6927499999999993
0.5027602952602956
0.037666666666666515
0.4198923301642985
0.5898888888888889
2.861416666666665
0.10171897546897579
0.10066705938474652
0.3423333333333334
0.9152800640549472
0.3404999999999996
0.3006670593847467
0.0470000000000006
0.07321428571428523
0.17666666666666675
0.38888491449211404
0.2073333333333327
0.01499999999999968
0.33576313555725257
0.42666666666666586
0.4514736652236664
0.040000000000000036
0.05333333333333279
0.38393641236189247
0.03251814136627562
0.4521428571428574
0.9487135522470354
0.10066705938474652
0.665481240981241
0.9841666666666669
0.30818181818181856
0.35999999999999943
0.3733333333333331
0.03300000000000036
0.522115356865358
0.041441163848610074
0.28255555555555567
0.20342857142857174
0.4330000000000007
0.3221666666666678
0.274
0.645833333333333
0.4670476190476194
0.9882035011771855
1.0605492178963054
0.20000000000000107
0.2744761904761903
0.28916666666666657
1.0279301868452713
0.4198923301642985
0.2512864477529648
1.7637400066611653
0.3075000000000001
0.15581746031745958
0.3114407536907544
0.42738257575757643
0.19754426581845852
0.386678571428571
0.09439875173515677
0.5075000000000003
0.033333333333333215
0.1928717948717953
0.15250000000000075
0.16893514554639832
0.35041666666666593
0.5830000000000002
0.038333333333333997
0.28685714285714337
0.3858174603174609
0.07938095238095233
0.4190000000000005
0.34254034570214653
0.12966666666666704
0.3140476190476198
0.27206981315472945
0.04222222222222172
0.11077495450066976
0.046666666666666856
0.1967647058823534
0.08500000000000085
1.791666666666666
0.05412121212121157
0.1310648544536024
0.1529603174603169
0.3500000000000014
0.14716666666666534
0.3006670593847467
0.285260078444983
0.351238095238096
1.0595883283383287
0.15351041442217905
0.24900000000000055
0.6250000000000009
0.06450000000000067
0.36666666666666714
1.4993329406152531
0.23114181025945868
0.00774892945041028
0.06459018759018864
0.4782871572871574
0.048395342406476693
0.0
0.21449999999999925
0.08000000000000007
0.1266825396825384
1.0608333333333322
0.0600000000000005
0.11916666666666664
0.09000000000000075
0.42350000000000065
0.2333333333333334
0.4350000000000005
0.240411671661672
0.01615079365079275
0.2324746205049344
0.005249999999999311
0.022999999999999687
1.3892857142857142
0.961697080697081
0.005601248264842873
0.16893514554639832
0.02999999999999936
0.5840000000000005
0.20000000000000195
0.10876190476190484
0.04999999999999982
0.023750000000000604
0.0680000000000005
0.30966588966588926
0.6927307692307689
0.08384013509710098
0.3088145743145745
0.0804960317460317
0.11703846153846342
0.1690952380952382
0.17293232854102492
0.34824873711823745
0.12318181818181895
0.26021212121212045
0.2323736257095712
0.08690476190476204
0.18471993594505243
0.49933294061525313
0.1899999999999995
0.038285714285714256
0.39251845376845385
0.5962261904761919
0.7294013907660837
0.08999999999999986
0.2231859171424393
0.13666666666666671
0.9700000000000006
0.46249999999999947
0.0389999999999997
0.456666666666667
1.9919206349206355
0.13333333333333286
0.03251814136627562
0.17571428571428527
0.2660714285714283
0.03885786251259393
0.9425000000000008
0.23945078210369442
0.3958331807081805
0.46490476190476215
0.08583333333333343
0.527274509803922
0.49273076923076875
0.1238333333333328
0.14583333333333304
0.0699999999999994
1.7974999999999994
0.07000000000000028
0.07985714285714263
0.09225107054959025
0.20965476190476195
0.3000000000000007
0.8675253794950661
0.3043839733366056
0.22044188100341433
0.22666666666666657
0.09200000000000053
0.4024557341815411
0.26766666666666783
0.27206981315472945
0.34458333333333346
0.10906926406926498
0.17521428571428554
0.8956160266633946
0.06054921789630541
0.04535714285714132
0.04286868686868672
0.18526007844498338
0.05160465759352295
0.1869999999999994
0.2778410177418502
0.4115000000000002
0.1589999999999998
0.45866666666666767
0.6133333333333324
0.3850095862528313
0.0147399215550168
0.3100000000000005
0.5199999999999987
0.3266825396825386
0.6825238095238104
0.25321671913873
0.0996349206349203
0.05519578076702203
0.015000000000000568
0.09500000000000064
0.037333333333332774
0.1084848484848493
0.2662770562770582
0.3600000000000003
0.0
1.3362857142857143
0.38393641236189247
0.19361580086580066
0.16748185863372456
0.4737500000000008
0.26374000666116526
0.2771346021850585
1.4275000000000002
0.3378333333333332
0.013333333333333641
0.03251814136627562
0.10066705938474652
0.7449020382856713
0.11533333333333395
0.10166666666666657
0.31333333333333346
0.41249999999999964
0.653999999999999
0.29600000000000115
0.07400000000000073
0.5279301868452713
0.240000000000002
0.8699999999999992
0.15519578076702167
0.020441881003414153
0.32258333333333233
0.019000000000000128
0.11333333333333417
0.285260078444983
0.1756666666666673
0.052833333333333066
0.06748185863372402
0.2932078237677356
0.04999999999999982
0.11220212792362716
0.3147399215550166
0.008000000000000007
0.38922504549933024
0.28777658809140494
0.23579747570375353
0.0699999999999994
0.10679906204906153
0.3720698131547291
0.1612499999999999
0.16723809523809496
0.3614788757684604
0.8239914529914518
0.854000000000001
0.6077272727272733
0.2621355311355309
0.3533333333333326
0.03802597402597385
0.9089451659451662
0.08230194805194735
0.16416666666666657
0.2668333333333326
0.2609821428571415
0.29047619047619033
0.3160635876381077
0.332928571428571
0.4311111111111119
0.21989233016429832
0.3847199359450526
0.0932078237677354
0.20346434267486835
0.13945078210369477
0.05666666666666664
0.2850095862528317
0.16704761904761867
0.13092725366421032
0.00416666666666643
1.0310648544536019
0.7129999999999992
1.6598333333333324
0.26500000000000057
0.3720698131547291
0.3051666666666666
0.05321671913872983
0.37166666666666615
0.9115238095238096
1.0950000000000006
0.18799999999999972
0.6597389277389283
0.1498571428571429
0.3733333333333331
0.2375000000000007
0.5099999999999998
0.3037380952380957
0.27293232854102456
0.0600000000000005
0.026666666666665506
0.2458429265952482
0.63713725490196
0.040333333333333776
0.6190476190476186
0.2400000000000002
0.30975094024339356
0.1883571428571429
0.39611111111111086
0.21000000000000085
0.20399999999999974
0.06386899357951936
0.31220212792362734
0.06646969696969762
0.08393641236189264
0.12603751803751795
0.06333333333333346
0.21333333333333293
0.18742857142857172
0.01917857142857038
0.27503571428571405
0.2482487371182378
0.24041471114137458
0.0014682803096448538
0.0336547619047618
0.23316666666666652
0.21000000000000085
0.2638333333333325
0.3879567099567094
0.19490844822650555
0.11457142857142877
0.03766666666666563
0.19119047619047524
0.003888888888889497
0.3691755967450785
0.24783981481481465
0.12124999999999986
0.35483333333333267
0.20000000000000018
0.32174999999999976
0.2674818586337242
0.4029999999999987
0.047613991400755395
1.673583333333334
0.5027602952602956
0.10276029526029529
0.32161016949152543
0.25160465759352313
0.40060914085914057
0.054715093217333255
0.23852112423153926
0.32996717171717194
0.1229761904761908
0.37233333333333274
0.023185917142439116
0.02999999999999936
0.15366666666666617
0.13945078210369477
0.1565714285714277
0.26374000666116526
0.41316666666666624
0.4900000000000002
1.0219166666666668
0.22668253968253893
0.2550000000000008
0.02166666666666739
0.37320240870240795
0.005601248264842873
0.48080952380952535
0.22604395604395666
0.16000000000000014
0.21229763371639887
0.40249999999999986
0.05363636363636459
0.20000000000000018
0.2523860085992444
0.025000000000000355
0.39500000000000046
0.285260078444983
0.3891666666666662
0.08388888888888868
0.25333333333333297
0.2333333333333325
0.24800000000000022
0.32385277777777777
0.03251814136627562
0.024666666666666615
0.3019999999999996
0.08666666666666689
0.9834912280701742
0.3383333333333347
0.047551424501426354
0.20774892945041046
0.6941071428571437
0.06833333333333425
8.881784197001252e-16
0.21278571428571524
0.38833333333333364
0.21777777777777807
0.14933333333333376
0.2876984126984121
0.3877023662836008
0.5488849206349204
0.24700000000000077
0.4870277777777785
0.10833333333333339
0.379999999999999
1.2023809523809517
0.47799999999999976
0.9819047619047616
0.8596666666666666
0.205659732811049
0.0408333333333335
0.278083333333333
0.0887500000000001
1.2881177988677983
0.34133333333333304
0.373555555555555
0.309333333333333
0.5451074174363644
0.09233333333333338
2.1943402671889514
0.015573787409701723
0.04999999999999982
1.4013754211829657
0.35128644775296447
0.019999999999998685
0.2425403457021469
0.4209523809523814
0.10400000000000009
0.16762637429042826
0.20999999999999996
0.63713725490196
1.0023333333333344
0.43833333333333435
0.0426153846153845
0.40750000000000064
1.7278348704435658
0.039095238095237406
0.4029999999999996
0.07187499999999947
0.6458333333333339
0.2710714285714282
0.10066705938474652
0.53852112423154
0.17183333333333461
0.3463333333333338
0.18349122807017437
0.09999999999999876
0.0766666666666671
0.24333333333333318
0.16999999999999993
0.4133333333333331
0.03820512820512967
0.1383029193029195
0.27500000000000124
0.7623333333333333
0.33000000000000007
0.6106316526610645
0.1559999999999997
0.4089999999999998
0.2066666666666661
0.02316849816849853
0.8833333333333329
0.07000000000000028
0.7439999999999998
0.040000000000000036
0.14584292659524856
0.08407178932178905
0.23945078210369442
0.25804761904761886
0.4758896103896104
0.5199999999999996
0.3271041181041179
0.06866666666666621
0.22576190476190394
1.9000000000000004
0.17521428571428554
0.503333333333333
0.1720698131547289
0.24216666666666686
0.00264982308712991
0.018333333333333535
0.27000000000000046
0.7668571428571429
0.013500000000000512
0.21885714285714286
0.33237362570957174
0.5395238095238097
0.8483333333333345
0.5108333333333341
0.46420252429624664
0.09835317460317405
0.10400000000000098
0.20599999999999952
0.14766666666666595
0.1996753246753249
0.04999999999999982
0.3058333333333332
1.5585714285714287
0.02395238095238117
1.426626984126985
0.43747619047619146
0.5125000000000002
1.214739921555017
0.6066176470588234
0.10883333333333312
0.2746666666666657
0.05160465759352295
0.030927253664209786
0.3266666666666662
0.06333333333333346
0.09999999999999964
0.0611421374874066
0.020000000000000462
0.04016666666666602
0.08000000000000096
0.5099999999999989
0.34824873711823745
0.25855883615138975
0.29480952380952363
0.112690476190477
0.027619047619046988
0.41666666666666696
1.5489999999999995
0.01950396825396794
0.11603571428571335
1.8376666666666654
0.24431349206349218
0.5449020382856711
0.14925629925629824
0.1362599933388342
0.18750000000000178
0.10675000000000079
0.5077272727272728
0.20800000000000018
0.031141810259458502
0.41442857142857115
0.3677222222222225
0.028999999999999915
0.14833333333333432
0.3448042192329783
0.2258333333333331
0.10774892945040992
0.3478398148148152
0.128000000000001
0.207523809523809
0.008000000000000895
1.8475000000000001
0.2233333333333345
0.5538333333333343
0.2705986092339163
0.9566666666666661
0.23999999999999932
0.07223024417184565
0.21592821067821077
0.7000000000000002
0.33379786234437425
0.10774892945040992
0.2376666666666658
0.10833333333333339
0.3300833333333335
0.05666666666666664
0.8799999999999999
0.0829059274059274
0.02833333333333332
0.1589999999999998
0.31557378740970154
2.0
0.7099999999999991
0.6923571428571433
0.9020000000000001
0.30416666666666714
0.6316666666666677
0.49203418803418764
0.6291666666666664
0.5373333333333346
0.26810137085137065
2.016111111111111
0.285260078444983
0.12142857142857189
0.12833333333333385
0.2574596542978531
0.2652142857142845
0.1900000000000004
0.10000000000000053
0.1479999999999997
0.1900000000000004
0.18649999999999967
0.23945078210369442
0.9411428571428582
0.46914285714285686
1.258571428571429
0.031064854453601853
0.22799999999999976
0.31416666666666604
0.29185714285714326
0.044166666666666465
0.027834870443565585
0.38450000000000006
0.16000000000000014
0.03251814136627562
0.1310648544536024
0.12666666666666693
0.18936834733893626
0.8833333333333329
0.21083333333333432
0.00250793650793657
0.3090476190476181
1.2198333333333338
0.3182142857142862
0.07663762626262738
0.22819047619047517
0.23625999333883474
0.6133333333333342
0.12554761904761857
0.11350000000000104
0.8033333333333337
0.39566666666666706
0.3939296551401821
0.03866666666666596
0.036377192982455675
0.33000000000000007
0.11916666666666664
0.21059999999999945
0.03251814136627562
0.020000000000000462
0.04522619047619081
0.12318591714243965
0.13247462050493386
0.33070091587481354
0.1310519626572253
0.3202564935064949
0.19904761904761958
0.10555555555555607
0.11733333333333285
0.1546052631578947
0.473694444444444
0.27333333333333343
0.3335000000000008
0.4800000000000004
0.12844522144522053
0.20178393107825787
0.10400000000000009
0.2599999999999998
0.023852777777777945
0.0556666666666672
0.26917559674507885
0.45596872535971666
0.4636309523809521
0.4208333333333325
0.2267975912975917
0.2368737373737364
0.20399999999999974
1.1799999999999997
0.03161285936285907
0.39000000000000057
0.15351041442217905
0.32099999999999973
0.06991666666666685
0.2572803351189572
0.4300000000000006
0.22250000000000014
0.1033333333333335
0.40200000000000014
0.04587878787878896
0.53852112423154
0.10774892945040992
0.6689999999999996
0.28252380952381095
0.3614788757684604
0.1714285714285717
0.15791666666666693
0.23574603174603137
0.3310648544536017
0.7849999999999984
0.09108333333333274
0.11401515151515174
0.30874498746867207
0.03251814136627562
0.40679906204906136
0.04911363636363664
0.6542857142857157
0.19722222222222285
0.009999999999998899
0.198666666666667
0.2999999999999998
0.16762637429042826
0.2833333333333323
0.2984382284382292
0.004761904761904745
1.4299999999999997
0.1801666666666666
0.6393095238095228
1.426626984126985
0.24116666666666653
0.08412676056337975
0.017582775849881216
0.5027602952602956
0.005601248264842873
0.7041666666666675
0.07200000000000006
0.7595238095238095
0.08793333333333386
1.1289999999999996
0.12666666666666693
0.1024557341815413
0.5199999999999996
0.16917559674507832
0.01499999999999968
0.967626374290429
0.05399999999999938
0.237836547439489
0.7186904761904769
0.21000000000000085
0.14266666666666694
0.4066666666666663
0.031064854453601853
0.32385277777777777
0.6699999999999999
0.4307009158748132
0.2709285714285725
0.24733333333333363
0.41144075369075406
0.019999999999999574
1.805472934173669
0.13000000000000078
0.21184126984126905
0.06799999999999962
0.23439875173515734
0.14999999999999947
0.044166666666666465
0.2231859171424393
0.18799999999999972
0.08983333333333388
1.2666666666666675
0.07955811899658549
0.18471993594505243
0.49299999999999944
0.2649999999999988
0.07033333333333314
0.8924285714285718
0.20245573418154095
0.33749999999999947
0.009999999999999787
0.3099999999999996
0.23000000000000043
0.47521428571428537
0.0602500000000008
0.23754761904761867
0.20066705938474705
0.39333333333333353
1.3899999999999997
0.5627499999999994
0.7926666666666673
1.0126190476190473
0.44591339216339243
0.2512864477529648
0.2398809523809522
0.08000000000000007
0.2560714285714294
0.3448042192329783
0.1452133772660087
1.6353333333333335
0.6233623737373728
0.953333333333334
0.31077495450066994
0.3533333333333344
0.35000000000000053
0.020288600288599135
0.1387169684460723
0.4390476190476198
0.009999999999999787
2.0549999999999997
0.29439875173515695
2.0999999999999996
0.16748185863372456
0.4922222222222228
0.20774892945041046
8.881784197001252e-16
0.4970000000000008
0.04703968253968327
0.15047619047619065
0.18500958625283115
0.15499999999999936
0.3439898989898982
0.34254034570214653
0.10416426589283745
0.6101071428571423
0.04001984126984226
0.1512864477529643
0.27711904761904727
0.4862564102564111
0.645107417436364
0.02999999999999936
0.10983333333333345
0.005601248264842873
0.5904999999999996
0.23783333333333267
0.1633333333333331
0.005308641975308781
0.057000000000000384
0.005725804639117094
0.41267857142857167
0.196535657325132
0.04910714285714235
0.435666666666668
1.200000000000001
1.0912550125313274
0.5962261904761919
0.3553548118548111
0.5482487371182376
0.15745965429785347
1.211500000000001
0.005601248264842873
0.2595852888586254
0.61884126984127
0.274
0.05878030303030268
0.9533809523809529
0.0033333333333329662
0.3691755967450785
0.08366666666666678
0.3533333333333335
0.1558333333333337
1.8985317196903555
0.45566666666666755
0.16169781616698486
0.4547150932173327
1.77531746031746
0.10066705938474652
0.022865397814941346
0.12544256120527297
0.825972222222223
0.03920779220779291
0.6098333333333334
0.15244857549857382
0.23666666666666547
0.4133333333333331
0.16000000000000014
1.9999999999999991
0.48366666666666625
0.067499999999999
0.16250000000000053
1.2709366272317881
0.07499999999999929
0.5572222222222223
0.1683333333333339
0.03251814136627562
0.2770151515151529
0.3838401350971008
0.15752380952380918
2.660648809523809
1.355348593511751
0.019400488400488136
0.012523809523809604
0.06805411255411276
0.23000000000000043
0.4053928571428571
0.5899999999999999
0.013999999999999346
0.237916666666667
0.06654761904761841
0.19853171969035532
0.11800000000000122
0.07499999999999929
0.08000000000000096
0.8641428571428573
0.22152380952380923
1.0574596542978538
0.005601248264842873
0.3267662337662349
0.14140476190476114
0.6317938727938728
0.4278571428571425
0.015573787409701723
0.08800000000000097
0.0
0.044804219232978504
0.15074370074370158
0.2122021279236277
0.16893514554639832
0.3838401350971008
0.1614788757684602
0.41000000000000103
0.5392801268785545
1.1067921762322648
0.4926666666666666
0.4166666666666661
0.6993329406152533
0.26383333333333425
0.12833333333333385
0.007452380952379656
0.31989233016429885
0.2566666666666668
0.5059999999999993
0.03999999999999915
0.3020000000000005
0.6000000000000005
0.44583333333333286
0.13251814136627615
1.016063587638108
0.5350000000000001
0.3508333333333331
0.2500000000000009
0.8009166666666667
0.007500000000000284
0.293333333333333
0.2809999999999997
0.25833333333333286
0.7750000000000004
0.37957936507936463
0.3742342657342652
0.008333333333333748
0.5597389277389277
0.4492683982683987
0.1533333333333342
0.10800000000000054
0.16169781616698486
0.22548232323232398
0.5012499999999989
0.2054729341736694
0.01766666666666694
0.26917559674507885
0.041428571428570926
0.23166666666666647
0.08000000000000007
0.09500000000000064
0.1039999999999992
0.20164682539682577
0.15416666666666767
0.5605492178963054
0.2662857142857149
0.06748185863372402
0.5753174603174598
0.38393641236189247
0.0039999999999995595
0.29721428571428543
0.687666666666666
0.0631262626262643
0.15885714285714148
0.42666666666666675
0.07155451127819479
0.4077121212121204
0.17400000000000038
0.30366666666666653
0.26633333333333287
0.17666666666666675
0.025500000000000078
0.671666666666666
0.010575396825397654
0.2876984126984121
0.2482487371182378
0.9210101010101006
0.22940139076608368
0.3099999999999987
0.07500000000000018
0.6075238095238094
0.040000000000000036
0.19024905975660644
0.022440476190476843
0.23643686868686853
0.9540866078366079
0.5723333333333338
0.39320093795093847
0.06748185863372402
0.3195934065934054
0.20500000000000096
0.09653565732513147
0.039309523809524016
0.020000000000000462
0.269166666666667
0.7233333333333327
0.36464177489177363
0.3294013907660833
0.2621355311355309
0.044804219232978504
0.27180952380952483
0.6160635876381075
0.10625000000000018
0.11916666666666753
0.6149904137471687
0.5400000000000009
0.3033333333333328
0.3758896103896108
0.2323736257095712
0.15608333333333313
0.43049999999999944
0.1639999999999997
0.06893514554639779
0.5625000000000009
0.15738461538461568
0.10000000000000053
0.8449999999999998
0.005999999999999339
0.027666666666667616
0.36966666666666637
0.12940139076608403
0.5387791956797043
0.3860000000000001
0.012690476190477362
0.19500000000000117
0.35415707340475144
0.5858333333333334
0.4196984126984118
0.3006670593847467
0.285260078444983
0.0600000000000005
0.33070091587481354
0.33247462050493404
0.583333333333333
0.163333333333334
0.10066705938474652
0.2590476190476192
0.4107749545006696
0.5595852888586261
0.120000000000001
0.5122234119085949
0.5579999999999998
0.5628095238095234
0.20066705938474705
0.3899999999999997
0.16122080432029584
0.6499999999999995
0.5294013907660835
0.10916666666666686
0.21633333333333304
0.2026190476190477
0.9199999999999999
0.10571428571428587
0.1854761904761908
1.869130952380952
0.7833333333333332
0.15351041442217905
0.18526007844498338
1.0799999999999992
0.1133333333333324
0.35283333333333466
0.5
0.5392801268785545
0.42375000000000007
0.34254034570214653
0.06952380952380999
0.031064854453601853
0.1850000000000005
0.4440312746402837
0.06147887576846056
0.4666666666666668
0.48028571428571354
0.5332680375180381
0.1940917832167841
0.38922504549933024
0.003333333333332078
0.46054921789630576
0.48721428571428493
0.04001984126984226
0.2523333333333344
0.04535714285714132
0.2547777777777771
0.20770074696545304
0.9774285714285718
1.4688581897405415
0.03857142857142826
0.39263284347555505
0.06607936507936518
1.2228653978149415
0.23161285936285925
0.30033333333333356
0.3922992530345466
0.01666666666666572
0.02527310924369708
0.11778354978354866
0.14016666666666655
1.7314285714285713
0.5019999999999998
0.10565973281104846
1.4801076698357019
0.29933294061525295
0.22385277777777812
1.183546989070896
0.823833333333333
0.7956160266633949
0.0
0.3547866227339913
0.09706994089501819
0.21999999999999886
0.005601248264842873
0.04999999999999982
0.30416666666666625
0.15738461538461568
0.6950000000000003
0.10565973281104846
0.1943987517351573
0.33687373737373605
0.503636363636363
0.19821428571428612
0.16885818974054168
0.05792857142857155
0.38922504549933024
0.6125000000000016
0.04521337726600905
0.6700000000000008
0.6553485935117509
0.25321671913873
0.29166666666666696
0.7278348704435658
0.32500000000000107
0.3488174603174601
0.34799999999999986
0.47249999999999925
0.2973501769128708
0.053226190476190816
0.18666666666666654
1.3351666666666668
0.2344233762578627
0.09100000000000019
0.10607034485981792
0.29439875173515695
0.1839364123618923
2.8097509402433927
0.26021212121212045
0.3847199359450526
0.4641139971139978
0.04066666666666574
0.19966666666666733
0.009666666666666934
0.3556666666666679
0.37957936507936463
0.14000000000000057
0.2497777777777781
0.38922504549933024
0.20433333333333437
0.0932078237677354
0.3847199359450526
0.8566666666666656
0.13999999999999968
0.1383029193029195
0.3679166666666669
0.8758896103896108
0.587797872076373
0.15959523809523724
0.18232142857142897
0.4627052669552665
0.45816666666666617
0.04933333333333323
0.26147887576846074
0.20999999999999996
0.22000000000000064
0.9866666666666672
0.29028571428571315
0.7347500000000009
0.5971056998556996
0.3448042192329783
0.13004761904761875
0.5389444444444447
0.40679906204906136
0.04535714285714132
0.2850095862528317
0.36666666666666714
0.16762637429042826
0.26893514554639797
0.10818181818181838
0.1999999999999993
0.14839534240647723
0.07571428571428473
0.31833333333333336
0.07663762626262738
0.21416666666666728
0.01499999999999968
0.03082440325492186
0.3932499999999992
0.501666666666666
0.47678754578754656
0.40178393107825805
0.10733333333333306
0.016793650793650805
0.27000000000000046
0.2932078237677356
0.0902490597566068
0.751666666666666
0.010000000000000675
0.48733333333333295
0.018666666666666387
0.010000000000000675
0.3850000000000007
0.7883333333333322
0.397069940895018
0.1299999999999999
0.5074523809523797
0.020000000000000462
0.15351041442217905
0.18147741147741048
1.9186666666666659
0.2427196648810428
8.881784197001252e-16
0.33250000000000046
0.44266666666666765
0.33237362570957174
0.2705986092339163
0.4926309523809529
0.01566666666666716
0.26323809523809594
0.9115238095238096
0.8600000000000003
0.22297619047619133
0.24399999999999977
0.3362599933388344
0.21989233016429832
0.1547619047619051
0.2425403457021469
0.17355582253144153
0.3077489294504101
0.3149999999999995
0.3632380952380956
0.9100000000000001
0.7783333333333333
0.23161285936285925
0.11916666666666664
0.11571428571428655
0.05600000000000094
0.0699999999999994
0.06762637429042861
0.538333333333334
0.024999999999999467
0.14480421923297815
0.6463333333333336
0.18471993594505243
0.11989233016429868
0.19428571428571395
0.28384013509710115
1.4256666666666673
0.36666666666666803
0.1922510705495899
0.14480421923297815
0.10748154623154615
1.0974999999999993
0.2975000000000012
0.057500000000000995
0.4949999999999992
1.2034722222222225
0.040000000000000036
0.02999999999999936
0.5758333333333319
0.0016666666666669272
0.05750000000000011
0.28777658809140494
0.0699999999999994
0.3184761904761908
0.09001831501831514
0.025039682539683916
0.2525000000000013
0.650333333333335
0.1899999999999995
1.8789480519480515
0.13700000000000045
0.32500000000000107
0.4687777777777784
0.23625999333883474
0.24391666666666634
0.25
0.3932499999999992
0.5138333333333325
0.2741666666666669
0.10633333333333361
0.3683333333333323
0.24285714285714288
0.20999999999999908
0.6551957807670217
0.6190476190476186
0.13251814136627615
0.43166666666666664
0.027769755828154885
0.08526007844498285
1.8434999999999997
0.10333333333333439
0.2550000000000008
0.04999999999999982
0.12166666666666615
1.4883333333333333
0.3006670593847467
0.06299999999999972
0.2751428571428569
0.1492857142857149
0.120000000000001
0.004000000000001336
0.4053928571428571
0.08871428571428552
0.18966666666666576
0.10166666666666657
0.22290476190476216
0.5676263742904286
0.9554285714285724
0.48499999999999943
0.16999999999999993
0.8359999999999994
0.1512864477529643
0.1349999999999989
0.33999999999999986
0.14000000000000057
0.6279301868452709
0.14761399140075593
0.6199999999999983
0.42666666666666675
1.4107749545006696
0.7273168498168499
0.16499999999999915
0.09666666666666757
0.17360714285714263
0.3575000000000008
0.15745965429785347
0.06147887576846056
1.209999999999999
0.1596666666666664
0.10446969696969699
0.20899999999999963
0.040000000000000036
0.9692990841251872
0.2324746205049344
0.278142857142857
0.503333333333333
0.5119404761904764
0.21000000000000085
0.11000000000000032
0.29600000000000026
0.12662698412698514
0.3042857142857134
0.44785714285714207
1.0266666666666664
0.01666666666666572
0.19833333333333414
0.23125000000000018
0.9792380952380952
1.6116666666666655
0.06750000000000078
0.2932078237677356
0.3106666666666671
0.030083333333332796
0.5147399215550168
0.2514736652236662
0.3767121212121207
0.30276029526029546
0.5271041181041181
0.12666666666666604
0.026333333333332654
0.6910548340548335
0.34999999999999876
0.23000000000000043
0.5253928571428572
0.08805952380952409
0.0
0.2839364123618928
0.41194155844155844
0.33633333333333315
0.2705986092339163
0.01703846153846289
0.1711111111111121
0.34040476190476276
0.21965873015873072
0.16666666666666696
0.20774892945041046
0.10249707602339075
0.45699999999999985
0.2458429265952482
0.27999999999999936
0.24465140648824946
0.19583573410716237
0.27395604395604334
0.010333333333334416
1.0081666666666669
0.23935119047619047
0.20245573418154095
0.29000000000000004
0.6270676714589758
0.3760089910089901
1.127930186845271
0.5833333333333321
0.18922504549933006
0.2574427239427237
0.04999999999999982
0.4180606060606067
0.09626190476190466
0.1414411638486106
0.34541666666666604
0.46374000666116544
0.2999999999999998
0.40000000000000036
0.23666666666666547
0.5383021838330153
0.3949999999999996
0.05849999999999955
0.27395604395604334
0.12249999999999961
0.18983333333333352
0.2603809523809524
0.09850000000000048
0.43017857142857086
0.4066666666666663
0.3195934065934054
0.3225000000000007
0.04207142857142898
0.4551957807670215
1.1799999999999997
0.08471993594505278
0.4900000000000002
0.06671291671291613
0.0
0.4299999999999997
0.10499999999999954
0.06333333333333258
0.02133333333333365
1.1676666666666682
1.6499999999999995
0.2110000000000012
0.40218749999999925
0.3077489294504101
0.38083333333333425
0.556
1.9000000000000004
8.881784197001252e-16
0.32242352092352
0.4033333333333342
0.2641666666666662
2.7358860028860015
0.3000000000000007
0.7335769230769227
0.0259999999999998
0.1466666666666665
0.6764999999999999
1.166666666666667
0.7126267971379532
0.20804761904761904
0.30565973281104863
0.23106485445360203
0.16704761904761778
0.24480421923297868
0.020999999999999908
0.7087980352980354
0.0
0.011666666666666714
0.6634545454545453
0.2616666666666667
0.6459999999999999
0.37611399711399685
0.3487135522470357
0.2892250454993306
0.3180238095238108
0.22066666666666723
0.08700000000000063
0.7950000000000008
0.005601248264842873
0.16459018759018829
0.025972222222222285
0.22044188100341433
0.15519578076702167
0.245000000000001
0.45833333333333304
0.5962261904761919
0.36762637429042844
0.043999999999999595
0.1547150932173329
0.0699999999999994
0.5770952380952377
0.2679102564102571
0.15199999999999925
1.3150000000000004
0.20999999999999996
0.0556666666666672
0.2824172241501186
0.08777658809140476
0.0939444444444435
0.06216666666666626
0.07000000000000028
0.16893514554639832
1.2333333333333325
0.707523809523809
0.7761472222222219
0.23833333333333417
0.1856666666666662
0.1800000000000006
0.1900000000000004
0.11416666666666675
0.40200000000000014
0.6220000000000008
0.3780952380952378
0.1362599933388342
0.3966666666666674
0.12733333333333352
0.3651891996892003
0.5066666666666668
0.08199999999999985
0.24496298146298123
0.7289880952380958
0.20933333333333337
0.49568253968253906
0.2989638009049784
0.10000000000000053
0.18407142857142933
0.31526556776556625
0.642127450980392
0.025972222222222285
0.17681818181818088
0.16748185863372456
0.46133333333333226
0.5574596542978538
0.336131006420481
0.13388888888889028
0.13833333333333364
0.34254034570214653
0.5969999999999995
0.3448042192329783
0.8813333333333331
1.2186904761904769
1.386499999999999
0.05666666666666664
0.2525000000000004
0.5895000000000001
0.06726190476190474
0.2823019480519475
0.10866666666666802
0.261333333333333
1.397499999999999
0.44333333333333336
1.455499999999999
0.19166666666666732
0.032474620504934215
1.206666666666666
0.23514492753623095
0.35745965429785365
0.0
0.13679606625258778
0.16011904761904816
0.4330476190476187
0.0004166666666662877
0.0018333333333337976
0.39105659983291474
0.05883333333333329
0.4382857142857137
0.08499999999999996
0.1387169684460723
0.4488849206349208
0.22156060606060635
0.7050000000000001
0.1284454887218054
0.38396428571428665
0.6299999999999999
0.03877919567970434
0.932952380952381
0.22799999999999976
0.2933333333333339
0.14254034570214635
0.3614788757684604
1.2340277777777775
0.876666666666666
0.31788461538461554
0.035416666666668206
0.13180425733686452
0.03676652236652167
0.14555555555555522
0.601166666666666
0.2311111111111117
0.7766666666666655
0.3583333333333334
0.10666666666666558
0.8066666666666666
0.3099999999999996
0.07083333333333375
0.11499041374716867
0.0932078237677354
0.397069940895018
0.889206349206348
0.9636666666666676
0.04765476190476292
0.3765833333333335
0.5524126984126978
0.21352272727272759
0.38333333333333375
0.086666666666666
0.02333333333333254
0.21144075369075388
0.35519578076702185
0.49333333333333407
0.043999999999999595
0.041441163848610074
0.38393641236189247
0.4492683982683987
0.3743333333333334
0.2783333333333342
0.20438397333660507
0.3774999999999995
0.28455555555555456
1.0676263742904286
0.3722613913863917
0.10000000000000053
0.9549999999999992
0.027769755828154885
1.3585714285714285
8.881784197001252e-16
0.03251814136627562
0.13535822510822637
0.5
0.2299671717171714
0.6691666666666674
0.14333333333333353
0.8739999999999997
0.6317938727938728
0.06250000000000089
0.011642857142857288
0.11000000000000032
0.1373333333333342
0.46083333333333343
0.6399999999999997
0.6499999999999995
0.07663762626262738
0.08230194805194735
0.4055238095238094
0.33237362570957174
0.0011111111111112848
0.285260078444983
0.36666666666666714
0.5870277777777781
0.3077489294504101
0.3439999999999994
0.12447619047619085
0.0054729341736692305
0.3799999999999999
0.3919206349206359
0.041250000000000675
0.08835714285714236
0.2660714285714283
0.4216666666666651
0.5219047619047625
0.38737320286204646
0.230700915874813
0.2231859171424393
0.15800000000000036
0.07500000000000107
