0.18100000000000094
0.3100000000000005
0.5039999999999996
0.8017586859801433
0.2529999999999992
0.03508333333333358
0.21857142857142797
0.2649999999999988
0.36719007577952656
0.023333333333333428
0.08666666666666689
0.3966666666666674
0.2999999999999998
0.10175868598014404
0.2491413839451253
0.040333333333333776
0.11500000000000021
0.35733333333333395
0.19824131401985667
0.540166666666666
0.007499999999999396
0.5316666666666663
0.129999999999999
0.030000000000001137
0.19595238095238088
0.23792460317460318
0.19095238095238187
0.05862337662337591
0.46952380952380945
0.13719084273812943
0.14866666666666717
0.07916666666666661
0.0682222222222224
0.19824131401985667
0.1624019239865877
0.0990000000000002
0.8557142857142859
0.9726666666666661
0.44599848672139686
0.10750000000000082
0.10833333333333428
0.47666666666666746
0.5093780663780665
0.2738214285714271
0.1013948615014062
0.7999999999999998
2.5
2.0149999999999997
0.344066405816406
0.26933333333333387
0.1788815991776822
0.6853333333333342
0.4599999999999991
0.3216666666666672
0.2190000000000003
0.5036269841269831
0.47149440836940837
0.7183333333333337
0.5099999999999998
0.09894548438946593
0.7134285714285715
0.6593333333333344
0.060000000000001386
0.4915555555555553
0.5084444444444447
1.0893589743589738
0.4330000000000007
1.04
0.11900000000000066
0.4658974358974355
0.06034271284271231
0.8333333333333339
0.26191666666666613
0.05250000000000021
0.06488095238095237
0.16000000000000014
0.16416666666666568
0.5699999999999994
0.26500000000000057
1.1967471139971133
0.9422727272727274
0.0732857142857144
0.07500000000000107
0.6649999999999991
0.2166720036499461
0.11028571428571521
0.2973571428571411
0.33595238095238056
0.08833333333333382
0.05250000000000021
0.385714285714287
0.19023809523809554
0.07833333333333314
0.4008333333333347
0.19824131401985667
0.30019999999999936
0.2525209595645297
0.3745562770562767
0.2400000000000002
0.05999999999999961
0.5680000000000005
0.2027481684981689
0.5191666666666661
0.08999999999999986
0.15499999999999936
0.7490000000000006
0.12080555555555517
0.29733333333333256
1.6078095238095251
0.23166666666666735
0.16272413793103446
0.2891456108559787
0.20700793650793692
0.009469978550860958
0.009999999999998899
0.4246057569881092
0.3649999999999993
0.24812499999999993
0.3147575757575751
0.06543973171814965
0.7073690476190473
0.2120476190476186
0.3968888888888884
0.20785714285714363
0.3069999999999995
0.2600000000000007
0.2550000000000008
8.881784197001252e-16
0.3625000000000007
0.07054034123770947
0.23456026828185017
0.35983333333333434
0.15251823096388328
2.010640692640692
0.03540237540237534
0.3633333333333333
0.8345602682818498
0.5730063556360578
0.5929318181818184
0.18388888888888832
0.17685714285714393
0.1436666666666664
0.10175868598014404
0.5914999999999999
0.13833333333333275
0.19979487179487165
0.30371428571428627
1.4833333333333343
0.26583333333333403
0.241833333333334
0.21666666666666679
0.12695238095238093
0.45333333333333403
0.3873333333333333
0.10105451561053425
0.163333333333334
0.31916666666666593
0.23732562630897203
0.680595238095238
0.464666666666667
0.28133333333333344
0.16666666666666696
0.15981926406926394
0.1380952380952376
2.099068181818181
0.5271215451215454
0.924666666666667
0.7727777777777787
0.09824131401985614
0.0034764191154774693
1.3899999999999988
0.3149846503916187
0.019166666666667886
0.17833333333333368
0.33250000000000046
0.9000000000000012
0.2989454843894661
0.20809523809523967
0.137598076013413
0.23894922969187782
0.2502549088842194
0.45964186909581706
0.1583333333333341
0.8916897546897546
1.183461538461538
0.21750000000000025
0.23719084273812996
1.732266233766234
1.5460000000000003
0.495531635031635
0.27333053221288584
0.2543818542568541
0.03252952610750537
0.27140411255411223
0.4040186893190363
1.7375980760134127
0.2846190476190493
0.2982413140198563
0.6208333333333336
0.3899999999999997
8.881784197001252e-16
0.10016880341880352
0.19266666666666676
0.05285714285714338
0.9638253968253965
0.12849999999999984
0.5930000000000009
0.5959813106809637
0.34999999999999964
0.0955238095238089
0.21800000000000086
0.09133333333333393
0.2757978802265537
1.1345602682818505
0.42799999999999994
0.29666666666666774
0.14183333333333437
0.45286868686868686
0.30019999999999936
0.5010545156105337
0.26534523809523947
0.213809523809525
0.03114285714285714
0.4085506993006991
0.09500000000000064
0.17809523809523764
0.07000000000000028
0.4499999999999993
0.8746666666666663
0.3341778594212812
0.22891666666666577
0.03909157509157524
0.22138492063492077
0.037499999999999645
0.10175868598014404
0.08000000000000096
0.6066666666666674
0.1900000000000004
0.10367841356245311
0.3100000000000014
0.25653560985797785
1.9999999999999991
0.6427471804511296
0.07816666666666627
0.06207539682539753
0.23716666666666697
1.1203888888888898
0.13600000000000012
0.4150829725829732
0.293333333333333
0.4660238095238105
0.4746666666666659
0.0740476190476187
0.3428571428571425
1.6150000000000002
0.6627045707915267
0.11216666666666608
0.663619047619048
0.013333333333333641
0.09824131401985614
0.4671900757795271
0.36719007577952656
0.3150829725829736
0.16103520423131368
0.2982413140198563
0.36695238095238025
0.1714041125541126
0.19824131401985667
0.1086190476190465
0.0679306722689077
0.6363762626262615
0.001758685980143504
0.44669037940379397
0.001758685980143504
0.16999999999999904
0.04249999999999954
0.7325692574262908
1.349000000000001
0.3650000000000002
0.001758685980143504
0.13666666666666671
0.2375000000000007
0.2572528195488708
0.22558333333333458
0.2666666666666666
0.03000000000000025
0.0495000000000001
0.15166666666666728
0.0891456108559785
0.7526666666666664
0.11916666666666664
0.42983333333333373
0.0880303030303029
0.245000000000001
0.13966666666666683
0.06382539682539612
0.13999999999999968
0.04583333333333428
0.13334586901717227
0.33999999999999986
0.6208222222222215
1.2170865537970794
0.08202380952380928
0.41202464202464206
0.11498465039161854
0.13896479576868703
0.3135714285714286
0.5
1.2766666666666664
0.13403033078033122
0.03879797979797939
0.05251823096388364
0.5496800995548377
0.04083333333333439
0.028608946608946972
0.23583333333333378
0.13999999999999968
0.001758685980143504
0.04656480284421516
0.3185000000000011
0.2560000000000011
0.4045000000000005
1.861035204231313
0.010277777777779384
0.2933333333333339
0.25833333333333375
0.3366666666666669
0.3028695186431998
0.05031990044516199
0.23334586901717191
0.38149999999999906
0.27933333333333366
0.15500000000000025
0.10169587625165732
0.0
0.5589999999999993
0.26399999999999935
0.14833333333333254
0.6356060606060598
0.20391774891774794
0.21498465039161907
0.03286309523809461
8.881784197001252e-16
0.4393333333333347
0.08501534960838164
1.5269936443639418
0.2592619047619049
0.01745454545454539
0.10175868598014404
0.1144999999999996
0.7350000000000003
0.2963333333333331
0.09299206349206379
0.5972518315018309
0.039476190476191775
0.40564102564102544
0.09266666666666623
0.6630000000000003
0.13894922969187817
0.14166666666666572
0.43833333333333346
0.17999999999999972
0.3371908427381296
0.5226904761904754
0.4703333333333326
0.21122029196293912
0.4500000000000002
0.22483405483405505
0.09830412374834196
0.39816666666666745
0.049090909090907076
0.31734920634920716
0.025500000000000078
0.1707113997113998
0.032416666666666316
0.35191176470588204
0.3274999999999997
0.30700793650793656
0.3825000000000003
0.6051666666666682
0.8380000000000001
1.1333333333333337
0.4204166666666662
0.4028695186431994
0.04600000000000026
0.5200000000000005
0.10866666666666625
0.38707142857142784
0.030912698412699058
0.16941666666666677
0.10433333333333383
1.206666666666666
0.13333333333333375
0.14021214896214929
0.548571428571428
0.018333333333332646
0.15031990044516252
0.11000000000000032
0.05333333333333368
0.030584159084916962
0.13894922969187817
0.04346031746031631
0.370166666666667
0.22839743589743566
0.09666666666666668
0.10175868598014404
0.1280000000000001
0.1033333333333335
0.06666666666666643
0.14274718045112955
0.4999999999999991
0.565999999999999
0.13166666666666593
1.572499999999999
0.30983333333333274
0.21249999999999947
0.48583333333333467
0.40062121212121227
0.18766666666666687
0.15500000000000025
0.42996210407239843
0.3546666666666667
0.41857142857142815
0.11537142857142779
0.1900000000000004
0.001758685980143504
0.2933333333333339
0.5840000000000005
0.41999999999999993
0.23828571428571443
0.665
0.2982413140198563
0.22687839937839893
0.20500000000000007
0.4976190476190476
0.1658221405787188
0.033333333333333215
0.0015000000000000568
0.9820000000000002
0.03666666666666707
0.5572980528243683
0.12333333333333307
0.6057193362193356
0.08250000000000046
0.9994805194805192
0.17539424301189044
0.39072989360667254
0.8466666666666676
0.040000000000000036
0.22500000000000053
0.5363762626262618
0.009999999999999787
0.09666666666666668
0.519166666666667
0.4860555555555548
0.5883333333333329
0.7615476190476187
0.21365196078431303
0.19250000000000078
0.17000000000000082
0.5045000000000002
0.39000000000000057
0.3564999999999996
0.39333333333333265
0.04914138394512513
0.367470473892495
0.4499999999999993
1.6900000000000004
0.16999999999999993
0.022499999999999964
0.34905494505494516
0.9466666666666663
0.13042735042735032
0.12518507807981383
0.39633333333333365
0.26543973171814983
0.0
0.5971304813568006
0.14208333333333378
0.07732381507381536
0.30401868931903664
1.354
0.24053030303030365
0.46452380952381045
0.5877575757575748
0.4708333333333332
0.23416666666666686
0.23849999999999927
0.13719084273812943
0.016000000000000014
0.016688339131063934
0.06833333333333247
0.31668833913106376
8.881784197001252e-16
0.36187216215157303
0.02766666666666584
0.006499999999999062
0.25300252525252453
0.06511904761904841
0.42599999999999927
0.05873809523809559
0.33000000000000007
0.12168228847176188
0.02076190476190387
0.12333333333333307
0.22500000000000053
1.2216666666666658
0.5442244343891405
0.4308333333333332
0.6400000000000006
0.42085467980295643
0.120000000000001
0.2040186893190361
0.36634615384615365
0.11866666666666603
0.1238333333333328
0.5730063556360578
0.3333333333333339
0.09830412374834196
0.040000000000000036
0.21027777777777956
0.054999999999999716
0.5934999999999997
0.08501534960838164
0.02166666666666739
0.36665413098282773
0.08571428571428719
0.17149440836940855
0.2643939393939405
0.799480519480519
0.1626666666666674
0.23023777529301004
0.2937500000000002
0.2797619047619042
0.28666666666666707
0.6766666666666667
0.3329999999999993
0.1960822510822524
0.37380952380952426
0.3016958762516575
0.6116666666666664
0.1450073260073257
0.6358095238095238
0.023333333333333428
1.4666666666666668
0.05749999999999922
0.20286951864319924
0.6618126094839436
0.23816666666666553
0.2400000000000002
0.5534351971557854
0.24422443438914065
0.3149846503916187
0.2356060606060595
0.7615476190476187
0.31667200364994574
0.30677887553622885
0.23233333333333306
0.03666666666666707
0.38649999999999896
0.7538611111111111
0.29800000000000004
0.009999999999999787
0.26803980539584416
2.6269936443639414
0.2133333333333347
0.49707400932401047
0.09999999999999876
0.0
0.13200000000000056
0.5104404761904764
0.16000000000000014
0.4720000000000004
0.10000000000000053
0.38707142857142784
0.2978611111111107
0.05400151327860314
0.27737500000000015
0.1576666666666675
0.2129285714285718
0.0389999999999997
0.3033333333333337
0.16000000000000014
0.2500000000000009
0.27047619047619076
0.17733333333333334
0.29762878787878755
0.7383333333333342
0.18733333333333402
0.17390243902439106
0.133
0.3229999999999995
0.2245714285714282
0.5393333333333334
0.14857142857142946
0.25023809523809604
0.07000000000000028
0.39494444444444543
0.5683333333333334
0.0018094791926053233
0.012000000000000455
0.3916666666666666
0.2702197802197812
0.36103520423131297
0.19266666666666765
1.2669999999999995
0.016000000000000902
0.16267437369102833
0.31668833913106376
0.013333333333333641
0.34345238095238084
0.5099999999999998
0.022690476190475373
0.11666666666666625
0.9400000000000013
0.15161706349206305
0.16999999999999993
0.4671900757795271
0.6944880952380954
0.0891456108559785
0.9593333333333334
0.0
0.03480140692640621
1.4499999999999993
0.48249999999999993
0.2918527493209897
0.19333333333333336
0.2982413140198563
0.1615000000000002
1.4499999999999993
1.6600000000000001
0.13722222222222236
0.121428571428571
0.5153571428571446
0.30559523809523803
0.2989454843894661
0.663619047619048
0.38501534960838146
0.01499999999999968
0.19500000000000028
0.10175868598014404
0.10749999999999993
0.7400000000000002
0.033345869017171736
0.3694158409150834
0.20827288048042814
1.28245238095238
0.4156666666666675
0.2203888888888903
0.07333333333333414
0.02883333333333482
0.2982413140198563
0.3237867687867686
0.273006355636058
0.040000000000000036
0.3538611111111116
0.6337499999999991
0.1658221405787188
0.8066666666666675
0.3700000000000001
0.12699364436394234
0.42466666666666697
0.19824131401985667
0.5789285714285715
0.24973684210526326
0.645833333333333
0.14999999999999947
0.4983041237483423
0.11202464202464224
0.105833333333333
0.4005000000000001
0.16250000000000053
0.2822132034632041
0.5249999999999995
0.23500000000000032
0.6808333333333341
0.3674999999999997
0.2116580919080917
0.9659563492063494
0.10195634920634866
0.02938095238095162
0.08050000000000068
0.6628091572618704
0.08999999999999986
0.09824131401985614
0.33924999999999983
0.10175868598014404
0.1934523809523805
0.531428571428572
0.08307539682539655
0.24346439014202215
0.17250000000000032
0.2401666666666662
0.45729805282436864
0.1739628960221058
0.04404761904762022
0.14000000000000057
0.3099999999999996
0.11778679653679625
0.15964285714285698
0.010000000000000675
0.6288899474708289
0.4029259906759899
0.7166666666666668
0.15452380952380995
0.1897142857142855
0.5528686868686874
0.1849999999999996
0.05833333333333268
0.3084848484848486
0.32168228847176206
0.23719084273812996
0.4150000000000009
0.7491269841269839
0.005000000000000782
0.16900000000000137
0.3906666666666663
0.037333333333332774
0.1849999999999996
0.06283333333333285
0.38941891493439407
1.0158333333333331
0.23500000000000032
0.4272222222222215
0.3689999999999998
0.08249999999999957
0.23048888888888808
0.3124999999999991
0.13225518925518998
0.02857142857142847
0.5093780663780665
0.41999999999999993
0.12833333333333385
0.2525209595645297
0.38156826901169083
0.1161111111111115
0.3916666666666657
0.060000000000001386
0.024666666666665726
0.352666666666666
0.46921428571428514
0.03519047619047555
0.19185714285714361
0.18491702741702642
0.18999999999999861
0.24666666666666615
0.2550000000000008
0.038187390516056574
0.23250000000000082
0.1601428571428576
0.17999999999999972
0.26921428571428496
0.2896666666666663
0.3341778594212812
0.248388888888889
0.06399999999999917
0.8466666666666667
0.001758685980143504
0.23759807601341265
0.39999999999999947
0.16666666666666696
0.1961666666666666
0.14999999999999947
0.23058415908491714
0.03698857951889156
0.22909090909090857
0.2328888888888887
0.3886666666666674
0.10175868598014404
0.31060129821159244
0.1880502046972632
0.786015873015872
0.11315934065934119
0.005593699888224002
0.4671900757795271
0.493221124463771
0.1658221405787188
0.1212698412698403
0.5359523809523807
0.3286666666666669
0.4808333333333339
0.3650000000000002
0.9010545156105341
0.2288690476190478
0.14438095238095272
0.1719999999999997
0.3304273504273505
0.2016666666666671
0.06582214057871916
0.32333333333333325
0.2833116608689359
1.2603333333333335
0.07277256077256045
0.23722619047619098
0.018730158730158486
0.21763736263736355
0.4027481684981691
0.5455000000000005
0.18714285714285772
0.06799999999999962
0.1658221405787188
0.06750000000000078
1.1153571428571443
0.363833333333333
0.0983333333333345
0.21194979530273717
0.27408333333333346
0.09838095238095157
0.48666666666666636
0.19824131401985667
0.30787301587301474
0.2789126984126975
0.1800000000000006
0.2982413140198563
0.21342857142857152
1.3044761904761906
0.16301142048110862
0.2989454843894661
0.1800000000000006
0.42216666666666747
0.7725714285714291
0.1302377752930095
0.5805952380952384
0.04300000000000015
0.13818739051605622
0.4028695186431994
0.033345869017171736
0.4060000000000006
0.04868875053395172
0.2955238095238091
0.48400915750915807
0.16999999999999993
0.21847619047619027
1.4533333333333331
0.09824131401985614
0.46916666666666806
0.1695726495726495
0.2400000000000002
0.4287884615384616
0.43383549783549746
0.030000000000001137
0.9187301587301588
0.516
0.023333333333333428
0.19824131401985667
0.09824131401985614
0.2578730158730158
0.02286868686868715
0.6775000000000002
1.998043650793651
0.2751666666666672
0.22000000000000064
0.25031990044516217
0.05999999999999961
0.08999999999999986
0.20286951864319924
0.27342857142857113
0.21249999999999947
0.086666666666666
0.011666666666666714
0.48388888888888815
0.4800000000000004
0.15200000000000014
0.16616450216450218
0.44130952380952415
0.15499999999999936
0.1299999999999999
0.2982413140198563
0.4683333333333337
0.06280915726187075
0.007809523809524599
0.41816666666666613
0.30371428571428627
2.4000000000000004
0.5224999999999991
0.5916666666666659
0.010000000000000675
0.79
1.1224444444444446
0.2982413140198563
0.20679999999999943
0.001758685980143504
0.15926190476190527
0.011999999999998678
0.22866666666666635
0.40000000000000036
0.04249999999999954
0.6600000000000001
0.3483888888888895
0.3705403412377093
0.251611111111111
0.12733333333333263
0.12099999999999955
0.10968253968253894
0.2833333333333332
0.02999999999999936
0.2970740093240103
0.29000000000000004
0.04499999999999993
0.17906060606060592
0.548571428571428
0.43333333333333446
0.5346944444444448
0.24900000000000055
0.1633333333333331
0.09999999999999964
0.09598131068096372
1.1733333333333338
0.284880952380953
0.21498465039161907
0.5736666666666661
0.120000000000001
0.1918333333333333
0.001758685980143504
0.5381363636363634
0.3088675491175481
0.663619047619048
0.9900000000000002
0.44010600918689136
0.18501534960838129
0.26280915726187004
0.08333333333333304
0.16416666666666657
0.3381873905160564
0.020000000000000462
0.3800000000000008
1.5850153496083816
0.1200000000000001
0.011666666666666714
0.2141666666666664
0.2716666666666665
0.09713048135680058
0.09672727272727233
0.4618126094839434
0.10886754911754792
0.6485714285714277
0.5603333333333325
0.13178571428571395
0.5578571428571433
0.4740000000000002
0.33333333333333304
0.23078571428571504
1.9854054054054053
0.670715691396726
0.40367841356245293
0.40500000000000025
0.3388174603174612
0.3285
0.9450000000000003
0.002000000000001556
0.10499999999999954
0.11200000000000099
0.36953968253968217
0.2603427128427125
0.12767857142857153
0.08466666666666711
0.03023777529300986
0.2245714285714282
0.2926666666666664
0.3028695186431998
0.4403809523809512
0.26333333333333364
0.14035813090418348
0.44400000000000084
0.3217142857142852
0.36961111111111045
0.12378676878676842
0.1949999999999994
0.05142857142857071
0.03933333333333433
0.163333333333334
0.04866666666666575
0.05416666666666625
0.22346031746031692
1.6034764191154771
0.26582214057871933
0.13456026828185053
1.3269936443639425
0.20551190476190495
0.47666666666666746
0.6270000000000007
0.14499999999999957
0.39749999999999996
0.1150829725829734
0.14521326306543614
0.12333333333333307
0.09555519480519514
0.5812103174603163
0.5621666666666671
0.916666666666667
0.09999999999999964
0.22000000000000064
0.45980952380952367
0.2999999999999998
0.2711100525291714
0.4078333333333335
0.14249999999999918
0.5520000000000014
0.21785714285714164
0.1966666666666672
0.5694158409150836
0.05333333333333279
0.45476624841446966
0.3547619047619035
2.0029259906759895
0.048333333333332895
0.41194979530273734
0.4800000000000004
2.228608946608947
0.21498465039161907
0.18501534960838129
0.3149846503916187
0.005166666666667652
0.6850000000000005
0.2016666666666671
0.020000000000000462
0.5850153496083816
0.10061507936508018
0.3191666666666668
0.040000000000000036
0.1714041125541126
0.3371908427381296
0.371602564102564
0.024047619047618873
0.06333333333333346
0.10367841356245311
0.33813636363636324
0.23058415908491714
0.566416666666667
0.28943116715325967
0.35558075258075306
0.09185274932098952
0.1084848484848484
0.22666432032879502
0.21498465039161907
0.8400000000000007
0.1955
0.07396825396825424
0.49799999999999933
0.33529365079365103
0.12285714285714278
0.7400000000000002
0.41277777777777835
0.19713048135680022
0.05087301587301596
0.12666666666666782
0.18533333333333335
0.08383333333333365
0.32178571428571434
0.7629999999999999
0.04166666666666696
0.17714285714285793
0.1407857142857143
0.07111005252917124
8.881784197001252e-16
0.1658333333333335
0.38501534960838146
0.522444444444444
0.009999999999999787
0.2040186893190361
0.24620192307692257
0.27999999999999936
0.1734848484848488
0.7633333333333336
0.2382413140198567
0.2091666666666674
0.1999999999999993
0.06297481086165391
0.46699999999999964
0.2975000000000003
0.05279794658889614
0.016666666666666607
0.8433333333333328
0.33933333333333504
0.613666666666667
0.00038095238095259276
0.1302664835164835
0.2738095238095237
0.23929767642959732
1.8805357142857142
0.9405952380952387
0.013130952380952188
0.2891456108559787
0.5346944444444448
0.0891456108559785
0.2525209595645297
0.001758685980143504
0.2629999999999999
0.2865714285714285
0.6116666666666664
2.1266694677871145
0.2533333333333321
0.5095000000000001
0.07000000000000028
0.23719084273812996
0.17666666666666675
0.6106012982115923
1.4727777777777789
0.004118347338936346
0.6900000000000004
0.047940476190475145
2.7325295261075047
0.5813333333333333
0.2166883391310641
0.22687839937839893
0.37099999999999955
0.3733305322128855
0.16382539682539665
1.1899999999999986
0.6581818181818191
0.06207539682539753
0.24583333333333357
0.4008333333333338
0.23583333333333378
0.7200000000000006
0.5204413356251578
0.29783333333333406
1.25
0.20350000000000001
1.3880512820512818
1.2187301587301587
0.2427471804511292
0.23166666666666647
0.02883333333333482
0.5108543891440211
0.07516594516594566
0.07800000000000029
0.4012857142857147
0.7283333333333335
0.22607142857142914
0.001758685980143504
0.3323333333333327
0.07828571428571518
0.3416666666666677
0.38972222222222097
0.03833333333333311
0.36438095238095247
0.049523809523809526
0.2730476190476194
0.09824131401985614
0.10416666666666696
0.5519950980392165
0.6133333333333333
0.13166666666666682
0.04868875053395172
0.66597619047619
0.6809325396825399
0.1155384615384607
0.2978571428571435
1.585
0.11342857142857188
0.31668833913106376
0.28000000000000025
0.4016666666666664
0.25833333333333197
0.3408333333333333
0.05000000000000071
0.4370251891383461
0.016688339131063934
0.1980168752815814
0.1302377752930095
1.282213203463204
0.09883333333333333
0.0600000000000005
0.25511111111111084
0.7233333333333336
0.13818739051605622
0.026993644363941804
0.5199999999999987
0.23899999999999988
0.15199999999999925
0.17375000000000007
0.6264285714285709
1.847131313131313
0.9010545156105341
0.005047619047619634
0.36558333333333337
0.45466666666666633
0.17842857142857227
8.881784197001252e-16
0.4582857142857142
0.3327777777777774
0.128511904761905
0.43388095238095215
0.14880952380952372
0.25646428571428537
0.45031990044516235
0.1566666666666663
0.6627045707915267
0.2699999999999996
0.3866666666666658
0.4779166666666663
0.0
0.5299621040723981
0.33083333333333176
0.001758685980143504
0.5071190476190477
0.7166666666666668
0.3073333333333341
0.549666666666667
0.13963391680782955
0.838452380952381
0.7466666666666661
0.29172711951957186
0.828333333333334
0.04200000000000159
0.3411255411255407
1.1999999999999993
0.11664285714285683
0.33083333333333353
0.28499999999999925
0.4116580919080919
0.05200000000000049
0.10175868598014404
0.2866666666666662
0.016666666666666607
0.31912193674611267
0.5149999999999997
0.20976190476190482
1.4325295261075057
0.46000000000000085
0.3381873905160564
0.09600000000000009
0.25486193959248915
0.5732005259426725
0.033345869017171736
0.33933333333333326
0.3381873905160564
0.020000000000000462
0.6669999999999998
0.033345869017171736
0.5014285714285718
0.1156666666666668
0.3371908427381296
0.13666666666666671
0.32285714285714295
1.1600000000000001
0.14488888888888862
0.1211111111111105
0.37300635563605766
0.17000000000000082
0.613666666666667
0.6285055916305913
0.026952380952380395
0.001758685980143504
0.230833333333333
1.0033333333333347
0.10175868598014404
0.4833333333333334
0.004999999999999893
0.038127837848427326
0.13719084273812943
0.8629999999999995
0.0753942430118908
0.4486887505339521
0.43913978494623596
0.43075000000000063
0.08500000000000085
0.018500000000001293
0.5546666666666669
0.3211111111111098
0.10866666666666536
0.8379999999999992
0.5299999999999994
0.011142857142856677
0.061666666666666536
0.038015873015872614
0.0894311671532595
0.1931904761904768
1.6981847041847047
0.3571666666666662
0.48388888888888815
0.5671900757795267
0.7011666666666674
0.061035204231313145
0.2177867965367959
0.008310245310245712
1.4234999999999998
1.083333333333333
0.1200000000000001
0.1745000000000001
0.5121666666666664
0.5619047619047617
0.9001688034188033
0.009999999999999787
0.17999999999999972
0.2760277777777791
0.25333333333333297
0.6189999999999998
0.5366666666666662
0.4084523809523821
0.4812103174603166
0.2493333333333334
0.09499999999999975
0.3216000000000001
0.10175868598014404
0.2866666666666662
0.19588165266106383
0.1476190476190471
0.28041666666666565
0.5108543891440211
0.49581127042891726
0.04103174603174509
0.11266666666666669
0.22286868686868733
0.17688888888888865
0.31166666666666565
0.03456026828184999
0.2528686868686867
0.325185078079814
0.7800000000000002
0.05444444444444585
0.4152554112554121
0.3057362694516801
1.336666666666667
0.1435357142857141
0.11199999999999921
0.06582214057871916
0.02846428571428561
0.4912380952380957
0.32256607495069023
0.4548820028011198
0.29172711951957186
0.0600000000000005
0.3302377752930097
0.00416666666666643
0.007873015873014033
2.1627045707915267
0.7999999999999998
0.4502380952380953
0.31666666666666554
0.27692857142857186
0.16665413098282844
0.07277256077256045
0.22666946778711416
0.3609523809523818
0.19824131401985667
0.5020000000000007
0.12099999999999955
0.43847878703422083
0.40142857142857125
0.1739285714285721
0.20000000000000107
0.5144444444444431
0.27999999999999936
0.4105688328467405
0.14333333333333353
0.0891456108559785
0.49249206349206354
0.0891456108559785
0.3675714285714289
0.3266349206349206
0.0040186893190359285
0.4822132034632043
0.026993644363941804
0.26333333333333364
0.7410504201680661
0.11583333333333368
0.1708333333333334
0.001758685980143504
0.39999999999999947
0.5662777777777777
0.09824131401985614
0.2783333333333333
0.5407142857142864
0.41000000000000014
0.665
0.40249999999999986
0.038000000000000256
1.084744588744588
0.2989454843894661
0.050858616054875405
0.3442244343891403
0.6370251891383463
0.24018073593073552
0.1215833333333336
0.05161706349206341
0.013428571428571345
0.5299999999999994
0.23818739051605675
0.2711100525291714
0.3219999999999992
0.37602777777777874
0.5
0.08300000000000018
0.09824131401985614
0.8450000000000006
0.23058415908491714
0.008988095238095184
0.07933333333333259
0.18943116715326003
0.11778679653679625
0.2166883391310641
0.07071139971140017
0.1618126094839436
1.338452380952381
0.006778875536229023
0.36719007577952656
0.08488095238095283
0.001758685980143504
0.43400000000000016
0.2488611111111112
0.4486887505339521
0.237222222222222
0.019230769230768274
0.995531635031635
0.34666666666666757
0.2419999999999991
0.9262499999999996
0.025000000000000355
0.5416666666666661
0.2249791666666674
1.004999999999999
0.3733356796712046
0.43048888888888825
0.06399999999999917
0.02349999999999941
0.01835714285714385
0.2982413140198563
0.06833333333333336
0.1704329332947765
0.5841666666666665
0.37425793650793704
0.4028695186431994
0.23023777529301004
0.39999999999999947
0.31843173098830935
0.48300000000000054
0.1366666666666685
0.3350476190476188
0.26480952380952516
0.13818739051605622
0.32168228847176206
0.012500000000000178
0.4404166666666667
0.15327272727272767
0.175130952380953
0.7016190476190483
0.3411255411255407
0.8306904761904761
0.1302377752930095
0.6310194805194804
0.011220291962938944
0.13334586901717227
0.0
0.04171052631578931
0.8000000000000007
0.6105688328467407
0.6092619047619046
0.31668833913106376
0.3471313890787586
0.024999999999999467
2.1900000000000004
0.038478787034220474
0.359809523809524
0.27269696969696966
0.163333333333334
2.1000000000000005
0.26803980539584416
0.25
0.6483333333333334
0.19716666666666605
0.1352500000000001
0.45316666666666716
0.20700000000000074
0.07000000000000028
0.2230740786990788
0.1416666666666666
0.28500000000000014
0.598694805194806
0.20898809523809536
0.4719160561660569
0.11333333333333417
0.2982413140198563
0.13719084273812943
0.26534523809523947
0.3849999999999998
0.28943116715325967
0.13333333333333375
0.5175665029415022
0.2293809523809518
0.04916666666666547
0.10650000000000048
0.27930303030302994
0.23500000000000032
0.001758685980143504
0.30435714285714255
0.23334586901717191
0.4028695186431994
0.34499999999999975
0.1466666666666656
0.5572980528243683
0.502284271284271
0.08968885281385308
0.1305841590849166
1.2575000000000003
0.1880502046972632
0.02651515151515138
0.17208333333333314
0.232444444444444
0.10567460317460231
0.013159340659341545
0.09053002144913957
0.09824131401985614
0.16499999999999915
0.009999999999999787
1.0548333333333337
0.013333333333333641
0.36763131313131225
0.7125000000000004
1.0216666666666665
0.25
0.3371908427381296
0.1999999999999993
0.3099999999999996
0.030000000000001137
0.3800000000000008
0.7957142857142854
0.46799999999999997
0.6498333333333335
0.4039166666666665
0.1991666666666676
0.04499999999999993
0.3433333333333337
0.653435197155785
0.4392976764295975
0.1033333333333335
0.14833333333333343
0.16999999999999993
0.3100000000000005
0.21999999999999975
1.3372758620689655
0.4641666666666664
0.7366666666666664
0.26543973171814983
0.001758685980143504
0.5099999999999998
0.5860158730158718
0.7618126094839432
0.28000000000000114
0.19824131401985667
0.2019563492063492
0.014666666666666828
0.36665413098282773
0.3600000000000003
0.16761904761904756
0.20827288048042814
0.15500000000000025
0.7707738095238099
0.05869047619047585
0.10698809523809416
0.7105688328467403
0.2949523809523802
0.456666666666667
0.06941584091508357
0.023074078699078626
0.2891456108559787
0.13000000000000078
0.25333333333333385
0.3968888888888884
0.16500000000000004
1.0791666666666666
0.24974509111578058
0.8648809523809522
0.16666666666666696
0.11266666666666669
0.45899999999999963
0.5425238095238099
0.3302377752930097
0.4028695186431994
0.1351904761904752
0.041666666666666075
0.22102521820285048
0.001758685980143504
0.1577380952380958
0.44838888888888917
0.05233333333333334
0.12333333333333396
0.09652358088452306
0.2120476190476186
0.4491428571428573
0.13333333333333375
0.9832142857142854
0.32168228847176206
1.261571428571429
0.0692380952380951
0.067499999999999
0.2596190476190481
1.9799999999999995
0.019999999999999574
0.16976222470699032
0.021025218202850304
0.20286951864319924
0.1900000000000004
0.76280915726187
0.23456026828185017
1.0108543891440211
0.19661290322580616
0.09824131401985614
0.06382539682539612
0.22799999999999976
0.44285714285714217
0.8549999999999995
0.4815682690116905
0.8814999999999991
0.8563333333333327
0.3129999999999997
0.08000000000000007
0.2184317309883097
0.06280915726187075
0.3054630036630046
0.014984650391618892
0.41500000000000004
0.05999999999999961
0.08999999999999986
0.16999999999999993
0.9900000000000002
0.29499999999999904
0.15888888888888975
0.021904761904762537
0.11850000000000094
0.1168095238095237
0.2983333333333329
0.3528686868686872
0.9034764191154769
0.17971428571428572
0.0
0.002500000000000391
0.3841666666666663
0.5478690476190469
0.037598076013412474
0.03000000000000025
0.03719084273812978
0.48166666666666735
0.018333333333332646
0.3213849206349204
0.1673809523809524
0.839999999999999
0.06543973171814965
0.35279794658889685
0.25031990044516217
0.10000000000000142
0.10567460317460231
0.29818542568542483
0.26543973171814983
0.2965
0.3125
0.10175868598014404
0.1689999999999996
0.2932211244637708
0.18880952380952465
0.10062121212121244
0.6596190476190484
0.823833333333333
0.09141176470588341
0.23399999999999999
0.3475714285714293
0.8840091575091575
0.39000000000000057
0.057333333333334124
0.4287878787878787
0.43333333333333357
0.09416666666666718
1.376666666666667
0.28943116715325967
0.2840091575091579
0.39494444444444543
0.36665413098282773
0.0
0.45899999999999963
0.21999999999999975
0.006071428571429394
0.5547662484144702
0.03456026828184999
0.3857289654789655
0.1744007936507943
0.0038095238095241513
0.3699999999999992
0.01666666666666572
0.43400000000000016
0.07933333333333348
0.5822132034632039
0.011535714285714427
0.2866666666666662
8.881784197001252e-16
0.23023777529301004
0.28943116715325967
0.9850153496083811
0.8639999999999999
0.27396289602210544
0.6089999999999991
0.0699999999999994
0.5
0.26280915726187004
0.05600000000000005
0.42916666666666625
0.24073809523809508
1.2105688328467403
0.37792224960612053
0.020000000000000462
0.12007936507936368
0.2283333333333335
0.07000000000000028
0.5950000000000006
0.14333333333333442
0.6194999999999995
0.2499999999999991
0.001758685980143504
0.40333333333333243
0.001758685980143504
0.35619047619047617
0.26582214057871933
0.10169587625165732
1.2700000000000005
0.3325692574262904
0.23511904761904745
0.27500000000000036
0.12978571428571417
0.44150000000000134
0.6909999999999998
0.26240192398658735
0.09999999999999964
0.2499999999999991
0.5366666666666662
0.22082222222222114
0.21500000000000075
0.32044133562515764
0.08000000000000096
0.16416666666666657
0.13954545454545375
0.7451380604075108
0.01249999999999929
0.2345454545454544
0.06187216215157321
0.17111005252917177
0.17916666666666714
0.25139731617992567
0.15139731617992513
0.1566666666666663
0.03000000000000025
1.511949795302737
0.1473333333333331
0.12666666666666693
0.11357142857142843
0.11912193674611249
0.3328099242204736
0.26543973171814983
0.5683333333333334
0.14000000000000057
0.051311249466047926
0.16543973171815018
0.5993571428571434
0.014984650391618892
0.0019999999999997797
2.2288899474708286
0.09824131401985614
0.46000000000000085
0.009999999999999787
0.2434603174603165
0.22420211977344628
0.26301142048110826
0.055000000000000604
0.05985115925877693
0.06833333333333247
0.2935769230769232
0.35983333333333434
0.29172711951957186
0.06665413098282791
0.2907298936066729
0.5660000000000007
0.28066666666666595
0.10347641911547711
0.1009051226551243
0.19713048135680022
0.10866666666666713
0.024285714285714022
0.163333333333334
0.2842857142857138
0.6971304813568002
0.1558333333333337
0.09713048135680058
0.5683333333333334
0.20551190476190495
0.13083333333333336
0.5583333333333318
0.47111111111111015
0.3102857142857145
0.4789285714285718
0.18087806325388733
0.46799999999999997
0.20000000000000107
0.47149440836940837
0.13000000000000167
0.7766666666666673
0.09072989360667272
0.16870879120879145
0.16543973171815018
0.5336547619047618
0.1683333333333339
0.08164285714285757
0.23250000000000082
0.04583333333333339
0.16103520423131368
0.1770000000000005
0.2133333333333347
0.47000000000000064
0.5587380952380956
0.3733333333333331
0.029226190476190794
0.7082728804804281
0.18914561085597903
2.0058333333333325
0.2603427128427125
0.001758685980143504
0.8914493006993007
0.14794047619047568
0.1615212129657797
0.8899999999999997
0.013130952380952188
0.13896479576868703
0.6799999999999997
0.22869047619047667
0.20833333333333215
0.19824131401985667
0.36666666666666714
0.1739628960221058
0.06270457079152703
0.40133333333333354
0.13924999999999965
0.08501534960838164
0.10175868598014404
0.4756666666666671
0.6705403412377091
0.09988095238095251
0.06280915726187075
0.23000000000000043
0.19598131068096336
0.42699364436394216
0.3270989010989016
0.3460000000000001
0.24608730158730197
1.5220777503938798
0.4299999999999997
0.040000000000000036
0.14700000000000024
0.14533333333333331
0.7469974747474755
0.18268583609373046
0.12956706670522333
1.9649999999999999
1.1424999999999992
0.0389999999999997
1.2299999999999995
0.4040186893190363
0.6834761904761901
0.15251823096388328
0.19824131401985667
0.3034764191154773
0.30733333333333324
0.5822132034632039
0.0040186893190359285
0.47686111111111096
0.08499999999999996
0.014984650391618892
0.4949444444444451
0.001758685980143504
0.2578554853699382
0.3799999999999999
0.8920000000000003
0.8005000000000004
0.22500000000000142
0.6091666666666669
0.49428066378066404
0.020000000000000462
0.06900000000000173
0.16976222470699032
0.07121153846153838
0.620000000000001
0.3868406593406588
0.1633333333333331
0.04480952380952363
0.34276190476190393
0.6262499999999998
0.013333333333333641
1.1081472506790107
0.6900000000000004
0.001758685980143504
0.3884888444888448
0.46190584415584457
0.01699999999999946
0.7490476190476185
0.1293979266347689
1.1000000000000005
0.05466666666666686
0.3266349206349206
0.05999999999999961
0.06240192398658717
0.19824131401985667
0.6456181457431462
0.0894311671532595
0.27266666666666683
0.14952380952381006
0.15025490888421977
0.1963215864375476
0.10927010639332746
0.26743074257370925
0.13729542920847315
0.30401868931903664
0.10175868598014404
0.23719084273812996
0.9279696969696971
0.31668833913106376
0.08501534960838164
0.16838492063492083
0.6733333333333338
0.34523375158553016
0.2308333333333339
0.206666666666667
0.21488095238095184
0.001758685980143504
0.22566666666666801
0.0008333333333334636
0.8179999999999987
0.28866666666666774
0.21912193674611302
1.1206969696969695
0.2808333333333337
0.09333333333333282
0.3381873905160564
0.23206932773109212
0.014761183261183142
0.2711100525291714
0.262674373691028
0.9496388888888889
0.8941666666666661
0.1435714285714278
0.09824131401985614
0.30666666666666664
8.881784197001252e-16
0.11350000000000104
0.76280915726187
0.3305841590849168
0.022077750393879825
0.1485952380952389
0.08999999999999986
0.20000000000000018
0.8369047619047612
0.5373727644904109
0.3819480519480525
0.29762878787878755
0.02999999999999936
0.3097738095238096
0.2572528195488708
0.3519047619047617
0.2200793650793642
1.5940000000000003
0.7108543891440213
0.21747619047618993
0.09000000000000075
0.6578730158730162
0.2540015132786033
0.04999999999999982
0.27414285714285747
0.35933333333333284
0.2524285714285721
1.2400000000000002
2.626799474057327
0.019000000000000128
0.22158333333333324
0.11285714285714299
0.25333333333333297
0.24035813090418312
0.6211428571428588
0.08400915750915772
0.14500000000000046
0.007999999999999119
0.29499999999999904
0.2666666666666666
0.07750000000000057
0.2863015873015877
0.48265079365079266
0.3224999999999998
0.262674373691028
0.8783333333333339
0.2908333333333335
0.2580238095238103
0.48666666666666725
0.3316666666666661
0.16459762459762484
0.4112202919629393
0.2516666666666678
0.2894189149343944
0.3260000000000005
0.3305841590849168
0.001758685980143504
0.15426739926739952
0.4610352042313135
0.12007936507936368
0.47919444444444537
0.7629999999999999
0.08156826901169012
0.17333333333333378
0.4474790404354705
0.042500000000000426
0.04968009955483765
0.18501534960838129
0.5080600233100228
2.1100000000000003
0.5476666666666672
0.7199999999999989
1.2646666666666668
0.20286951864319924
0.5500000000000007
0.23456026828185017
0.0
2.894325396825397
0.6480049019607836
0.8235833333333336
0.31056883284674
0.10559369988822453
0.09999999999999964
0.07374999999999954
0.1965235808845227
0.1379999999999999
0.46790476190476227
0.27083333333333304
0.31016666666666737
0.017999999999999794
0.27738095238095095
0.11421052631578821
0.28666666666666707
0.21333333333333382
1.5799999999999992
0.07000000000000028
0.6499999999999995
0.03821428571428598
0.03633333333333333
0.3017586859801433
0.16000000000000014
0.13868181818181835
0.24443548387096659
0.09824131401985614
0.266346153846154
0.16500000000000004
0.18268583609373046
0.8083333333333318
0.1683333333333339
0.23000000000000043
0.1714041125541126
0.11599084249084246
0.23749999999999982
0.6500000000000004
0.23042735042735085
0.28805020469726283
0.12117857142857158
0.0012976190476194915
0.5736666666666661
2.1695238095238096
0.3771313131313123
0.40105451561053407
0.129999999999999
0.4850000000000012
0.3519047619047617
1.689
0.589999999999999
0.12699364436394234
0.08000000000000007
0.33999999999999897
0.3838888888888885
0.6694158409150832
0.29749999999999943
0.2627045707915272
0.6564826839826843
0.16999999999999993
0.3572980528243681
0.7555807525807525
0.09450000000000003
0.09969696969696962
0.01835714285714385
0.1733333333333329
0.3044683649683648
0.2982413140198563
1.4635000000000007
0.5283333333333324
0.21216666666666661
0.2400000000000002
0.06152121296577917
0.1466666666666674
0.5666541309828279
0.3700000000000001
0.8178333333333327
1.9666541309828283
0.25
0.1899999999999995
0.12815476190476094
0.03519047619047555
0.09202380952380906
0.47499999999999964
0.02983333333333338
0.11056883284674068
0.14868875053395225
0.7231666666666667
0.4950000000000001
0.11666666666666625
0.0996666666666659
0.0680000000000005
0.2606666666666664
0.3799999999999999
0.28152380952380973
0.1751659451659453
1.142261904761904
0.38941891493439407
0.2666666666666666
0.006778875536229023
0.17287845487845477
0.20642307692307682
0.2055555555555557
0.25139731617992567
0.1979999999999995
0.14238095238095294
0.09894548438946593
0.21912193674611302
0.14886111111111155
0.30327272727272714
0.16771428571428526
0.1211184008223185
0.020000000000000462
0.055000000000000604
0.15031990044516252
0.2623333333333333
0.19824131401985667
0.5610238095238103
0.5371428571428574
0.8833279963500544
0.14521326306543614
1.1250000000000009
0.29031746031746053
0.6699999999999999
0.39072989360667254
0.3503333333333334
0.3047928541187046
0.20485714285714263
0.09894548438946593
0.3639999999999999
0.7540000000000004
0.2999999999999998
0.28800000000000026
0.40866666666666696
0.4066666666666672
0.6000000000000014
0.41857142857142815
0.06582214057871916
0.42267618492618464
1.2575000000000003
0.9073333333333338
0.3953333333333333
0.04999999999999982
0.26924999999999955
0.3528686868686872
0.1745000000000001
0.41999999999999993
0.0033333333333338544
0.10926637251637317
0.35787301587301634
0.18577172096908967
0.2982413140198563
0.2833116608689359
0.08099999999999952
0.47603838266996323
0.5959813106809637
0.018500000000001293
0.015082972582973753
0.01499999999999968
0.03433333333333266
0.16000000000000014
0.3737738095238097
0.08066666666666666
0.16749999999999954
0.2166883391310641
2.184064935064936
0.5629166666666672
0.5304761904761905
0.09785714285714331
0.0699999999999994
0.2891456108559787
0.040000000000000036
0.2609841269841269
0.06543973171814965
0.049999999999998934
0.5899999999999999
0.511949795302737
0.13818739051605622
0.09999999999999964
1.5739166666666664
0.23000000000000043
0.33000000000000007
0.29499999999999993
0.3319615384615391
0.16350000000000087
0.5920000000000005
0.3649999999999993
0.7000000000000002
0.5116666666666667
0.5916666666666668
0.14014884074122325
1.2496800995548378
0.20559369988822418
0.1875000000000009
0.22666666666666657
0.28464285714285786
0.06899999999999995
0.05999999999999961
0.06333333333333435
0.19357692307692265
0.4280000000000008
0.23719084273812996
1.1983333333333324
0.0040186893190359285
0.3918333333333335
0.871999999999999
0.11664285714285683
0.10533333333333328
1.2850000000000001
0.24333333333333318
0.15812500000000007
0.5730063556360578
0.12333333333333396
0.38941891493439407
0.16543973171815018
0.033345869017171736
0.9590000000000005
1.2108543891440213
0.14666666666666828
0.04761904761904745
0.39785714285714224
0.016785714285714626
0.32238095238095266
0.06790476190476191
0.16558333333333408
0.5149999999999997
0.3028695186431998
0.31667200364994574
0.1658221405787188
0.20227586206896397
0.2878014184397166
0.8650000000000002
0.12922619047619044
0.05333333333333279
0.24968009955483783
0.18331166086893624
0.08000000000000007
0.22666666666666746
0.06392857142857
0.4940952380952375
0.21750000000000025
0.4683333333333328
0.31912193674611267
0.0135000000000014
0.2333333333333334
0.1200000000000001
0.44422443438914083
0.27013888888888804
0.03226309311603348
0.29000000000000004
0.31085438914402097
0.2918527493209897
0.41249999999999964
0.41416666666666746
0.3866666666666676
0.11316666666666642
1.1384523809523808
0.2883333333333331
0.7000000000000002
0.0965000000000007
0.42166666666666597
0.09823529411764742
0.1485952380952389
0.008018315018315292
0.0891456108559785
0.1733305322128853
0.1612020202020208
0.08999999999999986
0.3304273504273505
0.15833333333333321
0.16666666666666607
0.524285714285714
1.2038888888888888
0.29800000000000004
0.22338888888888864
0.7249999999999996
0.08866666666666756
0.1427019471756319
0.4642857142857144
0.3363333333333349
0.19824131401985667
0.29666666666666597
0.28893939393939405
0.5020000000000007
0.652000000000001
0.3342857142857145
0.5037142857142864
0.2539198606271764
0.7025000000000006
0.18834190809190776
0.30666666666666664
0.13900000000000023
0.26152121296577935
0.4368333333333334
0.4666666666666659
0.1699444444444449
0.03000000000000025
0.6804999999999986
0.2846031746031743
0.5191666666666661
0.4491666666666658
0.6285055916305913
0.7949615384615392
0.34117857142857133
0.29297619047618984
0.8849999999999998
0.20008874458874537
0.9019831247184182
0.7399999999999993
0.14035813090418348
0.1974999999999998
0.3646666666666665
1.0105688328467402
0.0649999999999995
0.45261538461538553
0.06957264957264986
0.1508730158730165
0.4671900757795271
0.001758685980143504
0.206666666666667
0.2575000000000003
0.3483333333333345
0.4733333333333336
0.20500000000000007
1.0916031746031747
0.12600000000000033
0.0330238095238089
1.4299999999999997
1.147503052503052
0.0
0.22939792663476855
0.3103704351204355
0.31666666666666643
0.3500000000000014
0.07857142857142829
0.02833333333333332
0.14000000000000057
0.4418333333333342
0.7639999999999993
0.3004166666666652
0.4800000000000013
0.01066666666666638
0.1612020202020208
0.1983041237483425
0.03901587301587295
0.021682288471762234
0.14014682539682433
0.1200000000000001
0.5159999999999991
0.29426373054832045
0.31122029196293965
0.25400000000000045
0.03500000000000014
0.08000000000000007
0.261226190476191
0.6363762626262615
0.19200000000000017
0.18488095238095337
0.20259588450764898
0.2555645161290334
0.00019999999999953388
0.1888571428571426
0.19824131401985667
0.370000000000001
0.3881904761904753
0.19833333333333325
0.7583333333333329
0.3716666666666679
0.18245238095238037
0.8737500000000002
0.08491702741702678
0.09652358088452306
0.18419913419913403
0.09250000000000025
0.1441666666666661
0.040000000000000036
0.10250000000000004
0.15785548536993854
0.4628091572618702
0.6895595238095238
0.46525000000000016
0.001758685980143504
0.2016666666666671
0.7498333333333331
0.1965235808845227
0.503333333333333
0.34499999999999886
0.29166666666666696
0.4392976764295975
0.23166666666666647
0.16916666666666647
0.2240000000000002
0.03023777529300986
0.2499999999999991
0.08750000000000036
0.40347641911547694
0.03000000000000025
0.16103520423131368
0.125
0.4081472506790105
0.2933333333333321
0.30833333333333357
0.13719084273812943
0.03000000000000025
0.40175868598014386
0.4730063556360582
0.11476118326118367
1.5732857142857144
0.19824131401985667
0.2320000000000002
0.07500000000000018
0.04214285714285637
0.132529526107505
0.19053002144913922
0.11283333333333356
0.05550000000000033
0.10899999999999999
0.4083968253968253
0.014984650391618892
0.012024642024641707
0.28433333333333266
0.19440476190476197
0.33000000000000096
0.022333333333332206
0.18221320346320447
0.3305841590849168
0.2350000000000012
0.08999999999999986
0.6633333333333331
0.10175868598014404
0.40999999999999925
0.14200000000000035
0.2638253968253963
0.08750000000000036
0.24166666666666625
0.21499999999999986
0.23388888888888903
0.24443548387096659
0.17000000000000082
0.23719084273812996
0.22827777777777758
0.1854924242424234
0.024999999999999467
1.3833333333333329
0.6420000000000003
0.33433333333333337
0.32313888888888886
0.6366666666666667
0.9080000000000004
0.27930303030302994
0.11498465039161854
0.5083333333333329
0.2844047619047627
0.0018145743145749904
0.11778679653679625
0.2982413140198563
0.11833333333333407
0.4089999999999998
0.0013235294117661667
0.13833333333333275
0.23792460317460318
0.3799999999999999
0.3572980528243681
0.27616666666666667
0.07333333333333414
0.8328571428571427
0.10175868598014404
0.08000000000000096
0.26158971583971624
1.2073333333333327
0.09824131401985614
0.7671428571428569
0.3434643901420218
0.06333333333333346
0.09713048135680058
0.19824131401985667
0.24066666666666592
0.17999999999999972
0.5600000000000005
0.5401807359307362
0.45899999999999963
0.3371908427381296
0.12928430860327378
0.020000000000000462
0.6999999999999993
0.16000000000000014
0.22666666666666568
0.05421052631578949
0.7053333333333329
0.2914493006993011
0.0
0.12124999999999897
0.6566666666666672
0.28410714285714267
0.13456026828185053
0.4193333333333342
0.1645256410256417
0.13217460317460272
0.11416666666666675
0.6708333333333334
0.1963215864375476
0.20999999999999908
0.05833333333333357
0.20200000000000085
0.37287845487845495
1.0899999999999999
0.0010545156105337128
0.2618928571428558
0.29172711951957186
0.056999999999999496
0.331666666666667
0.6860158730158723
0.4825000000000008
0.13792857142857162
0.16750000000000043
0.29172711951957186
0.36719007577952656
0.6799999999999997
0.19114285714285728
0.11498465039161854
0.17249999999999943
0.0887500000000001
0.22102521820285048
0.006333333333333968
0.11668833913106358
0.40999999999999925
0.4532088122605362
0.20500000000000096
0.4780238095238101
0.14914138394512477
0.726993644363942
0.2914117647058836
0.001758685980143504
0.13729542920847315
0.07383333333333386
0.28943116715325967
0.4612261904761912
0.2666541309828281
0.16976222470699032
0.3302377752930097
0.08935930735930775
0.36166666666666636
0.09830412374834196
0.06799999999999962
0.3833214285714295
0.23719084273812996
0.20142857142857196
0.10277777777777874
0.2067788755362292
0.20452380952380889
0.7727777777777778
2.071602564102564
0.12300000000000111
0.29632158643754725
0.19500000000000028
0.37300635563605766
0.3244045545098171
0.15282828282828298
0.13244444444444348
0.3943333333333321
1.367285714285714
0.9374999999999991
0.9333333333333336
0.29000000000000004
0.3723333333333345
0.07000000000000028
0.10000000000000053
0.03000000000000025
0.44073809523809526
0.4028695186431994
0.061202020202021146
0.46921428571428514
0.4565396825396837
0.24599848672139668
0.009999999999999787
0.3442244343891403
0.08999999999999986
0.08000000000000007
0.3366666666666669
0.03537770562770515
0.034000000000000696
0.005593699888224002
0.4500000000000002
0.14999999999999858
0.26152121296577935
1.3275734126984133
0.20000000000000107
1.4890000000000008
0.1275000000000004
1.5319601946041566
0.7591666666666663
1.1638253968253967
0.21033333333333282
0.3500674603174607
0.06666666666666643
0.3451666666666684
0.21056883284674033
0.1429411764705888
0.3028695186431998
0.45066666666666766
0.24274509803921696
0.31485714285714206
0.601758685980144
0.284761904761905
0.13500000000000068
0.31833333333333513
0.46314285714285663
0.7097619047619048
0.5493333333333332
0.6694158409150832
0.29800000000000004
0.2609841269841269
0.132714285714286
0.30466666666666686
1.2699999999999996
0.11668833913106358
0.03999999999999915
0.7200000000000006
0.001758685980143504
0.001758685980143504
0.28499999999999925
1.022444444444444
0.25666666666666593
0.20250000000000057
0.46941584091508304
0.25833333333333286
0.4048888888888893
0.3249603174603166
0.46747047389249463
0.0039999999999995595
1.3025958845076486
0.2944063001117758
0.3000000000000007
0.2443333333333335
0.21166666666666778
0.13000000000000167
0.038333333333333997
0.4184317309883099
0.03250000000000064
0.20999999999999996
0.8280000000000003
0.09824131401985614
0.49488888888888827
0.13333333333333375
0.13729542920847315
0.4018094791926048
0.06519859307359344
0.5104404761904764
0.08164285714285757
0.26152121296577935
0.17111005252917177
0.30271428571428505
0.13666666666666671
1.0133333333333328
0.3680000000000003
0.020666666666667055
0.10666666666666647
0.2783333333333333
0.5724999999999998
0.20999999999999908
0.17300635563605749
0.04249999999999954
0.4676313131313119
0.8379999999999992
0.551961538461538
0.1399999999999988
0.18419913419913403
0.3873333333333333
0.002500000000001279
0.09399999999999942
0.4033333333333333
0.6175238095238091
0.15000000000000036
0.2160000000000002
0.12333333333333307
0.27000000000000046
0.132529526107505
0.015990842490841928
0.04133333333333411
0.19716666666666605
0.28357142857142836
8.881784197001252e-16
0.3371908427381296
0.8133333333333335
0.21499999999999986
0.13226309311603401
0.18486904761904732
0.26500000000000057
0.4028695186431994
0.2866666666666662
0.4730063556360582
0.001758685980143504
0.8500000000000005
1.3019831247184186
0.42666666666666675
0.07460317460317523
0.3766666666666669
0.016688339131063934
0.2691666666666679
0.029333333333332767
0.37300635563605766
0.0
0.10000000000000053
0.2666666666666675
0.033345869017171736
0.04999999999999982
0.31668833913106376
0.4852424242424247
0.35166666666666657
0.0033333333333329662
0.09426373054832027
0.34000000000000075
0.0333333333333341
0.47392857142857103
0.1849999999999996
0.3200000000000012
0.5056410256410251
0.140493506493506
0.11476118326118367
0.15733333333333377
0.1351904761904752
0.10175868598014404
0.25333333333333297
0.18274999999999952
0.120000000000001
0.13333333333333375
0.6266666666666669
0.16695238095238008
0.10175868598014404
0.04857142857142893
0.7153809523809507
0.042500000000000426
0.09830412374834196
0.22312499999999957
0.2666666666666666
0.3106666666666662
0.18583333333333307
0.3513973161799253
0.3966666666666665
1.1333333333333329
0.16999999999999904
0.171153846153846
0.2233333333333336
0.4040186893190363
0.6640000000000006
0.43069047619047574
0.5401904761904763
0.4426666666666659
0.04500000000000082
0.1349999999999989
0.4709999999999992
0.5641666666666669
0.08577172096908914
0.9483829365079366
0.16534523809523893
0.14346439014202161
0.07671428571428596
0.41666666666666696
0.004285714285714448
0.10278571428571404
0.47666666666666657
0.5666666666666682
0.24608730158730197
0.1931904761904768
0.15500000000000114
0.19824131401985667
0.21797619047619055
0.8351127819548871
0.4900000000000002
0.024333333333332874
0.3594444444444447
0.5120000000000005
0.04999999999999982
0.6496800995548373
0.9826666666666659
0.09824131401985614
0.25666666666666593
0.37783333333333324
0.08500000000000085
0.12199999999999989
0.35952380952381
0.34000000000000075
0.1354743589743581
0.2401488407412229
0.6853571428571428
0.4112202919629393
0.49713048135680094
0.21850000000000147
0.2166883391310641
0.11333333333333329
0.24931349206349296
0.34270194717563207
0.0596418690958167
0.20333333333333314
0.06207539682539753
0.12045634920634907
0.1743164058164064
0.07857142857142829
0.10250000000000092
0.2999999999999998
0.16000000000000103
0.2908333333333326
0.5299999999999994
0.21754761904762
0.1714041125541126
0.5103704351204357
0.07600000000000051
0.6710000000000003
0.21114285714285774
0.43897619047618974
0.21124999999999972
0.3149846503916187
0.12420211977344664
0.2575000000000003
0.4730063556360582
0.1348333333333338
0.33999999999999897
0.163333333333334
0.3044683649683648
0.9739404761904762
0.19202068764568825
0.05999999999999872
0.12153249120160936
0.3773749999999998
0.4400000000000013
0.2075595238095227
0.5423095238095232
0.5608196248196249
0.330460317460318
0.05428571428571427
0.24346439014202215
0.16500000000000092
0.8170833333333327
1.75
0.49428066378066404
0.1299999999999999
0.850666666666668
0.13818739051605622
0.27639285714285666
0.28711111111111
0.28250000000000064
0.04830339105339121
0.39494444444444543
0.4606897546897555
0.04499999999999993
0.08333333333333304
0.35999999999999854
0.5999999999999996
1.4641666666666673
0.47066666666666634
0.11500000000000021
0.2891456108559787
0.25139731617992567
0.4509090909090929
0.09713048135680058
0.033345869017171736
0.2610507703081222
0.15964186909581723
0.24666666666666703
0.36714285714285744
0.3120246420246424
0.21249999999999947
0.30833333333333357
0.11900000000000066
0.3789285714285713
0.16283333333333339
0.03456026828184999
0.1751659451659453
0.16999999999999993
0.09933333333333394
1.1071190476190473
0.8866666666666658
0.005511904761904773
0.3674999999999997
0.2654999999999994
0.4393333333333347
0.07000000000000028
0.3028695186431998
0.2478181818181815
0.11283333333333356
0.2105555555555565
0.12666666666666693
0.4900000000000011
0.16049999999999986
0.14516666666666822
0.1175000000000006
0.26747047389249445
0.1341666666666672
0.23719084273812996
0.037025189138346626
0.10175868598014404
0.3993333333333329
0.067499999999999
0.1739628960221058
0.20124999999999993
0.44232142857142875
8.881784197001252e-16
0.7799999999999994
0.2985833333333323
0.001758685980143504
0.5571428571428578
0.22420211977344628
0.6351904761904752
0.3360000000000021
0.004333333333332412
0.16543973171815018
0.1466666666666656
8.881784197001252e-16
0.001758685980143504
0.48388888888888815
0.0753942430118908
1.7350000000000003
0.5262500000000001
0.5373256263089718
0.7200000000000006
0.19713048135680022
0.17713131313131303
0.09185274932098952
0.43046031746031765
0.05799999999999983
0.0766666666666671
0.45899999999999963
0.6273333333333326
0.009270106393327815
0.6006150793650802
0.1674704738924948
0.186869047619048
1.0140476190476182
0.26543973171814983
0.8549999999999986
0.015000000000000568
0.186869047619048
0.08488095238095283
0.5280000000000005
0.0019999999999997797
0.27559544549018256
0.1309126984126996
1.3266666666666662
0.09824131401985614
0.4575555555555555
0.27000000000000046
0.8363762626262616
0.06941584091508357
0.2571428571428571
0.17687500000000078
0.10500000000000043
0.13580952380952382
0.6363762626262615
0.008166666666666877
0.14300000000000068
0.16733333333333356
0.15161706349206305
0.17000000000000082
0.18404761904761902
0.2439285714285715
0.08099999999999952
0.36380952380952536
0.41999999999999993
0.05031990044516199
0.4691666666666663
0.01928571428571413
0.4392976764295975
0.2140000000000004
0.22138888888888886
0.26747047389249445
0.06240192398658717
0.04999999999999982
0.1156666666666668
0.6763333333333339
0.03023777529300986
0.020000000000000462
0.033345869017171736
0.2891456108559787
0.2623333333333333
0.001758685980143504
0.14747904043547067
0.21499999999999986
0.11300000000000043
0.1921818181818189
0.5686547619047619
0.003272727272727316
0.2127380952380955
0.3533333333333326
0.4085506993006991
0.02076923076923176
0.12568359418359432
0.3125000000000009
0.08833333333333382
0.36695238095238025
0.37950000000000017
0.3838888888888885
0.48550000000000004
0.055523809523808865
0.2616666666666667
0.33702518913834645
0.001758685980143504
0.10000000000000053
0.5692380952380951
0.12159999999999993
0.030584159084916962
0.09999999999999964
0.520666666666667
0.583333333333333
0.08066666666666755
0.32833333333333314
0.010854389144021148
0.4479999999999995
0.16543973171815018
0.08999999999999986
0.05416666666666714
0.001758685980143504
0.23388888888888903
0.1993333333333327
0.11500000000000021
0.6150829725829734
0.08961904761904727
0.16870879120879145
0.8153571428571444
0.3249999999999984
0.05833333333333357
0.6641904761904769
0.09999999999999876
0.22500000000000053
0.11059523809523775
0.1416666666666666
0.05252095956452951
0.03483333333333416
0.0
0.4441666666666677
0.06392857142857
0.18291344620292005
0.07595238095238077
0.49875000000000025
0.5732005259426725
0.12928430860327378
0.13666666666666671
0.5900000000000007
0.3694158409150834
0.41000000000000014
0.008867549117548279
0.7050476190476198
0.26240192398658735
0.11714285714285655
0.30166666666666675
0.2752380952380955
0.44399999999999995
0.11498465039161854
0.27999999999999936
0.20666666666666522
0.4730063556360582
0.1900000000000004
0.6359523809523813
0.16666666666666607
0.19666666666666632
0.20333333333333314
0.07450000000000045
0.10322871572871595
0.40083333333333293
0.04333333333333389
0.11800000000000122
0.3520000000000003
0.040000000000000924
0.37897478179714916
0.2547867369345642
0.2989454843894661
0.1894189149343939
0.10504761904762017
0.2975000000000012
0.3305841590849168
0.33250000000000046
0.08501534960838164
0.5918364968364971
0.06491666666666696
0.2527979465888963
0.674261904761905
0.370000000000001
0.4040186893190363
0.4392976764295975
0.3055119047619046
0.05600000000000094
0.3483888888888895
0.418333333333333
0.40307142857142786
0.25
0.3100000000000005
0.22603710397789456
0.04968009955483765
0.34523375158553016
1.5839285714285714
0.08250000000000046
0.08266666666666644
0.1250000000000009
0.02157142857142791
0.33999999999999897
0.53456026828185
2.3
0.4272222222222215
0.1875
0.3460000000000001
0.22800000000000065
0.273335679671205
0.24683333333333302
0.9220777503938793
0.7065000000000001
0.23719084273812996
0.2982413140198563
0.4498333333333333
0.019999999999999574
0.10968253968253894
0.15499999999999936
0.20000000000000018
0.03666666666666707
0.3125
0.48666666666666636
0.06666666666666643
0.6292886002886
0.26747047389249445
0.3295670667052235
0.3564285714285722
0.6666541309828284
0.0894311671532595
0.22666666666666657
0.3564642857142859
0.20500000000000007
0.40780952380952495
0.059166666666667034
0.08416666666666739
0.009378066378066485
0.25719047619047686
0.3699999999999992
1.511949795302737
0.1051666666666673
0.5166785714285709
1.7733333333333334
1.1638253968253967
0.23023777529301004
0.5533333333333319
0.09250000000000025
0.17846750879839135
0.30166666666666675
0.13666666666666671
0.3973333333333331
0.046666666666666856
0.12983333333333302
0.05000000000000071
0.03249999999999975
0.18914561085597903
0.29749999999999943
0.3503333333333334
0.2654999999999994
0.9180952380952379
0.839657287157288
1.8900000000000006
0.9370833333333328
0.029523809523809064
0.07285714285714384
0.6361904761904746
0.3825000000000012
0.33929767642959785
0.27140411255411223
0.21667857142857105
0.12583333333333258
0.4758333333333331
0.16016666666666612
0.14900000000000002
0.5694158409150836
0.2035714285714283
0.16301142048110862
0.20000000000000107
0.3159523809523819
0.40000000000000124
0.13417785942128102
0.04083333333333439
0.1262936507936505
0.5231111111111115
0.5766666666666671
0.31533333333333324
2.204476190476191
0.04464285714285765
0.5139393939393937
1.7033333333333331
0.18583333333333307
0.30926637251637334
0.07165178571428577
0.6999999999999993
0.3305841590849168
0.4349999999999996
0.3056746031746025
0.1800000000000006
0.45785548536993836
0.7166666666666668
2.079194444444445
0.30666666666666753
0.3248333333333324
0.24535714285714327
0.20446836496836518
0.41600000000000037
0.01511904761904681
0.39833333333333254
0.02833333333333332
0.28500000000000014
0.3916031746031745
0.21525541125541192
0.6262500000000006
0.38400000000000034
0.09113245088245225
0.8795586643748416
0.022666666666666835
0.04035813090418294
0.23334586901717191
0.1366984126984132
0.07099999999999973
0.12833333333333385
0.09666666666666668
0.36495238095238136
0.6610507703081225
0.557500000000001
0.851
0.48099999999999987
0.6013333333333337
0.0016190476190480751
0.15252095956453005
0.03000000000000025
0.8137499999999989
0.35714285714285676
0.5899999999999999
0.10599999999999987
0.3294596587622909
0.1618126094839436
0.27999999999999936
0.22383333333333333
0.18333333333333357
0.5533333333333328
1.0533333333333328
0.009999999999999787
0.2521818181818185
0.013333333333332753
0.47199999999999953
0.1628091572618704
0.18350000000000044
0.2111904761904757
1.7999999999999998
0.8329166666666667
1.0516111111111108
0.20886754911754846
0.12699364436394234
0.028690476190476488
0.10347641911547711
0.3305841590849168
0.11875000000000036
2.039999999999999
0.3884999999999996
0.19250000000000078
1.1559999999999988
0.23058415908491714
0.08333333333333393
0.1628091572618704
0.8300000000000001
0.7833333333333332
0.27047619047619076
0.11981746031746088
0.39999999999999947
0.019121936746112844
0.1897142857142855
0.011220291962938944
0.24833333333333485
0.1921818181818189
0.22603710397789456
0.2666666666666666
0.23399999999999999
0.3369885795188914
0.03000000000000025
0.6828571428571433
0.8490000000000002
0.5549999999999997
0.0829134462029204
0.2982413140198563
0.7627045707915272
0.040000000000000924
0.1302377752930095
0.6596666666666664
0.23000000000000043
0.3876724386724373
0.4373727644904104
0.4499999999999993
0.1508730158730165
0.04454545454545489
0.19099999999999984
0.04968009955483765
0.04150000000000009
0.23399999999999999
0.1707113997113998
1.1719999999999997
0.5736666666666661
0.03233333333333288
0.29000000000000004
0.029333333333333655
0.48252380952381024
0.9651666666666658
0.05828571428571472
0.04495238095238019
0.24714285714285644
0.26941584091508286
0.2177867965367959
0.28943116715325967
0.007007936507936741
0.21266666666666634
0.4926666666666675
0.22699364436394198
0.49906818181818124
1.173333333333333
0.0034764191154774693
0.19666666666666632
0.3650000000000002
0.40000000000000036
0.011428571428571566
0.1194999999999995
0.5943333333333323
0.1250000000000009
0.30166666666666675
0.2116666666666669
0.004999999999999005
0.08501534960838164
0.2944444444444443
0.01933080808080856
0.36336904761904876
0.21583333333333332
0.007999999999999119
0.5547662484144702
0.4400000000000013
0.3371908427381296
0.08999999999999897
2.5404841269841274
0.2246666666666668
0.46000000000000085
0.23537770562770532
0.04886111111111102
0.2708333333333339
0.4758333333333331
0.5706020733652313
0.6850153496083813
0.13334586901717227
0.6906666666666661
0.4300000000000006
0.28049999999999997
1.673285714285715
0.3305841590849168
0.15666666666666718
0.04999999999999982
0.2190000000000003
0.5038333333333336
0.26500000000000057
0.09666666666666668
0.4028695186431994
0.20500000000000096
0.2851666666666661
0.28541666666666643
0.48625000000000007
0.2389346764346767
0.3849999999999998
0.23666666666666636
1.0299999999999994
0.49849999999999994
0.4732005259426728
0.07249999999999979
0.0
0.0
0.08499999999999996
0.31940476190476197
0.29916666666666814
0.18661471861471934
0.09499999999999975
0.03500000000000014
0.04500000000000082
1.2354743589743578
0.07176190476190492
0.3120246420246424
0.022333333333333094
0.132714285714286
0.5809325396825402
1.0055000000000005
0.4206666666666674
0.4028695186431994
0.20181529581529567
0.3328099242204736
0.13678571428571384
0.05486193959248897
0.057916666666666394
0.07732381507381536
0.001758685980143504
0.14500000000000046
0.21000000000000085
0.07692592130092102
0.047481769036116894
0.24554359529359537
0.2500000000000009
0.3016958762516575
0.11249999999999982
0.19824131401985667
0.1510277777777782
0.041726190476190084
0.120000000000001
0.40000000000000036
1.3412619047619048
0.5208222222222219
0.23441666666666627
0.2599999999999989
0.3371908427381296
0.10999999999999854
0.1382857142857148
0.3550000000000004
0.09570823620823621
0.3725000000000005
0.45031990044516235
0.5699999999999994
0.40228427128427136
0.8880000000000008
0.2434523809523812
0.46383333333333354
0.23818739051605675
0.6757978802265541
0.12518507807981383
0.26488095238095255
0.20559369988822418
0.14000000000000057
0.1999999999999993
0.7891666666666666
0.06550000000000011
0.23759807601341265
0.3653452380952391
0.365822140578719
0.030833333333332824
0.0826190476190467
0.22999999999999865
0.04089285714285751
0.3733305322128855
0.5556190476190475
0.11599084249084246
0.11499999999999932
0.013333333333333641
0.06400000000000006
0.04656480284421516
0.0
0.4246057569881092
0.31056883284674
0.19824131401985667
0.010285714285714675
0.13333333333333286
0.3639999999999999
0.15233333333333388
0.05958333333333332
0.1533333333333342
0.7333333333333343
0.2208055555555548
0.42839743589743584
0.001758685980143504
0.14333333333333265
0.2982413140198563
0.09333333333333371
0.13719084273812943
0.004999999999999893
0.1106666666666678
0.06590476190476213
0.16000000000000014
0.038107142857144005
0.30382142857142824
0.12333333333333396
0.14346439014202161
0.4028695186431994
1.2801190476190474
0.02787878787878828
0.09114285714285675
0.12666666666666604
0.7891666666666666
0.2921269841269858
0.13000000000000078
0.09499999999999975
0.10175868598014404
0.2319047619047616
0.3700000000000001
1.6655263157894744
0.16416666666666746
0.26583333333333314
0.23719084273812996
0.2401488407412229
0.0774855072463776
0.004416666666666735
0.04749999999999943
0.4363333333333337
0.0395000000000012
0.24666666666666615
0.09149999999999991
0.14941176470588236
0.0
1.1153571428571443
0.1734848484848488
0.08999999999999897
0.30020512820512835
0.2499999999999991
0.08833333333333204
0.21066666666666656
0.2600000000000007
0.0389647957686865
0.16916666666666647
0.33083333333333353
0.6378571428571425
0.47060207336523163
0.02999999999999936
0.2400000000000002
0.10175868598014404
0.28501534960838093
0.14208333333333378
0.17133333333333312
0.1577380952380958
0.008018315018315292
0.1689805194805194
0.41885714285714215
0.14000000000000057
0.3224999999999998
0.43504761904761935
0.36857142857142833
0.2724999999999991
0.09894548438946593
0.8459984867213963
0.15616666666666745
0.0033333333333338544
0.2599999999999998
0.9250000000000016
0.0547662484144702
0.265595238095238
0.41000000000000014
0.28000000000000025
0.8099999999999996
0.27788095238095156
0.10444480519480503
0.121714285714285
0.3150000000000004
0.21122029196293912
0.5032528860028869
0.6931666666666674
0.14238095238095294
0.09053002144913957
0.4940277777777773
0.41250000000000053
0.2791666666666668
0.24909090909090725
0.27999999999999936
0.9994805194805192
0.18404761904761902
0.023333333333333428
0.05428571428571427
0.4919999999999991
0.23999999999999932
0.25466666666666704
0.2982413140198563
0.4388838383838385
0.44599848672139686
0.16270457079152667
0.09244047619047713
0.15333333333333332
0.4028695186431994
0.47724999999999973
0.057298052824368284
0.3720000000000008
0.24166666666666714
0.21835714285714403
0.969415840915083
0.07478571428571534
0.22599999999999998
0.39999999999999947
0.03879797979797939
0.1624019239865877
0.16665413098282844
0.7023333333333337
0.2375000000000007
0.11499999999999932
0.20311111111111124
0.10500000000000043
0.3330000000000011
0.34868875053395243
0.799480519480519
0.14672727272727215
0.09801687528158176
0.3149846503916187
0.2016666666666671
0.45999999999999996
0.17333567967120533
0.3518749999999997
0.07222222222222108
0.5374999999999996
0.26280915726187004
0.07000000000000028
0.4283333333333328
0.3648809523809522
0.3185000000000011
0.2751190476190475
0.2856666666666676
0.037666666666666515
0.16543973171815018
0.2614285714285707
0.3266666666666671
0.34733333333333327
0.13456026828185053
0.5399999999999991
0.40573626945167973
0.09399999999999942
0.3316666666666661
0.3724999999999996
0.15333333333333243
0.3806666666666665
0.17850793650793673
0.23476190476190428
0.09999999999999964
0.03500000000000014
0.4120000000000008
0.40000000000000036
0.27738095238095095
0.24033333333333307
0.33929767642959785
0.26906862745097904
0.16559523809523835
0.06733333333333391
0.18083333333333407
0.04111111111111132
0.3605833333333317
0.3403333333333336
0.7266666666666666
0.3294596587622909
0.17071569139672604
0.8819999999999997
1.008333333333332
0.19824131401985667
0.7618126094839432
0.41000000000000014
1.1549999999999994
0.24035813090418312
0.27621323121323105
0.1813333333333338
0.39000000000000057
0.6250000000000009
0.13617460317460406
0.40500000000000025
0.19072989360667236
0.4092701063933273
0.09858333333333213
1.607333333333334
0.11333333333333329
0.6619058441558447
0.0034764191154774693
0.15600000000000058
0.06280915726187075
0.054999999999999716
0.6292857142857153
0.007666666666667155
0.35161111111111065
0.34111111111111114
0.001758685980143504
0.009378066378066485
0.4392976764295975
0.2345454545454544
0.40446836496836536
0.1509999999999998
0.15999999999999925
0.7013333333333334
0.47799999999999976
0.3847445887445886
1.5
0.37300635563605766
1.5966666666666658
0.2129285714285718
0.2880303030303031
0.18914561085597903
0.7542857142857144
0.11999999999999922
0.35499999999999954
0.09149999999999991
0.09598131068096372
2.1528333333333336
0.3705403412377093
0.2571428571428571
0.44422443438914083
0.262674373691028
0.3628091572618706
0.7629999999999999
0.13896479576868703
0.13722619047619133
0.4106012982115921
0.22084523809523748
0.07602777777777892
0.15500000000000025
0.386333333333333
0.2766666666666673
0.38501534960838146
0.18943116715326003
0.6680000000000001
0.3305841590849168
0.33999999999999897
0.08571428571428719
0.5054404761904765
0.2106012982115919
0.18666666666666742
0.3099999999999996
0.14999999999999947
0.3299999999999992
0.5730063556360578
0.42888888888888843
0.031000000000000583
0.2999999999999998
0.8349999999999991
0.24513806040751085
0.001758685980143504
0.4942637305483206
1.4485000000000001
0.13818739051605622
0.04999999999999982
0.09824131401985614
0.31085438914402097
0.5049999999999999
0.11121428571428638
0.18943116715326003
0.2753333333333323
0.43100000000000005
0.27539424301189097
0.15286861092124138
0.13666666666666671
1.2400000000000002
0.06212121212121158
0.11333333333333417
0.3618126094839438
0.6870714285714286
0.14000000000000057
0.18914561085597903
2.228608946608947
0.08333333333333393
0.0034285714285715585
0.5099999999999998
0.854166666666667
0.9409047619047621
0.40000000000000036
0.11000000000000032
0.29000000000000004
0.1014999999999997
0.06301142048110808
0.13334586901717227
0.4671900757795271
0.10175868598014404
0.6496800995548373
0.11900000000000066
0.40499999999999936
0.6628091572618704
0.05333333333333368
1.9133333333333322
0.1299999999999999
0.0033333333333329662
0.1965235808845227
0.1537500000000005
0.1479999999999997
0.29713048135680076
0.11000000000000032
0.014880952380951662
0.4018094791926048
0.16000000000000014
0.10466666666666669
0.10198312471841842
0.016688339131063934
0.20855069930069892
0.2699999999999996
0.05444444444444407
0.32500000000000107
0.3199999999999994
0.1713095238095228
0.09824131401985614
0.004333333333334188
0.40446836496836536
1.008333333333332
1.2333333333333334
0.0508333333333324
0.15279794658889667
0.081666666666667
0.3269936443639425
0.22999999999999954
0.16300000000000026
0.28000000000000025
0.014984650391618892
0.234404761904762
0.8994805194805195
0.09522727272727227
0.5629166666666672
8.881784197001252e-16
0.08491702741702678
0.34720205341110333
1.964952380952381
0.1981854256854252
0.10175868598014404
0.1033333333333335
0.08501534960838164
0.6272274392274397
0.09053002144913957
0.05300252525252436
0.5020000000000007
0.03000000000000025
0.1701666666666668
0.5600000000000014
1.7999999999999998
0.025333333333333208
0.09233333333333338
0.0009318181818187554
0.34733333333333327
0.995333333333333
0.029288600288600364
0.19250000000000078
0.03737276449041094
0.07000000000000028
0.15499999999999936
1.8200000000000003
0.5972518315018309
0.002142857142856336
0.4906666666666659
0.34344444444444555
0.14521326306543614
0.1628091572618704
0.11000000000000032
0.38314285714285656
0.08000000000000185
0.10706818181818178
0.08333333333333393
0.18333333333333446
0.6999999999999993
0.44083333333333385
0.26791666666666547
0.12603710397789403
0.5080600233100228
0.46499999999999986
0.23000000000000131
0.23383549783549729
0.346564802844215
0.002666666666666373
0.23719084273812996
0.47500000000000053
0.7590000000000003
0.09598131068096372
1.1864285714285714
0.08041666666666725
0.3294596587622909
0.6666666666666661
0.21498465039161907
0.8824523809523797
0.03729542920847351
0.39440630011177547
0.24974509111578058
0.40000000000000036
0.21999999999999886
0.344066405816406
0.23758333333333326
0.13750000000000018
0.9109090909090911
0.3633333333333342
0.27333053221288584
0.4285714285714288
0.31399999999999917
0.030511363636362532
0.5299999999999994
0.3350476190476188
0.0
0.3006666666666664
0.09999999999999964
0.08199999999999985
0.4666666666666659
0.3038333333333334
0.48857142857142755
0.09824131401985614
0.3476666666666661
0.04333333333333389
0.025083333333332902
0.0916666666666659
0.09000000000000075
0.03483333333333416
0.2166883391310641
0.0018094791926053233
0.7486026838200743
0.31731416390626954
0.3302377752930097
0.04499999999999993
1.62
0.4449999999999994
0.47153846153846146
0.15833333333333321
0.4850153496083811
0.15000000000000036
0.6849999999999996
0.8808780632538875
0.23023777529301004
0.3680398053958438
0.14333333333333265
0.8680000000000003
1.479166666666667
0.12666666666666693
0.4206666666666665
0.010601298211592614
1.9345602682818503
0.23732562630897203
0.3000000000000007
0.23058415908491714
0.08511904761904798
0.5106666666666664
0.6949999999999985
0.21912193674611302
0.18943116715326003
0.3603333333333323
0.22603710397789456
0.49571428571428555
2.3890000000000002
0.2593571428571426
0.3998000000000008
0.5106012982115926
0.09833333333333272
0.11000000000000032
0.05252095956452951
0.3100000000000005
0.7183333333333337
0.5105688328467402
0.6000000000000005
0.19824131401985667
0.2183333333333337
0.33500000000000085
0.3733333333333322
0.05666666666666664
0.14500000000000046
0.1526153846153857
0.046666666666666856
0.2040186893190361
0.07061904761904803
0.1999999999999993
0.16900000000000137
0.4399999999999995
0.3441666666666663
0.8142777777777779
0.08000378787878848
0.06131818181818183
0.5233333333333334
0.3000000000000007
0.36100000000000065
0.037598076013412474
0.3526666666666669
0.476
0.6914999999999996
0.06400000000000095
0.3542857142857141
0.11847619047619062
2.0016958762516577
0.6102857142857152
0.1151309523809525
0.07750000000000057
0.16301142048110862
0.19677128427128388
0.1812103174603159
0.3305841590849168
0.13894922969187817
0.12773015873015847
0.08000000000000007
0.009999999999999787
0.2846666666666673
0.014984650391618892
0.06821428571428623
1.336500000000001
0.4028695186431994
0.3074999999999992
0.44010600918689136
0.3916031746031745
0.39185274932098935
0.41538095238095085
0.3766666666666669
0.7768333333333342
0.19824131401985667
2.0016958762516577
0.21547344322344397
0.25873809523809577
0.600833333333334
0.1576666666666675
0.13576190476190497
0.9959404761904764
0.26716666666666633
0.1496666666666675
0.23000000000000043
0.10175868598014404
0.1485714285714277
0.10699999999999932
0.060666666666665314
0.2666541309828281
0.20000000000000018
0.054999999999999716
1.3345602682818498
0.4999999999999991
0.2833333333333332
0.41999999999999993
0.5016666666666669
0.010000000000000675
0.39749999999999996
0.0891456108559785
0.014000000000000234
0.051995098039216536
0.12333333333333307
0.5586666666666655
0.09571428571428697
0.35999999999999943
0.07054034123770947
0.8516666666666675
1.8099999999999996
0.7249999999999996
0.16749999999999954
0.001758685980143504
0.2610000000000001
0.1287884615384618
0.008272880480427958
0.2620833333333339
0.3250000000000002
0.1238333333333328
0.1176923076923071
0.9538611111111113
0.2500000000000009
0.15252095956453005
0.19937878787878738
0.18914561085597903
0.07043293329477684
0.3086666666666673
0.18966666666666665
0.20900000000000052
1.799999999999999
0.21909090909091056
0.06666666666666643
0.6713910533910532
0.19839285714285726
0.37140411255411276
0.4349761904761902
0.07866666666666688
0.07000000000000117
0.26583333333333403
0.001758685980143504
0.20000000000000018
0.20900000000000052
0.9555807525807527
0.5283333333333324
0.1963215864375476
0.4040000000000008
0.03999999999999915
0.3371908427381296
0.09999999999999964
0.5049999999999999
0.3310194805194806
0.1602380952380953
0.019121936746112844
0.22250000000000103
0.1283482142857144
0.3371908427381296
0.3514999999999997
0.3953333333333333
0.0801825396825393
0.10250000000000092
0.3958112704289176
0.09016666666666673
0.001758685980143504
0.40616666666666656
0.09824131401985614
0.05000000000000071
0.24833333333333485
0.37300635563605766
0.3513973161799253
0.9949999999999992
1.1618126094839436
0.4474999999999998
0.3251785714285722
0.4770641025641016
0.013428571428571345
0.1818333333333335
0.171904761904762
0.13083333333333336
0.120000000000001
0.1899999999999995
0.33999999999999897
0.03750000000000053
0.09750000000000014
0.2746746031746028
1.204666666666668
0.4853571428571426
0.35499999999999954
0.36103520423131297
0.2330476190476194
0.1707113997113998
0.22939792663476855
0.47249999999999925
0.1751659451659453
0.05644444444444385
0.14383333333333415
0.19666666666666632
0.4399999999999995
0.19725183150183057
0.5528686868686874
0.4354023754023748
0.18571428571428594
0.25886080586080684
0.043333333333333
0.21399999999999952
0.10499999999999954
0.5969166666666688
0.30199509803921654
0.2485714285714291
0.6999999999999993
0.33333333333333304
0.18630158730158808
0.4166666666666661
0.20333333333333492
0.15031990044516252
0.1349999999999998
0.16187216215157285
0.6733333333333329
0.4038095238095245
0.5493333333333332
0.25833333333333197
0.41000000000000014
0.19899999999999984
0.38501534960838146
0.19824131401985667
0.23500000000000032
1.146
0.5633333333333335
0.2833333333333341
0.4999999999999991
0.12378676878676842
0.19683333333333408
0.042500000000000426
0.5649333333333333
0.11089285714285779
0.08291666666666764
0.5099999999999998
0.6753333333333336
0.2791666666666668
0.3866666666666667
0.30533333333333257
0.1450073260073257
0.40573626945167973
0.47060207336523163
0.061050770308122004
0.055166666666667474
0.7226761849261853
0.5766666666666671
0.1150829725829734
0.001758685980143504
1.2508586160548747
0.21272186147186112
0.3398333333333339
0.254999999999999
0.12773015873015847
0.18833333333333346
1.088333333333332
0.39185274932098935
0.08297619047619076
0.025000000000000355
0.79
0.36719007577952656
0.3266666666666662
0.40062121212121227
0.9866666666666672
2.752868610921241
0.08566666666666745
0.04999999999999982
1.6006666666666671
0.18161904761904868
0.09824131401985614
1.7333333333333343
0.2706200604950615
0.4814285714285713
0.6031111111111116
0.3600000000000003
0.10175868598014404
0.17977358490566075
0.5527619047619039
0.3381873905160564
0.06283333333333285
0.20559369988822418
0.016666666666667496
0.17121153846153803
0.32285714285714295
0.025178571428571495
0.5248333333333326
0.2361746031746037
0.0600000000000005
0.21999999999999886
0.027500000000000746
1.2470000000000008
0.046666666666666856
0.2894189149343944
0.13380952380952404
0.17250000000000032
0.3302377752930097
0.008147250679011009
0.11027777777777903
0.7165112665112661
0.5330000000000004
0.13500000000000156
0.3050000000000006
0.04266666666666641
0.03508333333333358
0.20855069930069892
0.06152121296577917
0.5036784135624526
0.10175868598014404
0.036190476190474996
0.040000000000000036
8.881784197001252e-16
0.26064285714285695
0.8133333333333344
0.24974509111578058
0.18716666666666715
0.13383549783549764
0.06280915726187075
0.25273809523809554
0.3149846503916187
0.08666666666666689
0.06849999999999934
0.0050476190476187455
0.2982413140198563
0.04166666666666696
0.1876724386724371
0.11749999999999972
0.001758685980143504
0.3972222222222239
0.4028695186431994
0.3380833333333335
0.39819052080739503
0.22916666666666607
0.3149846503916187
0.11498465039161854
0.6453333333333333
0.23818739051605675
0.30195634920634884
1.5108543891440211
0.06280915726187075
0.336785714285714
0.21498465039161907
0.9082728804804283
0.0
0.20000000000000018
0.07396289602210615
0.3226904761904752
0.3371908427381296
0.25
0.6629748108616536
0.11433333333333273
1.966666666666666
0.26152121296577935
0.14000000000000057
0.10033333333333339
0.08805020469726266
0.5373727644904109
0.7106666666666666
0.18501534960838129
0.5204166666666659
0.16000000000000014
0.20286951864319924
0.014984650391618892
0.30401868931903664
0.3325692574262904
0.2999999999999998
0.05068650793650775
0.36665413098282773
0.09999999999999964
0.12460575698810938
0.186869047619048
0.8958333333333321
0.449680099554838
0.0
0.08999999999999986
0.4150829725829732
0.46499999999999986
0.6808333333333341
0.17666666666666586
0.42966666666666686
0.07333333333333414
0.03929767642959714
0.15833333333333321
0.10175868598014404
0.915
0.10500000000000043
0.32313888888888886
0.4028695186431994
0.7497976190476185
0.3271428571428565
0.46999999999999975
0.3445454545454547
0.3047928541187046
0.3300854700854705
0.019999999999999574
0.3381873905160564
0.8199999999999985
0.5178333333333338
0.31333333333333346
0.36187216215157303
0.19125000000000014
0.03285714285714292
0.04500000000000082
0.009999999999999787
0.16523809523809607
0.6208222222222215
0.09824131401985614
0.10278571428571492
0.06543973171814965
0.6269999999999998
0.25760150375939883
0.5742619047619053
0.2160000000000002
0.3179761904761902
0.19824131401985667
0.32207775039387965
0.0
0.3649999999999993
0.3704761904761913
0.3047928541187046
1.13
0.08249999999999957
0.6391666666666671
0.48799999999999955
0.06333333333333258
0.3850000000000007
0.3305841590849168
0.052499999999999325
0.0
0.1473333333333331
0.5275000000000007
0.12600000000000033
1.1746031746031758
0.01580086580086615
0.2076190476190476
0.03000000000000025
0.055000000000000604
0.2779222496061209
0.04875000000000007
0.1658221405787188
0.3266349206349206
0.3401488407412234
0.40952380952380896
0.17508333333333326
0.1751659451659453
0.18265079365079284
0.4815682690116905
0.008272880480427958
0.00019999999999953388
0.25201923076923016
0.2177867965367959
0.4899999999999993
0.17666666666666675
0.31358333333333377
0.3149846503916187
0.05714285714285605
0.3113888888888887
0.0024999999999995026
0.2525209595645297
1.2572380952380957
0.26803846153846056
0.03899999999999881
0.19894548438946646
0.08797535797535794
0.09833333333333272
0.21058108506560558
0.38941891493439407
0.43280992422047326
0.11666666666666625
0.15233333333333388
0.19661290322580616
0.2345454545454544
0.29938492063492017
0.24860268382007433
0.18011904761904773
0.0707156913967264
0.17600000000000016
0.2916666666666661
0.4491666666666658
0.21799999999999997
0.14500000000000135
0.16301142048110862
0.12738095238095326
0.1537500000000005
0.2560000000000002
0.04999999999999982
1.523071428571428
0.12124999999999897
0.5558333333333341
0.08940476190476243
0.20733333333333448
0.21666666666666679
0.008550699300698739
0.3371908427381296
0.15799999999999947
0.2572528195488708
0.07971428571428607
0.49073362748362737
0.001758685980143504
0.22603710397789456
0.4120000000000008
8.881784197001252e-16
0.001758685980143504
0.020000000000000462
0.08266666666666644
0.2766666666666673
0.009999999999999787
0.22149206349206363
0.3500000000000014
0.03183724608724603
0.16543973171815018
0.10000000000000142
0.014984650391618892
0.002869518643199065
0.3116666666666674
0.21249999999999947
0.22328571428571387
0.41250000000000053
0.6299999999999999
0.09894548438946593
0.10866666666666713
0.06666666666666643
1.1549999999999994
0.03300000000000036
0.6979999999999995
1.8233333333333333
0.2166883391310641
0.13818739051605622
0.34914138394512495
0.7816666666666672
0.03933333333333344
0.20367841356245275
1.0292886002886004
0.039657287157288224
0.26900000000000013
0.5500000000000007
0.801166666666667
0.02938095238095162
0.1214920634920631
0.001758685980143504
0.010854389144021148
0.35799999999999965
0.16066666666666674
0.31833333333333336
0.3899999999999997
0.2766666666666664
0.20133333333333425
0.1250000000000009
0.11000000000000121
0.07916666666666661
0.8983333333333325
0.13403033078033122
0.07583333333333275
0.2591666666666663
0.23894922969187782
0.02460575698810974
1.6799999999999997
0.2766666666666673
0.25008333333333344
0.5670000000000002
2.246138888888888
0.13508333333333322
0.41000000000000103
0.1779166666666665
0.40749999999999975
0.41667857142857123
0.13466666666666782
0.2550000000000008
0.36336904761904876
0.35363888888888795
0.2166883391310641
0.16976222470699032
0.34857142857142875
0.3575000000000008
0.37833333333333297
0.2224864024864015
0.4403809523809512
0.16749999999999954
0.31333333333333346
0.3700000000000019
0.3302377752930097
0.42499999999999893
0.21714285714285708
0.04499999999999993
0.4833333333333334
0.558523809523809
0.047941919191917926
0.30797931235431175
0.14521326306543614
0.39948051948051955
0.29172711951957186
0.15000000000000036
0.6860158730158723
0.7615476190476187
0.35666666666666647
0.4041666666666668
0.3387979797979792
0.4974999999999996
0.10446836496836465
0.7433333333333341
0.001758685980143504
0.15499999999999936
0.05577556561085917
0.2604545454545466
0.26853623188405784
0.3371908427381296
0.15400151327860367
0.14499999999999957
0.20500000000000007
0.7333333333333334
0.33999999999999986
0.15025490888421977
0.2596418690958169
0.08000000000000096
0.10799999999999965
0.23719084273812996
0.3899999999999997
0.028095238095238173
0.5299206349206349
0.48666666666666814
0.1612020202020208
1.1641904761904769
0.08000000000000007
0.16095238095237985
0.3305841590849168
0.09598131068096372
0.3808780632538875
0.3149846503916187
0.6133333333333324
0.16999999999999904
0.16416666666666657
0.06583333333333297
0.058023809523810144
0.05252095956452951
0.5215833333333331
0.23058415908491714
0.0
8.881784197001252e-16
0.15416666666666679
0.086666666666666
0.10250000000000092
0.4040186893190363
0.2953333333333328
0.7874999999999988
0.7000000000000002
0.09333333333333371
0.001758685980143504
0.24656480284421534
0.3366666666666669
0.26280915726187004
0.4914999999999994
0.1658221405787188
1.0406666666666657
0.41999999999999904
0.056071428571429216
0.4370251891383461
0.08388888888888868
0.3028695186431998
8.881784197001252e-16
0.08000000000000007
0.5666666666666664
0.3071190476190484
0.5960000000000001
0.061050770308122004
0.3172727272727274
0.6133333333333333
0.12400000000000055
0.39937878787878756
0.14472222222222264
0.007559523809522517
0.5106012982115926
0.487222222222222
0.8866666666666676
0.24794047619047532
0.24833333333333307
0.25213095238095296
0.11666666666666714
0.11249999999999982
0.28501534960838093
0.8653055555555547
0.47187626262626203
0.027499999999999858
0.4671111111111115
0.2982413140198563
0.45999999999999996
0.3700000000000001
0.140714285714286
0.5259999999999989
0.284880952380953
0.5941666666666663
0.009999999999999787
0.2382413140198567
0.15031990044516252
0.676794871794872
0.046666666666667744
0.36050000000000004
0.2982413140198563
0.3149846503916187
0.32476190476190414
0.40347641911547694
0.3250000000000002
0.37706410256410194
2.4318333333333335
0.23818739051605675
0.015000000000000568
0.26582214057871933
0.03700000000000081
0.1502023809523818
0.024834054834054875
1.3944642857142862
1.2753333333333323
0.504468364968365
0.040000000000000924
0.001758685980143504
0.49466666666666637
1.5526153846153852
0.2339999999999991
0.1831666666666667
0.013749999999999929
0.7349999999999994
0.3569047619047616
1.1275238095238098
0.7615476190476187
0.40711904761904716
0.16187216215157285
0.0971666666666664
