0.1737411526740651
0.29786006588680536
0.49999907533702537
0.7998008143800472
0.4733332139151729
0.004592275027878401
0.08865642794778505
0.3992982380531904
0.05085280187622665
0.20073689055447108
0.1965513554132876
0.19907428947838568
0.19911369984811245
0.09980081438004795
0.10358087229731883
0.01937086172620095
0.49308239711818924
0.29497626872610194
0.20019918561995276
0.7324729085337838
0.000287673981635983
0.29384066315838275
0.03025154101722638
0.09767763662620776
0.09817458658931244
0.19968149229242016
0.17483689826511561
0.011398923828863872
0.5948304710211323
0.0036230913436829937
0.6991321281153962
0.11001191597156534
0.0214366152769232
0.20019918561995276
0.16795928396822646
0.10329138773224855
0.6455009320789902
0.8990882694978906
0.4792232344437801
0.0004329807653169482
0.19842170248201896
0.10127976228059676
0.497397342185554
0.40042460481679854
0.022938377598090476
0.5977993645985089
0.20213108754600917
1.9001190078059444
0.6997677615744475
0.6015484866680803
0.1670393841730684
0.1104406718671962
0.19961609269475478
0.0164750594050469
0.2045409657675883
0.22123992677909854
0.0001803184962136939
0.20173899877214208
0.19478248484488692
4.941884271136843e-05
0.7979533642566903
0.10470942068435019
0.19801430370180828
0.2977364341728821
0.7022635658271179
0.0002342309794514108
0.09929528267046095
0.9817437194950802
0.00027159838238244305
0.11370062349991805
0.07905883420832449
0.1987276150862236
0.20061776446721424
0.006525092223156115
0.0033062251825333178
0.1952647405411163
0.20044348333683182
0.20012334417683597
0.20008156074894412
1.6908774526188175
0.010994806057738948
0.17922412947426647
0.09705286450758877
0.09918982680996358
0.08654795317157671
0.10047603143418193
0.39797414276622156
0.16488091300506458
0.5996029388217305
0.19839519756986945
0.1987221414621807
0.11841487255999539
0.20199518411686235
0.1043421618435012
0.20019918561995276
0.20214229541925288
0.19797052081500688
0.5970831375670267
0.2897136940953766
0.09994344741103056
0.7035016807319785
0.5970911089419175
0.8098197011568367
0.09375200461686273
0.20091489053437694
0.6959400293714779
0.08798379425225988
0.750564550525743
1.6978984784224176
0.09941677296166329
0.21315780217325742
0.19695703201263548
0.1213613143003398
1.740837207719892e-05
0.10340785726645496
0.5035653794390225
0.001205938349171376
0.20195105770595756
0.20236153116646172
4.9089326760842766e-05
0.015242308062113352
0.2674178866539201
0.09397203931802967
0.10524416755729327
0.028684863322022913
0.09917279908719845
0.18577346811703066
0.10111067656914585
0.0037909846339134745
0.19520344528902633
0.299950910673239
0.16752709146621658
0.19486229466417626
1.9160744659179558
0.20129292633590445
0.0027003282432396247
0.8999509106732386
0.20882372590050835
0.6995866893234677
0.5027548492019287
0.3999160351322111
0.0074506560046696535
0.09980081438004795
0.10560218654817799
0.009609534389170449
0.08163886959320088
0.00020613954404868906
0.08636741830581585
0.20020494955912405
0.09726873410336978
0.29486774666611737
0.10003306323838768
0.2025372979239215
0.47841139677740596
0.20004941884271155
0.18872152781741924
0.6098197011568365
0.29994747635918806
0.21072309646997223
0.20339867114452925
0.003110019237567485
0.08941230303124303
0.5174532012828408
0.12922704411933417
2.288779952694246
0.6869450402570356
0.20019799304838237
0.9979189250217768
0.10019918561995222
0.007170101897632897
0.20845317703396127
0.20005533068340675
0.0041281310629033285
0.19521758318705373
0.19924990393830555
0.9981861514563084
0.1999505811572888
0.6827189396982121
0.13204071603177425
0.20040865938228247
0.19969726166155422
0.49861980715027787
0.1171943229113106
0.9248192807620184
1.2758798644462415
0.28322475347765685
0.10362309134368353
1.6012389485519023
1.5323933708140016
0.7801878880871636
0.10200373384343653
0.1994954740177608
0.2869904225119946
0.07605392530636923
0.19977125613208901
1.732040716031774
0.10590852296764464
0.3001991856199524
0.7977479175239299
0.10162289332648555
0.09939711859573475
0.09778756303687874
0.2973453617970234
0.002042530683345589
0.999572780137405
0.10008068137925541
0.19797608798331012
0.800228743867911
0.30024560716229054
0.002777569041784389
0.19740804372307696
0.10301325260142491
0.2996283107197151
1.1999509106732393
0.9010554700527447
0.006336506239725814
0.002731265896629864
0.00278913406638992
0.20214229541925288
0.600049418842711
0.11067705916256809
0.7992118876703911
0.029953496476096575
0.20381557920695403
0.2652065092925131
0.21157200303758472
0.10013294143605567
0.8909293308572348
0.7990311014656726
0.45370581794373255
0.0015487973612851036
0.2827138921073189
0.09480202914925062
0.006154824456435115
0.09980081438004795
0.10325436945463018
0.2032823823956953
0.0062479953831378054
0.20015039034913684
0.4984718566762032
0.38749175203301345
1.9025377101245153
0.7305736975934831
0.26391862139854005
0.10031850770758055
0.23530189252953448
1.1028443814874125
0.20042698983573803
0.5332819963742033
0.09901998037537751
0.2034491333804942
0.3990311014656722
0.5001110694296926
0.33268805965403203
0.0011990610350167685
0.6139456963359029
0.19652293175376734
0.19893005057578872
0.4005996626882222
0.10019918561995222
0.15085280187622718
0.05085280187622665
0.4332819963742036
0.1998490271456861
0.3001991856199524
0.27487422306719544
0.023946074693630415
0.20019918561995276
0.0700777202524776
0.0025178755629351457
0.004741074256722655
0.00019918561995257988
0.19228223110377307
0.00019918561995257988
0.0011033632920636194
0.5048919283369626
0.800215579104604
0.2050056343958273
0.30072738794613674
0.00019918561995257988
0.010537874160458038
0.1986193369346445
0.16942630240651724
0.20741754694738557
0.1999996341124337
0.0023311972099877565
0.19058287115510986
0.10284822912279434
0.0030429679873646975
0.9014356077923278
0.4312739059279975
0.09161972377201355
0.10156583403880326
0.09952915359082937
0.2013835350184756
0.09957278013740467
0.09586726506584586
0.19881194807494218
0.10459162955776602
0.10044880567988379
0.23048580501641336
1.3992372435695595
0.19730779677654553
0.19922416942622778
5.5330683406573655e-05
0.10015097285431462
0.20747196520710798
0.09613173878148018
1.9178683318835468
0.0017361916979536929
0.000624302383161357
0.09486229466417662
0.7248239067642208
0.0325984872882783
0.42001530985881796
0.010879081029170123
0.08174371949507986
0.00019918561995257988
0.09128251547939747
0.20009933720421103
0.19908513146606843
0.10541702620063553
1.8998490271456854
0.1060291144148584
0.13020631929395954
0.21719432291131024
0.19513519986411332
0.10016905871056903
0.12482390676422117
0.20459162955776566
0.49990066279578915
0.09795592827651944
0.20071264693260904
0.37028222193217086
0.2005100384890497
0.27418371000257125
0.39837574577425716
0.03656236400314139
0.20198995012801113
0.3002334252902781
0.1000553306834071
0.10005070725421294
0.10012907411570371
0.19787045368282818
0.1999446693165936
1.8911762740994913
0.27059827972595585
0.0985801359210674
0.09980081438004795
0.20008087033506783
0.19979365451433484
0.06656804418394735
0.1786386856996609
0.2029088910580823
0.10065855640953192
0.10203615861995274
0.1638336940988392
0.1749660888280804
0.10040865938228283
0.1924803751040738
0.599570630913778
0.14003121294742282
0.20362309134368317
0.1949117001557923
0.3999606583523665
0.1382357266749894
0.024869013404175355
0.21294697617313396
0.17028222193217157
0.09538757037693468
0.19984713630096174
0.5903648790020135
0.005413244675135154
0.1993615104562787
0.28991863355519065
0.29583806122961676
0.39435430503018587
0.22136131430033945
0.0010271598343134514
0.09856529094800504
1.0013866865689964
1.0962626214917028
0.1930173411352234
0.20016905871056867
0.2934357883552545
0.00019864650134504558
0.09698674739857527
0.4074988114884688
0.09848407140656423
0.11739919547020072
0.19775015632113124
1.298877726754684
0.09953636332749038
0.10558670000598358
0.10993207827340967
0.19858592251230966
0.024823906764220638
0.09401193702632682
0.09569837813931503
0.09050151027731879
0.10040865938228283
0.00084472747829345
0.2078366255828623
0.004440731045682433
0.1000653170613921
0.09980081438004795
0.49993643070552274
0.10152366702210447
0.002545822567956435
0.23057369759348312
0.19516935125795598
0.007400380845798082
0.10507818960307436
1.59956597667746
0.19034696809048146
0.08326092849311806
0.269072083874601
0.2998747966871047
0.09997559401413092
0.001632921033798418
0.09975203758189988
0.10031811312363814
0.401688278173955
0.2060578998784104
0.09992845781138193
0.00019918561995257988
0.20112227324531595
0.0007210736488909575
0.2001862567386583
0.1996259782269849
0.09961913333621375
0.3001991856199524
0.10088829842957114
0.4001831977992829
0.48789724888760944
0.04629418205626745
2.7288833435612503e-05
0.037322370840606744
1.1010200614110337
0.10002779676389117
0.2064257919759669
0.21589782477377195
0.8130537135493583
0.0010965222223271454
0.20041519715229494
0.09643462056097718
0.20358435920534834
0.6993558097681003
0.20679641001399407
0.08968659496239173
0.09525892574327699
0.3971701529405802
0.002747536617226487
0.20331220486902435
0.07209435506825379
0.1952290426899026
1.8354050169730431
0.39339786403589194
0.20028767398163616
0.09861094630772982
0.20541702620063518
0.19947214146568282
0.197598895305668
0.299172183169075
0.09641912770268135
0.11300957748800577
0.00651938769503424
1.6925371928934743
0.18306097611644034
0.09462072029447555
0.2104401072957396
0.2003713484869527
0.10504578898847594
0.5926422958370523
0.16656804418394788
0.20004908932676102
0.2704331032163063
0.7998309412894313
0.1980835334055664
0.09712751782118367
0.09977125613208937
1.5008610912242624
0.09897531113196312
0.26808247550334574
0.20019120430387183
0.01690030272987908
0.3840009723750768
0.09901821387606269
0.0036230913436829937
0.18793292392273475
0.10006534623878416
0.09764696319807964
0.19993465376121566
0.09818615145630805
0.19988310175953927
0.09855337702071587
0.09964674488769099
0.2875489746211679
0.133152856862643
0.014347892402551743
0.296900341215105
0.19993281520866102
0.0005360113073811235
0.004285573672572873
0.10011789151521544
0.17777445320781027
1.4914984098453123
0.1970578673066088
0.1993005938532164
0.19842113206553957
0.2025775736817863
0.2004911801682363
0.00022874386791116308
0.20281827675549913
0.40311001923756695
0.49936090073746886
0.20882372590050835
0.0016357999424165826
0.17028222193217157
0.20246016031783753
0.09397088558514177
0.09403600055670491
1.091605564209229
0.1999446693165936
0.031385273980580664
0.395408370442234
0.10127785853781912
0.3001803184962135
0.6980100498719892
0.00041519715229476617
0.09886091257622276
0.10018340590928787
0.10241678483095384
0.19984571460213907
0.5001749963508306
0.21274127847736146
0.500885316372373
0.09976657470972228
0.29289400622302253
0.570282221932171
0.26954423813796513
0.19323756558537575
1.6905150232063448
0.08859311867770625
1.3020354739410802
0.20059631092053465
0.00016905871056849264
0.7797509109251894
0.09666049187857073
0.09933612185682605
0.691282515479398
0.10294213269339103
0.20005533068340675
0.19801004987198922
1.8354050169730431
0.013452046828422937
0.20321595255672875
0.10049203272956131
0.06798771247572333
0.2964541898064095
0.003005167852953683
0.21711474225332328
0.19375200461686237
0.10613558711465831
2.991176274099491
0.19711361380386716
0.19964818346506252
0.10071545034796259
0.09969456581516312
0.014363463185353531
0.2735606500027279
0.10122314354094097
0.19777417689336385
0.2054741244946241
0.4074988114884688
0.2577649177754662
0.02077676555621988
0.19604751305669854
0.20905119588151067
0.19250118851153086
0.09999842376135426
0.09584953385865802
0.09965935043157881
0.10072383455483092
0.26639560287499364
0.1995714812209055
0.19209872805348205
1.0005069941158284
0.12460194655600976
0.10475511159282469
0.17184145747136093
0.20406264162758703
0.2002201755890063
0.20109863382758064
0.19574201083861453
0.10101127421591993
0.18830707604846175
0.10830890212715794
0.5986417646357891
0.3857322931822331
0.192083753920131
0.0004913127830130648
0.1972180859547059
0.3998490271456854
0.10134448415597763
0.24262137540530393
0.09840299935549446
0.1000525236408123
0.19993465376121566
0.13354470193872992
0.2145158453645024
0.10283184902562681
0.3050882998442077
0.013899164051570878
0.10157886793446114
0.19902916209257704
0.0008762082634863333
0.15085280187622718
0.7867201044273209
0.0030429679873646975
0.11439160990286545
0.1932882529392579
0.003953610267093843
2.093112829597863
0.2024191444595358
0.10183404487051284
0.2981886116962533
0.3001991856199524
0.20021735101945293
1.830891495988566
1.599379696489856
0.11721466373027134
0.10614844161942294
0.4001990342619006
0.19800536451551043
0.1999505811572888
0.19893005057578872
0.4999446693165934
0.09808479791541114
0.19779350546970598
0.09980081438004795
0.20442894850655424
1.1946892281796266
0.004591629557765486
0.49050151027731914
0.3012391011885507
1.2997252831577466
0.20109527507795644
0.20284438148741302
0.10556902461093287
0.18040055060540006
0.3001991856199524
0.2150832463562331
0.09117627409949147
0.10034064956842137
0.3969948321470458
0.6786470524538117
0.04629418205626745
0.003282382395695116
0.3306478421336845
0.4911762740994918
0.11712560671913774
0.20019918561995276
0.23368334176207917
0.18579419424631904
0.20220258400324465
0.002895576050975457
0.22971777806782878
0.10077583057377204
0.0977661088739481
0.28793381158005094
0.19384517554356506
0.2999628282905311
0.49870451331691346
0.26703495996845206
0.19735603338103225
0.2963966215276077
0.14459534375327632
0.20004940365487478
0.1970193232595694
0.0752630862126864
0.19835393951251934
0.7963769086563168
0.10530547253215783
0.10019918561995222
0.2016790331246252
0.09980081438004795
0.09875827321410036
0.20040057646635567
0.09999279992924937
0.11250824796698655
0.20330824092629207
0.26869060241922327
0.10642579197596724
0.2460313011843196
0.10330228876836767
0.19792723643046806
0.09909194173001445
0.10003717170946924
0.0011489518931444564
0.10035289554982896
0.6936587109896566
0.7003518165349378
0.2070807285741143
0.10132526838230493
0.09352297298593548
0.10278913406639045
0.49721221307957375
0.002316135923567053
0.2023310343925866
0.19946398869261905
0.10362309134368353
0.27061512573255264
0.7941493084219982
0.0011134742584992807
0.2162318135189656
0.09923307720250829
0.10113908742377742
0.0008280078419202752
0.06469810747046534
0.2704478842228868
0.19994838089141087
0.299010017940998
0.20208107497822336
0.29928780955966516
0.016775246522342968
0.009300939326715607
0.19300381794639332
0.10778389642184205
0.0903270857563081
0.497397342185554
0.299436273115429
0.09956230581085102
0.19797052081500688
0.10282822508595935
0.20275484920192888
0.4566910919013223
0.09638692566411766
0.0015450059079293865
0.19216235554684058
0.20211897335575202
0.1802962235250698
0.20123048027944357
0.06671800362579638
0.1985504237787037
0.1064587798639014
0.19996755072921069
0.07975091092518927
0.09936909330472421
0.09881071412173359
0.10227379738227427
0.002118973355751841
0.10274313648021671
0.45370581794373255
0.100017852979434
0.09833979970446283
0.7064587798639019
0.00019918561995257988
0.2320407160317739
0.16816845291647287
0.09765273797617002
0.4857853698540584
0.10013479810752735
0.10949848972268139
0.0952427508679019
0.21102264367918266
0.19686098793395335
0.2609672420636171
0.09980081438004795
0.035135002952940475
0.09473121440402732
0.003978062181026587
0.016214410085359177
0.0009252619978026289
0.15085280187622718
0.5967840474432711
0.04629418205626745
0.10399756571784646
0.0351190869949356
0.11646890188887227
0.222388846584062
0.11135617946286125
1.0000494188427114
0.20413603609018782
0.5893036189345668
0.20698142649948537
0.3050457889884761
0.42932953014387376
0.05370581794373219
0.1985984406854131
0.400065346238784
1.1986164649815247
0.00044167660003768816
0.3008447149366624
0.09732073999863022
0.12332044965492805
0.7970911089419177
0.19332989141167012
0.09250765659568305
0.09101941892892906
0.04629418205626745
0.10270962655942384
0.19980096573809902
5.483771751446653e-05
0.20092613818358807
0.30526878559597304
0.10048877054946992
0.10099654628130406
0.20147460985583177
0.20019918561995276
0.17630157675048785
0.003039646398439899
0.1985002841181931
0.3001991856199524
0.2979533642566903
1.397222430958215
0.10475724913209827
0.1999505811572888
0.20105238490183197
0.09886975335873416
1.0821332334415663
0.00018340590928733747
0.11072309646997258
0.00011797423805681717
0.020249089074810378
0.20016905871056867
0.004591629557765486
0.19927446076966415
0.19571340413405824
0.20277756904178457
0.42721880163305315
0.2077378486130872
0.13901475462787172
1.2997283910215076
0.10019918561995222
0.20740311653702204
0.19495421101152388
0.19242873112843917
0.40218139141013065
0.2142898802865254
0.10571759902283517
0.9952043362890608
0.11451622992586774
0.20254505019170477
0.20019918561995276
0.10019918561995222
0.18877559991965587
0.004180587327711649
0.0980568440190206
2.297019323259569
0.19795560262869039
0.25996878705257753
0.075176093235779
0.10246016031783789
0.10530547253215783
0.00016905871056849264
0.2011036243874864
0.03851960899349649
0.1985253901441686
0.10249547586980334
0.8027548492019285
0.21554849438443213
0.19115066871203368
0.38571011971347424
0.2803478561638144
0.20091489053437694
0.00434400249741973
0.3001991856199524
0.015110462429901439
0.19637690865631718
0.09789847842241706
0.20430284641205443
0.00020613954404868906
0.10213108754600952
0.6045842433887447
0.5024017006060353
0.10032057513042236
0.9000155850828744
0.19876113447230281
0.3001991856199524
0.20163986358945962
0.00019918561995257988
0.1705982797259562
0.009097715289547281
0.016468901888871734
0.2999754700801116
0.12512160178302523
0.4932035899860061
1.7852979433463645e-05
0.49520344528902616
0.600017852979434
0.29658319355344975
0.02961145252508235
0.004012023181904745
0.19779800988427354
0.0989451431135242
0.0003518165349376545
0.2990014300886479
0.09736953571224483
0.2000702426105727
0.10993207827340967
0.10163579994241712
0.008284699143744412
0.30024241801563
0.099972203236109
0.1030366886066334
0.300228743867911
0.198995373637457
0.20270347023758806
0.1000553306834071
0.2716736801682176
0.09970139627174923
0.09777889962444064
0.00019918561995257988
0.171757277858676
0.29123313424373887
0.19893005057578872
0.11575427260211679
0.002400919713406502
0.29994466931659325
0.3963769086563165
0.0015379765080103525
0.20022973544045364
0.22024908907481056
0.10030638041108286
0.2012724551714129
1.6999446693165936
0.20550044376071597
0.20430022366439093
0.10396514493850884
0.11621787450701504
0.29983094128943133
0.39340735819372075
0.5797509109251893
0.09123313424373869
0.20993207827340932
0.2103530262648201
0.20590862490266293
0.5922660262543431
0.30714157744024106
0.003928538803777748
0.49788102664424816
1.8986192078070836
0.626689996937932
0.5001503903491367
0.1312369395944888
0.2986955195632772
0.20117018813524012
0.2064686290753972
0.0023845829507322946
0.06520650929251293
0.021187543525743813
0.5321103183254028
0.12094116579167569
0.1990116741143737
0.20161325758579718
0.09981659409071231
0.2002201755890063
0.29884519756926053
0.10016905871056903
0.2050515001834876
0.2074847105434241
0.10138019284972266
0.1075253198238979
0.20341570026209155
0.12791395545196682
0.015083246356232927
0.09958123630041893
0.0020182923969365163
0.10229333887678127
0.10748471054342446
0.0998785166598335
0.1003264847802745
0.20421354386833723
1.6071701018976325
0.14629418205626799
0.19995091067323933
1.691176274099492
0.11327989557267948
0.09397233798321025
0.11992391793258772
0.2962037920568461
0.19396254139587565
0.23328199637420344
0.18478392163834112
0.09731083847565447
0.003952278380698004
0.20037425331486336
0.12648491899312653
0.21402881501237303
0.11165445926631179
0.21607683516802023
0.29893109286835706
0.19672251322823797
0.20634128901034376
0.0010348786797882426
0.1113719116377947
0.19325202670075026
0.11542220707425077
0.09785043675926186
0.6905015102773193
0.09938687828203552
0.05382698038913336
0.4992591933065791
2.3003518165349375
0.09715177087720583
0.5052687855959732
0.10041187735895729
2.620015309858818
0.1000553306834071
0.29994466931659325
0.20005533068340675
0.09714505737973678
0.7952939313829344
0.16497019248203326
0.10185483407578655
0.6999446693165936
0.20399630396898516
0.20119791086314187
0.09978768862767318
0.023946074693630415
0.20362309134368317
0.5955592689543172
0.09286479904672795
0.4002462831969016
0.20015039034913684
0.028242722141324172
0.10949848972268139
0.16698663551717985
0.21147891603352775
0.4020231063412947
0.09816595512948734
0.0023310343925864174
0.2010830296705599
0.1000553306834071
0.8009144534969197
0.09809349211426888
0.20978677984127803
0.21723865714191692
0.40179272678720857
0.21668775160645026
1.1946892281796266
0.10757652899083947
0.399830941289431
0.0058506915780016655
0.5075197467709538
0.09944657727283257
0.1903446640760622
0.1951341801760762
0.27496608882808005
0.2119832542846245
0.19614102090417518
0.294839276313291
0.006341289010343587
0.09719908329699045
0.10836168373951693
0.4999446693165934
0.4012388655276977
0.1966977850463305
0.00022874386791116308
0.055878938753212815
0.09442538985733773
0.29281481560239886
0.2009760360363373
0.2401991856199528
0.19671910251240288
1.88344718042055
0.4922457177721986
0.49659016192758276
0.09396254139587601
0.1990477201464529
0.0972923362088105
0.20158900350346265
0.09787045368282854
1.005600199145328
0.19976949889804896
0.10137885725398554
0.19994329995402627
0.00031417343178219426
1.9121116848245432
0.20197720283568454
0.10010337981999928
0.19695703201263548
0.008284699143744412
0.0030429679873646975
0.19797052081500688
0.00019918561995257988
0.20045774746939937
0.1957814377524727
0.26954423813796513
2.297996266156564
0.21333908059355533
0.20336727156000567
0.09915962454581528
0.10362309134368353
0.001315856936682458
0.26486499704705935
1.697918925021777
0.0003751194294983051
0.0007100954653882496
0.004321667638822468
2.986990422511994
0.597919856393136
0.09993465376121602
0.10088829842957114
0.10192962196503519
0.20200373384343617
0.1995727801374052
0.00845317703396109
0.20770337797968352
0.10031850770758055
0.10836127505672355
0.47592743752736677
0.010879081029170123
0.18647138338765412
0.00018768453821227382
0.22254250703682477
1.4958002872371026
0.30002318895371793
1.501403600729999
1.2952043362890606
0.33057369759348276
0.19815840401558038
0.18040055060540006
0.6030429679873643
0.08705302382686675
0.3810433896864023
0.09955487035848609
0.2268464655034066
0.2022853734662
0.00019918561995257988
0.20049203272956095
0.1965842997379088
0.5915778136350314
0.5060291144148588
0.0014158604878948822
0.3148725500825247
0.2913354798797396
0.2999669367616127
0.10019918561995222
0.0019902911134224155
0.10093954772019931
0.19784438379692482
0.0006697520160292569
0.19571340413405824
0.10677903903649266
0.2901800303737936
0.0928797743609433
0.09890083073935152
1.601029448578486
0.19795336425669063
0.19993465376121566
0.21803658494901867
0.3830766360907436
0.008422186364968276
0.20102957162896828
0.12942593104111033
0.00775428222780139
0.10006534623878416
0.1980736410396826
0.00018340590928733747
1.2999628282905311
0.68960851772965
0.09975110022721534
0.012138281402195084
0.14072562726492066
0.020249089074810378
0.3911762740994913
0.012189059164182225
0.19982836490571643
0.19930237808333384
0.10412806481774695
0.20568121465609934
2.29721086593361
1.0000494188427114
0.02922929518666706
0.1315460779924731
0.0003181131236384971
0.1560347883706319
0.09613702853914141
0.40048204375149954
0.39760645480757795
0.5967482096661056
0.0033067415259502297
0.09962192648038126
0.0023104724855596004
0.2751760932357792
0.23265578323492786
0.6139456963359029
0.2006484900514156
0.41407456894481953
0.43642783998571844
0.19562548110184252
0.19975203758189952
0.0028199479023429674
0.00019918561995257988
0.4893183725468697
0.2674651818532805
0.23616630590116117
0.19807899073835067
0.3076981288165168
0.2354050169730435
0.8981830873181398
0.19876089881144932
0.21526932869612025
0.09927445535144397
0.20021580610705847
1.0945258755053757
0.28856480936872053
0.09930059385321677
0.42938487426744754
0.05540465624672386
0.09115066871203403
0.09980081438004795
0.00031010943958786896
0.1876693878833393
0.20159421446262193
0.1964157198243015
0.28158512744000497
1.686990422511995
0.16765969224625898
0.22024908907481056
0.20185406859742194
0.18814270049351478
0.21465356305975103
0.004591629557765486
0.7997990860321149
0.22024908907481056
0.016076835168020054
0.799726203520426
0.004591629557765486
0.22216666895913129
0.02526248012944965
0.20362309134368317
0.20002779676389082
0.2001482750250112
1.201885529387095
0.41213828140219455
0.20560401462426547
0.008823725900508173
0.20157889924539507
1.005600199145328
1.1001803184962133
3.30632383871432e-05
0.00019918561995257988
0.0006994061467837653
1.10021159452954
0.09980081438004795
0.19522065584783732
0.10899917780418988
0.20011689824046108
0.0036230913436829937
0.8075720817296448
0.0035653794390224647
0.2042865958659421
0.0019581406148105884
0.20002480988662974
0.19529393138293472
0.0999006627957888
0.09968188687636204
0.19701043366731597
0.001774378704894275
0.20404547365619763
0.20067206438550045
0.0005852642913897199
0.013366580735233669
0.0809305548222552
0.011478916033527575
0.05881676907991196
1.6896927829118784
0.7628841355531568
0.008494530504822961
0.2508528018762268
0.11039148227035067
0.09984902714568555
0.2000371717094689
0.024819280762018003
1.2999229197247972
1.182798541871506
0.19964409811510375
0.19458675532486502
0.20347706824623302
0.2022593296391042
0.8977875630368786
0.10449822725834768
0.20211636603303162
0.09674184040603695
0.10769393850047937
0.10053199964933413
0.0035603108907622527
0.5986675112812829
0.10037425331486372
0.2950859264567294
0.10181638663508696
0.20076665214315703
0.09980081438004795
0.00031010943958786896
0.20037511942949848
0.19987515265824474
0.37927778079564245
0.6030429679873643
0.015428090227993962
0.18176650672558736
0.02158860322259404
0.20418058732771183
0.20715779997511863
0.19960293882173108
0.0999509106732388
0.19721086593361026
0.7926422958370525
0.0004549273025009626
0.10137374377170971
0.11575934015863343
0.10964470818774075
1.1894621258395421
0.39768952751443987
0.05559145543299593
0.05370581794373219
0.4953263380356834
0.20361585176248553
0.40962594428367627
0.5015548375187917
0.19876089881144932
0.22318506834863783
0.20018340590928752
0.16927878477342073
0.12369842324951286
2.113945696335903
1.0980083937849665
0.401504645645236
0.20543341381703328
0.07012872938846737
0.1954083704422347
0.00044167660003768816
0.39799626615656347
0.3083613524478164
0.20019918561995276
0.195795920631757
0.015493236385929698
0.5103224696677593
0.2950757310587546
0.09790309245990247
0.1991457839016677
0.9179670349107205
0.265694330802166
0.4885210839664724
0.18594594466201197
0.0030429679873646975
0.2704026539019875
0.0030429679873646975
0.13193737654047588
0.20081304256610633
0.20022874386791134
0.4999628282905313
0.3911762740994913
0.6928378550583414
0.6106363245618036
0.11194415118110701
0.1155610678786374
0.00019918561995257988
0.40026199572932875
0.20121364867612712
0.10019918561995222
0.08885605230506499
0.2919068339705877
0.2769408788990697
0.013068138867333268
0.19712757610084708
0.40029614169417194
1.3842406598413666
0.1999505811572888
0.19641912770268188
0.002942132693391386
0.20775428222780157
0.11745320128284131
0.5925927586155701
0.0990291620925774
0.0979533642566901
0.20067206438550045
0.12024908907481091
0.20634128901034376
0.5011215250717083
0.1967418404060366
0.30037975015121177
0.39830287787394614
0.10019918561995222
0.7036730857146338
0.10949848972268139
0.006815785672734442
0.004316804662811258
0.11147891603352811
0.10003717170946924
0.09993465376121602
0.09936151045627906
0.27975091092518944
0.2645949830269565
0.09678404744327107
0.05085280187622665
0.0027034702375878794
0.00019918561995257988
0.5983932729963284
0.20395458854683035
0.2042865958659421
0.21721466373027098
0.09104990376956845
1.2801878880871636
0.3996491817106138
0.2345719290809658
0.20208995551030373
0.08458137054375925
0.20751962489592657
0.18279808326522318
0.8168562882624997
0.39891697032943974
0.19069906067328457
0.09833979970446283
0.10007708027520312
0.010731578568780265
0.3001991856199524
0.005081030854306334
0.19995507581653094
0.19825000219759126
0.11365808177838943
0.20016905871056867
0.10018340590928787
0.2029220828738305
0.5971717749140408
0.49756316759376684
0.20011659214117739
0.001159102257264344
0.11970377647493091
0.020249089074810378
0.19946398869261905
0.2083493655470665
0.5017395094241941
0.03351592078139021
0.09658574695838151
0.11566521934558605
0.20021580610705847
0.2034699265093094
0.00018340590928733747
0.6008615520783644
0.06176427332501078
0.10459162955776602
0.1976515625002735
0.08338963514376285
0.3987650417861639
0.6885210839664726
0.1893500895307163
0.19993465376121566
0.20124323983778414
0.09864808432649763
1.9969157247378062
0.11032246966775894
0.19893109286835742
0.10010598817625116
0.09919550192019067
1.9319666459769023
0.10613558711465831
0.09818785996418367
0.5040862926143239
0.20302345888197237
0.10038724869776416
0.20991230222206436
0.16837327121520662
0.09983728465857311
0.20028107440097198
0.20003321944637786
0.3902814401371071
0.06917543882291088
0.20681578567273462
0.10002751314267844
0.10433276094255461
0.3001991856199524
0.0036230913436829937
0.11067705916256809
0.3003397960405394
0.21147891603352775
0.00018069168558820792
0.2033275036951272
0.2752630862126866
0.09948657484887669
0.3916055642092289
0.20102531207339158
0.20176018219435665
0.00019918561995257988
0.19839627615756594
0.20459162955776566
0.20016905871056867
0.19273274508262617
0.10061238084430002
0.2064257919759669
0.40091745749582586
0.1943517838801645
0.009498489722680858
0.21294104401431113
0.09473121440402732
0.09281481560239868
0.016406934187955358
0.11425664042751826
0.008262490345168239
0.08378558991464047
0.09998259162792333
0.10019918561995222
0.10625266981677317
0.20036661741340112
1.3073304194958144
0.20101708877096858
0.1033853511522409
0.09973118508085488
0.20229987444133357
0.19878620582595108
0.20362309134368317
0.10253771012451551
0.10345998410901114
0.19606860178938135
0.16756980653543785
0.7999901895078043
0.200412812245097
0.16888929559954313
0.2010260659083496
0.0024383891802362
0.3969791043838722
0.3045909311260955
0.7912825154793977
0.19968582656821798
0.2995446438079181
0.10224209343617918
0.005450115817096979
0.20103378562033214
0.0005806898375508851
1.2868421978267426
0.017821647314034905
0.20356031089076243
0.20004908932676102
0.00019918561995257988
0.7988142405856626
0.20397806218102676
0.8797509109251891
0.20008038007039364
0.20019918561995276
0.09701932325956886
0.09767785733744816
0.395408370442234
0.5007778940433552
0.49536706954440657
0.3012391011885507
0.192902442578049
0.6955824050147186
0.2196521438361856
0.20018772770599114
0.7885210839664722
0.27077070481333276
0.5822507105919348
0.19050151027731932
0.0002810744009718036
0.19695703201263548
0.23693879523850736
0.10181691268186022
0.09397203931802967
0.1982398178056437
1.6882141766771879
0.3003027383384458
0.8985786511471154
0.09843243111852829
0.10380322232567263
0.1741837100025716
0.6981527849612821
0.20018340590928752
0.20016905871056867
0.28029622352506944
0.09890556619437962
0.19993371358812873
0.00019918561995257988
0.2689700951856935
0.09998214702056618
0.0028460110015391393
0.1048909639131379
0.09282989810236764
0.2674178866539201
0.19446866065231738
0.1841230458840819
0.8966743163451456
0.19946398869261905
1.6998063700460175
0.08582972968277769
0.09961298343191505
0.19706405606723454
1.8951873410197937
0.11280633655761996
0.2998165940907125
6.628641187145234e-05
0.00016905871056849264
0.20355695622175674
0.8963769086563165
0.299950910673239
1.1030429679873643
0.08375353301892918
0.10019918561995222
0.09957278013740467
0.3315378379398446
0.19988285724652233
0.20129774829099212
0.202828225085959
0.9999006627957892
0.8984509516463586
0.22458810903651294
0.19628515046795503
0.4971717749140412
0.19637690865631718
0.10297598883555104
0.09994466931659307
0.10219623961275826
0.09955401604877157
0.1303535294044531
0.1999958243188864
0.11575427260211679
0.1947090761695751
0.005086826778304854
0.09918551339030479
9.933720421084757e-05
0.09617990579937974
0.07067046985612624
0.09721086593360972
0.9071701018976324
0.20331754834422444
0.20034220421380766
0.003622011744632836
0.39244191653758076
0.010096917367317104
0.03204071603177372
0.09997170856287863
0.09637690865631665
0.2027209211637917
0.06103184256719718
0.19480202914925027
0.4015536581419461
0.8991354131115505
4.9089326760842766e-05
0.10095227985354782
0.075176093235779
0.09928454965203759
0.008262490345168239
0.2212081409465254
0.20004908932676102
0.19997681104628207
0.005152340445384596
0.09980081438004795
0.007689123217947902
0.3967840474432709
0.17805464100021595
0.00012520331289511688
0.894948499816512
0.20063909926253132
0.11554854579830742
0.20399162955662753
0.5073432821439203
0.8272188016330526
0.596540015890989
0.00502373127389788
0.4955821315425961
0.2008045981986717
0.2977661088739483
1.4044139134374172
0.21147891603352775
0.22721880163305297
0.10830890212715794
0.395408370442234
0.20034220421380766
0.1741837100025716
0.19901625057605798
0.09345799469235239
0.1538269803891339
0.0999509106732388
0.10186311345151555
0.011684437020958782
0.10870400438558558
0.38306097611643963
0.5022500054487464
0.4016586350143543
0.0046274712368141735
0.5999628282905309
0.09680196374451988
0.1986121243768295
0.09452164113650685
0.10018340590928787
0.21147891603352775
1.099944669316593
0.19712602020809555
0.34603130118431924
0.19982893187760808
3.1205927309763126e-05
0.30299104264631005
0.3963769086563165
0.08298238141766934
0.2008385643429751
0.22940172027404415
1.2885210839664722
0.20025866977423679
0.0991413740227074
0.013052822208347692
0.1985934146358801
0.008080318473315806
0.5998884524328112
0.19944129174419434
0.5016460604874808
0.10079858724819069
0.00019918561995257988
0.09944002943464003
0.00019918561995257988
0.10504129974774123
0.14629418205626799
0.37028222193217086
0.006645938035793719
0.4002155791046036
0.2014213488528842
0.10005346478250665
0.012855507373267017
0.09871403324163719
0.59727872868738
0.2679592839682261
0.10491732385541219
0.19348061230496594
0.501820039669612
0.169514194983587
0.07061512573255246
0.20018768453821245
0.5954345578147198
0.1040161460150113
0.30216663001989463
0.8118572995064852
0.11673907150688212
0.18762420989363804
0.10011689824046055
0.10634128901034412
0.010011915971564811
0.09963250490338726
0.0003674950966132684
0.19540906887390452
0.015214133792306406
1.6052687855959729
0.0014356077923283195
0.22294084524263802
0.2945298685170199
0.001594214462621757
0.6491471981237735
0.20004908932676102
0.2006803278341227
0.13078499317107806
0.2957134041340579
0.10004908932676138
0.4090867043214903
0.09994466931659307
0.09894637483745417
2.2936587109896562
0.10019918561995222
0.1153167995273563
0.1010770232448932
0.20084472747829363
0.20037168928028493
0.20475724913209792
0.4969791043838727
0.2949525398396622
0.012354161003136355
0.10469162434983748
0.16752709146621658
0.19876089881144932
0.09540837044223416
0.1035843592053487
0.6915561238514307
0.002158020026276297
0.10717010189763254
0.21025289605499875
0.399830941289431
0.0977561964569551
0.005082699161666149
0.1009409893130746
0.19964077539133207
0.899830941289431
0.0007001589279100884
0.29983094128943133
0.2006803278341227
0.11327989557267948
0.29758522322943115
0.192545998598586
0.0981673272934227
0.39981086720052694
0.13368334176207952
0.29840578553737807
0.200412812245097
0.20382477020078404
0.0001803184962136939
0.10197127895750047
0.20602766201678957
0.09641564079465148
0.1032161593444636
0.10004908932676138
0.19766625413147665
0.20184159598441997
0.004325113196963493
0.29988944571142717
0.16399584968782843
0.1998490271456861
0.09394792826835818
0.19711361380386716
0.21151373824621444
0.203099658784895
0.08377020925499234
0.10441759498528214
0.8012391011885507
0.09695703201263584
1.9002229558029686
0.12094116579167569
0.00019918561995257988
1.0961844207930458
0.09567833236117806
0.08967753033224124
0.9697770860114838
0.10010337981999928
0.10015097285431462
0.6002854041443584
0.022572670161866704
0.4004191042364891
0.20019918561995276
0.1974369483638707
0.2460313011843196
0.013945696335903257
0.0983433275783625
0.001679033124625029
0.1999446693165936
0.09980081438004795
0.19903741612516335
0.795203445289026
0.19788223674093253
0.19637690865631718
0.19226215138691316
0.40022874386791063
0.7911762740994916
0.02122836801557071
0.0015279071528810917
0.21113270003657814
1.6997413302257636
0.39692360210511346
0.5009679514593701
0.1817882733763696
0.19710523627839205
0.7124510253788321
0.19924810438325657
0.10004492418346889
1.8989724002737836
1.1113719116377947
0.19448230879115158
1.181967705610699
0.19977125613208901
0.7608778265514751
0.19486229466417626
0.20019918561995276
0.3071701018976327
0.20265463820297658
0.5999628282905309
0.20022874386791134
0.6003423323545025
0.00023847078040351022
0.09994466931659307
0.20830890212715758
0.00019918561995257988
0.006017620102306331
0.7878236926112301
0.21551310690903414
0.11206618841994942
0.10026419722430546
0.693768884057449
0.28694628645064135
0.09959639823846533
0.11623181351896594
0.2998165940907125
0.09781860858986935
0.6599687870525779
0.4837855899146408
0.19766005762686856
0.001502123475001227
0.021771005557158496
0.09791004448969609
0.0014132156584762967
1.2981659551294875
0.0011251432331365052
0.00019918561995257988
0.4917783783172105
0.010381000225106796
0.002436832406233158
0.21161785170606784
0.4272652017473968
1.0805235609045765
0.600336505575255
0.20081304256610633
0.003237706943100882
0.06795928396822593
0.20019918561995276
0.7005045259822396
0.011478916033527575
0.1997825088805083
0.0988629563869523
0.09969726166155457
0.09984960965086387
0.29641564079465166
0.19978442089539605
0.18605430366409692
0.09977125613208937
0.09980081438004795
0.10362309134368353
0.8756849803080504
0.19993465376121566
0.1999446693165936
0.10216613296613186
0.700135595480817
0.7461730196108665
0.0977798390295952
0.11071773982591537
0.22002991105782232
0.00019918561995257988
0.10493392004167834
0.0007835725311116093
0.8966791310340225
0.16096724206361746
0.10159421446262229
1.601025312073391
0.009819701156836835
0.10098001962462266
0.22024908907481056
0.30251787556293497
0.01194406676456694
0.20634128901034376
0.20005252364081194
0.20072816576460273
0.2014180380892583
0.30510587342470075
0.10019918561995222
0.19949696252981397
0.10120863718529538
0.20354581019359053
0.8963769086563165
0.20949848972268104
0.19974133022576357
0.2013578146755064
0.0013139698552731005
0.012273694666304458
1.100181608961539
0.0941267410071811
0.1051221658628565
0.19209872805348205
0.10434400249742026
0.39802446476447084
0.16942630240651724
0.22474155199905166
0.11305282220834822
1.608324545285984
0.8030429679873645
0.5022515524430746
0.09903861410474679
0.2112244000803445
0.22077676555622006
0.09912757494541236
0.10068183257320129
0.4856083900971351
0.20016545804443897
0.20128652739204433
2.9853464369402483
0.5023698030212911
0.4925927586155705
0.20749234340431766
0.009161252597523983
0.2013801928497223
0.2007272620051488
0.02721880163305279
0.19540085305874566
0.09945673392029164
0.20144962736227168
0.20170707052225545
0.2006922994748912
0.20029787153491618
0.2096351209979863
0.005480789470873937
0.20005252364081194
0.8003280916416404
0.19969351810766245
0.0915618794397508
0.7003008362591192
0.7848895375700984
0.0012929263359042764
0.3382357266749896
0.09879914061548334
0.17044788422288715
0.13096869316067838
0.20949848972268104
0.00019918561995257988
0.1033934234408358
0.4998490271456859
0.013052822208347692
0.6879837942522604
0.27496608882808005
0.19717177491404136
0.20556902461093252
0.5020294791849933
0.09906592846554929
0.22482390676422082
0.29994466931659325
0.00415671808883733
2.0014664590375038
0.11760616171143923
0.2121890591641824
1.501180035528228
0.00016905871056849264
0.10062872229187558
0.299950910673239
0.09927397827034223
3.0082624903451674
1.0990604522798009
0.20021513344205122
0.3885210839664719
0.10092526199780316
0.10610864298216427
0.39211905844933614
0.19282989810236728
0.3854584663621736
0.10207775596325863
1.095853731322543
0.20114816742739094
0.1010200614110337
0.004787902663698773
0.0006533811247528831
0.29972501831398013
0.20433276094255426
1.6008543315607993
0.09979823807727062
0.7992761654451694
0.18212097907419267
0.0018879542859986387
0.29980081438004724
0.0925599573242426
0.01579450680805028
0.39755231625550014
0.10019918561995222
0.10281827675549948
0.10072738794613656
0.19924810438325657
0.007064413372542155
0.02707475742512422
0.09995177672035283
0.023946074693630415
0.17278119836694739
0.18465915839271485
0.20907066914276484
0.20504578898847647
0.19473121440402696
0.09983674302247891
0.009364954722041574
0.2716736801682176
2.2948304710211325
0.3958194126722878
0.5000494188427114
0.09844611694722705
0.09918714137668161
0.22474155199905166
1.8908419887195613
0.49335946703070377
0.4911762740994918
0.19960469179389673
0.20189201645629495
0.40727279218423007
0.790501510277319
0.296377988255367
0.21394569633590343
0.08977806527190602
0.09544086972100096
0.00642579197596671
0.002023106341295211
0.16512041539753053
0.19936672637308916
0.010731578568780265
0.20613992814011795
0.019812111912836272
0.3001991856199524
1.3012390489721222
0.79222100312795
0.0965229317537668
0.19891076068259306
0.010322469667759293
0.39817390220960736
0.5954083704422342
0.20545011581709716
0.06672772182619369
1.9954083704422345
0.10002678446124058
0.19993009261845884
0.06915663017589768
0.1802962235250698
0.30619761074257923
0.1979197272270241
0.09948442880363562
0.1885210839664726
0.09571340413405771
0.20248369908965635
0.4044869329783971
0.033150076731721434
0.2367082314838953
0.09977007005025751
0.49840878318513315
0.19943175000894975
0.3003021226443252
0.1870530238268664
1.0310299048143063
0.2704478842228868
0.10158715173301935
0.09678404744327107
0.013054959742964556
0.3953083756501625
0.09954676666974205
0.09963250490338726
0.29061013508877487
0.09599756387034297
4.941884271136843e-05
0.10159421446262229
0.1039545885468307
0.006592641806278721
0.5992148829703634
0.1329606158269323
0.09939326802164228
0.20081260891459696
0.024823906764220638
0.22884264973876256
0.20019918561995276
0.8001204457334081
0.38496017157053686
1.1865479531715772
0.18478392163834112
0.16712764885884646
0.3959879768180947
0.5995557184395137
0.20358435920534834
0.20122103273862368
0.0003947754842279494
0.0025401146755434922
4.941884271136843e-05
0.1990595776934887
0.20340378850044427
0.026268884166231743
0.19127984715746305
0.19996261572866114
0.19966058673335585
0.19955996018225797
0.11134357205221512
0.05370581794373219
0.4028724821788163
0.21294104401431113
0.8361663059011608
0.0022965132032863877
0.0007465195004172642
0.49997519011337044
0.09721086593360972
0.3033633070884729
0.19895512887466182
0.6035881310036704
0.03492750476466888
0.08877559991965533
0.13399486857082632
0.3001991856199524
0.400065346238784
0.0023699631916507258
0.21374862850582854
0.800228743867911
0.0999006627957888
0.1332819963742038
0.07342681060745537
0.09518062914477099
0.3050943289856134
0.29983747259359816
0.20104482053353223
0.06486989561736767
0.09993465376121602
2.296267820866861
0.19190944283242128
0.49927549500634516
0.10109916926064866
0.09908848744048004
0.19695703201263548
0.042983019498941566
0.19991823286408383
4.9089326760842766e-05
0.0006378119924361769
0.6053054725321578
0.6052687855959729
0.020249089074810378
0.10491732385541219
1.8010815621908645
0.1086349906113977
0.1000771869399868
0.09981680220071709
0.19555026927091035
0.0012390489721223474
0.08448689309096569
0.20038086666378696
0.5011069464038247
0.11234120842620232
0.7994515295506002
0.09495253983966201
1.424823906764221
0.2009252619978028
0.09078935317742332
0.010126828612185612
0.0997597356555664
0.0028909643116881156
0.10679641001399443
0.20170135130795064
0.0046916243498369425
0.7960958163920031
0.10362309134368353
1.5649701924820327
0.20022874386791134
0.2977788996244408
0.1061847614123721
0.28856480936872053
0.4866153404460265
1.4931243727489214
0.0008680421103521851
0.20372199068994412
0.20882372590050835
0.30005531726806467
0.2704478842228868
0.10004908932676138
0.004591629557765486
1.198248470879153
1.3030429679873645
0.20414232366874607
0.09987515265824509
0.5974453878950747
0.1033256836548544
0.1845757260863632
0.2979222440367417
0.18921833338193217
0.2021962396127579
0.10016905871056903
0.013452046828422937
0.04629418205626745
0.5912181563207879
0.21458352877900744
0.8960819167119549
0.20441759498528178
0.10761081958456664
0.424823906764221
0.30006534623878434
0.1874798458827236
0.0061948959853310726
0.002483119048790172
0.7981141879798397
0.19656724268244563
0.19805680001352322
0.20159421446262193
0.10354581019359088
0.10392853880377739
0.19932805770974404
0.09705786730660915
0.20214810616026924
0.004600074068903837
0.09981421282201364
0.40304296798736416
0.10183404487051284
0.23851960899349667
0.09727992608730496
0.20491111063743084
0.10722482231962971
0.06459498302695632
0.47750981322524666
0.7924174230847152
0.19962975396294524
0.7578518938567544
0.2049345661507438
0.2013578146755064
0.06490045594461957
0.0030429679873646975
0.0020037338434359953
0.20062430238316153
0.19829084527145202
0.3050457889884761
0.18804043633029188
0.007521411819929824
0.49491730083833385
0.006193661496845415
0.20097354609020002
0.7051267447813663
0.18660394174464745
0.09777685755828003
0.4935742080240333
0.4991448866763166
0.09658703281138692
0.20019918561995276
0.6003307269130973
0.2023177208397815
0.19917070966156825
0.09509815677263322
0.8011690927239199
0.20020613954404887
0.002680292704046572
0.10178281150724189
0.5445953437532758
0.2981451494051104
0.19880560217424126
0.18967753033224088
0.5954450032000214
0.5944933778056081
0.198394366161752
0.09987514639341555
0.8998451837088517
0.2994216304815094
0.8098197011568367
0.0002896094629472046
1.1001803184962133
0.20214075946498777
0.3302491073997089
0.0005388759422482181
0.20278778692042643
0.13133042569776165
0.901926358960317
0.903309943866442
0.10138019284972266
0.29403554950607713
0.2028930000256297
1.088521083966472
0.4964796534334761
0.4919567498950439
0.09495421101152424
0.1058506915780022
0.15085280187622718
0.00019918561995257988
0.20379190883212228
0.1984992714323619
0.201791780670594
0.18855344308265654
0.1992600939939262
1.4453036132633166
0.08409476254009096
0.0010235788432817472
1.29565599750258
1.3216400835230973
0.2289017955242061
0.5272652017473964
1.4776182643672087e-05
0.300282314496612
0.09909098646527159
0.2822543464740175
0.09773631675235173
0.2011880845307381
0.29726873410336996
0.8037045505185514
0.0007769164512749782
0.19518535077989085
0.1007245463040789
0.20062430238316153
0.07028222193217104
0.10008176713591599
0.10053601130738077
0.09855905028070033
0.20701933155019958
0.0064958886517549885
0.4903552918122598
0.23823572667498993
0.21337340128788806
0.2129962891816657
0.21542935109493566
0.08933473814204884
0.004741074256722655
0.08346556804268612
0.10270347023758841
0.28019386976720195
0.10244768374449986
0.09785770458074694
0.20223622145069076
0.20019918561995276
0.0977600802411498
0.39922846974723747
0.2673422371908547
1.1957951561572235
0.10777899687205039
0.19972528315774696
1.597910044489696
0.03328199637420326
0.09282989810236764
0.0998256648805027
0.004428948506554065
0.2075436774681707
0.09874917715908182
0.1995843272242297
0.09398237989769331
0.5963769086563167
0.9264393499972723
0.4277610940339889
0.00019918561995257988
0.1996190179371018
0.2688892955995428
0.19282989810236728
0.5007264105663536
0.5989099941143072
0.09951410075783418
0.19968582656821798
0.2050781896030749
0.0991046870700325
0.0036732639409517986
0.09981659409071231
0.010208417451802454
0.21673907150688176
0.40717010189763236
0.10044428156048646
0.1998490271456861
0.09321143086784023
0.5981659551294873
0.10087364951893019
0.10302442853804283
0.0036230913436829937
0.007737848613087017
0.3998008143800478
0.1088237259005087
0.11194406676456747
0.0001086876198890252
0.20019918561995276
0.10915648962131907
0.20231468256995377
0.007733973745656542
0.3869904225119942
0.19998259162792298
0.10871733036362574
0.1972217164119101
0.002180265446775742
0.05469638673668342
0.09994466931659307
0.20077583057377257
0.3747375198705498
0.30199463548448957
0.19698765864670076
0.7957479536820768
0.19996282829053147
0.20949848972268104
0.1992392016950406
0.09978454472366494
0.6004795655545756
0.09980081438004795
0.19844888087539037
0.00521634365807877
0.29957278013740485
0.26148039100650333
0.09248037510407325
0.18496722065522953
0.10465955433768315
0.39755231625550014
0.19259823025920308
0.10362309134368353
0.09204236908688923
0.01820084632763308
0.06945398477371434
1.3067405652704434
0.6002198482317489
0.5067604214263977
0.1996576676454973
0.2768469758845731
0.2006345451770608
0.20102531207339158
5.5330683406573655e-05
0.09940085683805577
0.3969116674022981
0.07879185905347441
0.10003717170946924
0.3001991856199524
0.20232288810713683
0.19993402659116732
0.10129383758598642
0.29815990028141126
0.19968149229242016
0.30041644056597683
0.00642579197596671
0.7035459180865127
0.09895307602954073
0.8007089451536027
0.09980081438004795
8.038007039345985e-05
4.100640463633454e-05
1.2986555158440227
0.10019918561995222
0.0069858021134248105
0.2125082479669862
0.09921381681165098
0.29983094128943133
0.20019918561995276
0.19379676136750312
0.20211636603303162
0.26765969224625863
0.1825467987171594
0.1741837100025716
0.20362309134368317
0.17331000306206779
0.10311856768853289
0.16360545511485558
0.006796410013993892
0.2010469239704591
0.005927663836399866
1.0866153404460261
0.49618442079304614
0.10000729798090546
0.1999211833264516
0.6997481804254146
0.29817813869693843
0.19995091067323933
0.495793260674418
0.016805040994319675
0.20317532907982905
0.308037260929388
0.21690030272987926
0.09984960965086387
0.10026165510959739
0.0006255778132304712
1.1904850825039155
0.21305495974296473
1.0925371928934737
0.10004941884271101
0.2977222564251596
0.19876089881144932
0.09821440832776052
0.11319621673500091
0.10397806218102623
0.21247518582356673
0.2024826175372345
0.20030244752441018
0.19876089881144932
0.05085280187622665
0.08804643327429762
0.09304310102561786
5.5330683406573655e-05
0.10276495972788613
0.1908740743454933
0.19993371358812873
0.10173472794670069
6.534623878451384e-05
0.20345998410901078
0.4884619040762166
0.20018631196785908
0.4994609804152832
0.003580872297318294
1.0911762740994915
0.08445145420169275
0.00019918561995257988
0.18605430366409692
0.11227686044155316
0.21147891603352775
0.11066526185795134
0.29540837044223434
0.2998165940907125
0.20018340590928752
0.18392553408204382
0.19964330520227236
0.17028222193217157
0.2143634631853537
0.6868466403815949
0.10362309134368353
0.19559086530201508
0.18609724229688762
0.10321595255672911
0.20174626671740103
0.9042191341571808
2.2955592689543174
0.1002212500884383
0.1998496096508635
0.40082026412946714
0.008823725900508173
0.20016180917118565
0.2981139396942165
0.01425664042751773
0.19046008325518482
1.290850409646163
0.8998257609153129
0.8962626214917027
0.13369877066001834
0.1935087348361968
0.20293075365197666
0.19868408814150573
0.016939023883559834
0.42940172027404433
0.20016905871056867
0.10062430238316189
0.20211897335575202
0.49915527252170655
0.27922323444377994
0.19859667530633374
0.002942132693391386
0.09146707437884594
0.10211636603303198
0.3037131752023683
0.19252858352720104
0.19839327299632892
0.0009252619978026289
0.2077145940673537
0.2004347526647141
0.18967753033224088
1.7068539864417689
0.204834509519503
1.8578474892216237
0.20113931459879453
1.6938644128853424
0.5988436336152292
1.1995727801374052
0.19760287437777357
0.20112014361016595
0.30158715173301953
0.0985613833776906
0.28852108396647225
0.0958707697770329
0.10016905871056903
0.5996763655075412
0.29765700602995526
0.2982042849743527
0.599800814380048
0.19977141405282506
0.1670349599684524
0.19839067579083824
0.8690909833440088
0.781585127440005
0.11383575765675147
0.790501510277319
0.20097354609020002
0.19991823286408383
0.20914959035383696
0.4916214411529225
1.28306097611644
6.534623878451384e-05
0.0032106126887780917
0.18647138338765412
0.00019918561995257988
0.00019918561995257988
0.0020268762890296443
0.09876113447230228
0.00048627995461103524
0.20018772022677478
0.5905015102773188
0.300221970479682
0.40322160961427933
0.19859470344556396
0.21300957748800542
0.7003356312305034
1.3801938697672016
0.2990747380021972
0.20150680621179173
0.1005472316713849
0.09436401952203521
0.1997905116053813
0.10080255331849397
0.6971717749140414
0.20050896913575933
0.09865028685678379
0.20006356929447744
0.10019918561995222
0.6046945262643542
0.20339266089864427
0.18605430366409692
0.014267706817766346
0.0960463897329058
0.2735606500027279
0.004325113196963493
0.18967753033224088
0.10634128901034412
0.19396601944391456
0.19528247691996725
0.8974196685527058
0.10041281224509735
0.10152183989811636
0.00022952223245376047
0.5893311388803335
0.6009397029050918
0.0017109462228193095
0.191176274099492
0.20008373546118996
0.20338535115224055
0.20404547365619763
0.1066964123993106
0.001892016456294776
0.0998256648805027
0.47841139677740596
0.097974773835527
0.4061588696039351
0.20854944944878095
0.19869424701256477
0.0013733154386690316
0.5017185106130722
0.2165602021208164
0.09979036377983608
0.3869904225119942
0.07278119836694685
0.19278484756150682
0.00036161474246387826
0.00046905928012197506
0.10120863718529538
0.20362309134368317
0.19989810285095722
0.10079182547455723
0.10460007406890437
0.19980360922193796
0.1992752368478019
0.20016905871056867
0.39704977326935875
0.1088237259005087
0.00019918561995257988
1.007370513940133
1.3019263589603174
0.001635053632147887
0.09550698734272078
0.0012797622805962305
0.10006534623878416
0.007403116537021859
0.0014027059142556197
0.008823725900508173
0.19955266376058756
0.20321624860229193
0.18941230303124357
0.004591629557765486
0.10021143208452177
0.19993465376121566
0.5976384688335381
0.29730016303026385
0.09902552830932265
0.2903552918122596
0.10020804215245338
0.003737378508296807
0.49771462653380016
0.3922349617134344
0.09947153239017936
0.2020361586199524
0.8864122202378004
0.11194406676456747
0.09497626872610176
0.28029622352506944
0.09980081438004795
0.009161252597523983
0.29074149624657863
0.10789113274296191
0.0007118359088185144
0.10151884989399029
0.07487422306719527
0.09980081438004795
0.09960780371836275
0.8940914770323554
0.011717388735121403
0.17028222193217157
0.11191423461249173
0.2025458225679566
0.19927545369592092
0.21070973780820346
0.1996325049033869
0.19520637176706312
1.3025630516361293
0.09832052854678164
0.3991494605601922
0.20489096391313755
0.19977125613208901
0.5058019290311986
0.19653007349069096
0.7010689071316429
0.40010992368043574
0.09540085305874602
0.10033334614982437
0.20192962196503483
0.11782164731403544
0.03399486857082579
0.9009708379074226
0.01067705916256756
0.01250824796698602
0.09528805178520461
0.5004479233570152
9.81049219550556e-06
0.49136379833659394
0.20150543320477077
0.2127748737631654
0.21113270003657814
0.05881676907991196
0.09890999411430723
0.20019918561995276
0.09921329665191969
0.8119749438765229
0.3981922191952094
0.30096258387483665
0.20892676893856432
0.2045105173616939
0.09978010937416304
0.8248239067642205
0.8984184279754936
0.10019918561995222
0.09799357900580041
0.30529746552366177
0.02994366483205191
0.0028606429184980797
0.10349351124010298
0.0013349066747032623
0.28319495900568015
0.005047460160337636
0.2107074744826427
0.3382357266749896
0.6998309412894317
0.10009933720421138
0.09993465376121602
0.500101897149043
0.10309023348675961
0.6935742080240335
0.09861980715027752
0.09819639567494853
0.10031850770758055
0.20154304753632513
0.19960973795945414
0.33167200580583067
0.10362201174463337
0.09990230003859502
0.10107257551074689
0.2030148117352315
0.20067206438550045
0.2002747168422534
0.023946074693630415
0.1999852238173565
0.09944048449705267
0.08942248024349819
0.19092079764250958
0.19987955426659187
0.004127619191472753
0.20005533068340675
0.10037168928028528
0.1307560748542267
0.1088237259005087
0.2155447036772875
0.39913541311155054
0.10481703807300402
0.019812111912836272
0.20121267232365714
0.29410345801725946
0.09980550535053023
0.19245366205776548
0.2960475130566982
0.10005718716270362
0.10026582285082775
0.2073599104407915
0.7027406318460825
0.1678896816745974
0.10058822864159467
0.11250824796698655
0.19390081501271528
0.976012179824072
1.7021715306727714
0.28694628645064135
0.5043974405635376
0.9996763655075416
0.020249089074810378
0.0936224709699287
0.20571914815757886
0.20109652222232732
0.29684483454999366
0.10830890212715794
0.5041627299657021
0.1009884918170787
0.0005594439275133922
0.19883328029408354
2.030350628643247
1.600054630491477
0.4820407278964156
0.4001050265151793
0.19695703201263548
0.09963250490338726
0.6998471363009617
0.29983094128943133
0.004591629557765486
0.2995913406177175
0.19861980715027805
0.2043394392116369
0.48945978541974267
0.09922416942622814
0.10220841356962662
0.20001384480905404
0.00027159838238244305
0.03368334176207899
0.16469810747046587
0.0999509106732388
0.1870530238268664
0.00019575910698232946
0.19446443576719652
1.0893183725468694
0.10727979063880255
0.0867201044273207
0.4002088004860731
0.19971770386081378
0.19787045368282818
0.09924612863773241
0.10016905871056903
0.22874342001063752
0.10871733036362574
0.204123330916282
0.2909900740528517
0.19465159656603603
0.0005572606524824053
0.10143861662230957
0.0014765144768817962
0.013009577488005242
0.19163831626048378
0.10362309134368353
0.3922457177721981
0.09980081438004795
0.10148826261936339
0.1004918057669375
0.2460313011843196
0.10143638850319014
0.20041522448814852
0.0010450641151784623
0.6003087105245015
0.20019217938197897
0.00019918561995257988
0.5009282870886453
0.20037168928028493
0.7802962235250694
0.20104776580821415
0.09441509669373005
0.10004908932676138
0.39746270207607814
0.10667388556194268
0.00019918561995257988
0.008494530504822961
0.0035653794390224647
1.6961755741568378
0.2078809415506635
0.5999474763591879
0.20019864650134522
0.399830941289431
0.19581941267228853
0.09816595512948734
0.26788968167459704
0.6987630302097623
0.08397686586130426
0.1741837100025716
0.4898013903956908
0.196415640794652
0.7039963039689852
0.0869904225119944
0.0998966201800009
0.20091988579672204
0.20004908932676102
0.18594773248497098
0.2979731237109702
0.0998966201800009
0.1005690193067208
0.1331953232713099
0.09894637483745417
0.399838190828814
0.0015159285934362998
1.6114465569173433
0.10019918561995222
0.2194795593514156
0.20228876566763088
0.20474107425672283
0.19050151027731932
0.20127433862747157
0.28808576538750863
0.2004187636995809
1.1905150232063448
0.004741074256722655
0.10222110037555954
0.09988202576194372
0.46894526040497553
0.19902916209257704
0.0996280507578664
0.101592202826299
0.1011392003636935
0.09979895289559604
0.3949040072766241
0.5128199344491318
0.12482390676422117
0.9899346560653282
0.0032210764843769724
0.19968582656821798
0.2038283859464567
0.4971709246132887
0.013009577488005242
0.06795928396822593
0.19808327019818517
0.02526248012944965
0.6993987913916975
0.09981659409071231
0.09845893296152308
0.004591629557765486
0.19695703201263548
0.22884264973876256
0.00019918561995257988
0.20202947918499348
0.5930823971181889
0.11027545998163912
0.21125657998936287
0.19813429543596417
0.2934073581937211
0.20213745300954145
0.39938687828203534
0.20381557920695403
0.002674493588338045
0.10039026204054657
0.20577188714873884
0.1043002236643904
0.27487422306719544
0.10357288203984183
0.09150546949517668
0.3999191296649318
0.20209001973014828
0.3747197137172815
0.09224571777219825
0.00019918561995257988
0.19940998993308856
0.4141702703172223
0.000766652143156854
0.09050151027731879
0.0008416626445617581
0.5994436969528332
0.1977659318195064
0.10026452585532386
0.18899160537633009
0.10304296798736434
0.6006581827414372
0.10004908932676138
0.0005115771550840975
0.10507693687148745
0.00019918561995257988
0.10465955433768315
0.19193571447332758
0.005439644092726681
0.7332819963742034
0.08076448703586703
0.1032161593444636
0.1001990342619008
0.2195317423134595
0.08943676695634029
0.3905150232063441
0.6020011244929142
0.4011212597349205
0.0024217599929716727
0.19890556619438016
0.002029479184993299
0.11554470367728786
0.1998841275897778
0.20124212387111573
0.002483119048790172
0.0007627564304399925
0.1928647990467276
0.2711040038678405
0.21465356305975103
0.17331000306206779
0.018187885729987308
0.7982890537771805
0.49050151027731914
0.2013288893205143
0.008766865756260955
0.7292292951866672
0.2679592839682261
0.00014525181958546796
0.5293295301438734
0.2011394426300699
0.7818296289784383
5.5330683406573655e-05
0.39059601547330836
0.09957439142698288
0.1088237259005087
0.7988125025965864
0.1130463751035391
0.4983642000575834
0.19923318497187914
0.09367989609462857
0.09695345245198528
0.005204615696491999
0.01314176841397785
0.09930449055568946
0.09740804372307732
0.1993418172585626
0.2441778347692214
0.4000662864118709
0.21521607836165924
0.1999505811572888
0.07044788422288661
0.1292292951866676
0.0993532854374557
0.20949848972268104
0.2971871245065296
0.1999446693165936
0.3009896497894209
0.10459227502787893
0.0009522798535472887
0.2045214306097618
0.588853323303848
0.19977125613208901
0.19968582656821798
0.21327989557267912
0.1149594042011639
1.7852979433463645e-05
0.2998104469057745
0.2074978852144369
0.1925980723025793
0.19977820265283697
0.15396869881568076
0.22482390676422082
0.7461730196108665
1.5896004822477297
0.0015327043447666
0.09633082011349892
0.19565214999460245
0.043965211629368284
0.40916877984914457
0.5999509106732388
0.0021310875460089918
0.20208107497822336
0.0010004820592603991
0.0015279071528810917
0.09925297830478463
0.2989169703294401
0.4900876977779358
1.099741330225763
0.20839443579077077
0.10362309134368353
0.3001991856199524
0.031110704400457045
0.09923630335869227
0.004012023181904745
0.20077139649175457
0.13253935387372984
0.0037131752023684683
0.49729737152647235
0.3664552980612701
0.09796452605892014
0.6006384895437211
0.013009577488005242
0.30004492418346906
0.19489412657529925
0.6954083704422347
0.011478916033527575
0.19489180966658726
0.10231047248556013
0.6005834014222655
0.4978984784224174
0.19897042837103207
0.18100400904823033
0.002602657814446019
0.09453921454639058
0.0982755475341186
1.6052687855959729
0.19714505737973642
0.21315335961840542
1.6770591547573623
1.1995727801374052
0.10018340590928787
0.5841818991104599
0.0030270411625128446
0.10754633794223523
0.09079397589977667
0.5027003282432396
0.5059329584329308
0.004339439211636709
0.19948442880363526
0.09779252081383571
0.10034326097089519
0.09695703201263584
0.12097660248677844
0.20122103273862368
0.10191805936359088
0.2007723783481712
0.9790588342083248
1.6983923065129725
1.3080905571675787
0.1973155995882987
0.2660265568142792
1.3949040072766241
0.11247518582356708
0.09968582656821834
0.07605392530636923
0.0868466403815944
0.19949162035037826
0.20745028856295455
0.36160528478458076
0.10308530748110556
0.6905015102773193
0.2876949660695738
0.10475724913209827
0.20119300966111808
0.005207065979359271
0.10013791617481971
0.25370581794373237
0.1706427037368785
0.10508311388590474
0.49284220002488155
0.006027662016789392
0.20159096116454744
2.2972224309582154
0.0996497879137479
0.10174032390332943
1.592763253199979
0.21070973780820346
0.1650724952353313
0.2921939343683837
0.5945258755053757
0.20949848972268104
0.3004750291845575
0.19173750965483194
0.09984927824018452
0.2060176201023065
0.2070807285741143
2.28798379425226
0.0996605867333562
0.034494754565659314
0.20051536926222902
0.08018788808716337
0.005107260771146649
0.09729652976241177
0.19995177032249156
0.2832341202135602
0.4124780437499309
0.7453036132633164
0.08424065984136675
0.6958719351822538
0.09803744048635643
0.10876686575626149
1.4001876845382117
0.0004373315624830454
0.0013801928497221283
0.20459162955776566
0.09512986866094053
0.10875982233170767
0.4847306713038799
0.19885155284167055
0.6988408977427358
0.6995913406177179
0.22149997417122602
0.09746953847198725
0.300565721465353
0.10165667242163767
0.0009965462813044113
0.09797052081500723
0.0008304371739908945
0.8202443572092335
0.18269113297406747
0.6053054725321578
0.09167545471401617
0.20479655471097402
0.27975091092518944
0.0027979002210134496
0.19071764877992337
0.19971768550338798
0.20010141322467767
0.200716963009949
0.09104387875339714
0.2712565799893625
0.0997434059517266
1.0999364307055224
0.29637690865631683
0.19991919981562845
0.2219453589997844
1.8904676143135646
0.803060177199364
1.4000178529794338
0.19123313424373922
0.4911762740994918
0.047219435426235634
0.10717010189763254
0.20949848972268104
0.005649153393749273
1.8974484593926029
0.2025858771842195
0.20444639618636007
0.001623976179321751
0.10949848972268139
0.20397640524354177
0.29637690865631683
0.19730548919086743
0.11373883272723528
0.26639560287499364
0.10487224885506041
0.20004905042294485
0.09840578553737789
0.10018913279947306
0.06176427332501078
0.09900941494311954
0.21125657998936287
0.15396869881568076
0.1011920436503857
0.204906454156621
0.3952427508679017
0.09989287224797128
0.7998547481804144
0.7959400293714776
0.499171543273488
0.09923724356955965
0.3001991856199524
0.7139456963359034
0.2441778347692214
0.00018340590928733747
0.5987059162267956
0.10098947404459935
0.23443448734958672
0.19412674100718164
0.40004039704523553
0.1058506915780022
0.08398766304768301
0.09727872868737997
0.22482390676422082
0.0999510559519532
0.204906454156621
0.1993615104562787
0.1938152385876286
0.2716736801682176
0.09950796727043887
0.19654320062215724
0.15921181515956118
0.19774844755692556
0.8844552963227121
0.00048204375150007195
0.0033985541763383864
0.19236422134997166
0.3905015102773186
0.2000371717094689
0.21147891603352775
0.07863868569966037
0.2753980534439906
0.2008174278668573
0.5911762740994915
0.6887799526942464
1.9015188498939901
0.007170101897632897
0.10564750450100036
0.201425523872361
0.49537637895581277
0.0014302364707949877
0.0016460604874808382
0.4850211122045156
0.006063931238574405
0.10272006603258266
0.02249018677475334
0.12869548179750456
0.1999446693165936
0.40045323333025795
0.09980303873646879
0.0002564543492402649
0.20755808346241889
0.10043507395946882
0.1538269803891339
0.39842113206553886
0.20362309134368317
0.20036903613729518
2.6962095999317386
0.08287439328086244
0.699589601077097
0.007471416472799142
0.003954588546830173
0.1057701690550461
0.20745028856295455
0.2727347982526034
0.7999446693165932
0.10459162955776602
0.20076692279749153
0.4967347684308576
0.09957128187812714
0.09989131238011151
0.20949848972268104
0.19974818042541465
0.004367885574461994
0.2045409657675883
0.21421463014594178
0.10142552387236137
0.19690242691742021
0.20016905871056867
0.10177324434846202
0.005112370652121889
0.09948830351078808
0.19671729669199678
0.18890750443253346
0.40102944857848577
0.29518296192699633
1.4165177756254241
0.46267762915939326
0.11465356305975138
0.19741928868000347
0.8636054551148549
0.19349381757528583
0.00023847078040351022
0.2027072919225894
0.10243838918023673
0.5919745137878278
0.0015497421049461835
0.40120593834917084
0.09376855037673781
1.3831949590056798
0.0009639478046254979
0.09922416942622814
0.09338498599727263
0.20914959035383696
0.19018003037379394
1.496671081659282
0.49568319533718874
0.20016905871056867
0.21030721708812194
0.6491471981237735
0.0012988004307947776
0.011857299506485397
0.0019164665944337855
0.09712751782118367
0.00019918561995257988
0.19540085305874566
0.09809345784730272
0.09971892559902784
0.005137705335823917
0.3030683606806628
0.0033160608921507517
0.570282221932171
0.20020877161603412
0.20019918561995276
0.10197019771442584
0.20332574648098412
0.09253145401447682
0.2083079061062234
1.6969003412151054
0.13048580501641371
0.2107816666180682
0.400091735575697
0.20362309134368317
0.10058210227176723
0.09962597822698527
0.2027928078782173
7.818527179637158e-05
0.09921140905677284
0.2751760932357792
0.09603515139510677
0.3009174574958262
0.006678035449252384
0.11451584536450277
0.09994516228248607
0.12024908907481091
0.6996283107197154
0.5926422958370523
0.2985786511471158
0.2009252619978028
0.09891076068259341
0.20191222530299502
0.2009263936948784
0.09776989441404105
0.2320407160317739
0.21067705916256774
0.24629418205626763
0.004216025565557224
0.001219639267202588
0.002246859280019109
0.0023323155498031767
0.20200373384343617
0.11069638106543334
0.17278119836694739
0.10066318781373429
0.09513297624870987
0.00042698983573785654
0.09128251547939747
0.199207654163434
0.5035653794390225
0.3885210839664719
0.20019918561995276
0.09981086720052712
0.20392853880377793
0.1990595776934887
0.10284601100153967
0.0017395094241940967
0.20266661171547717
0.800446697324519
0.012016205747739761
0.2044407310456826
0.00019918561995257988
0.10083961239560413
0.3001991856199524
0.10001522930864404
0.0036230913436829937
0.007510871889609305
0.13273918138625174
0.06580151673958667
0.09979119791098512
0.0022777435748402297
0.20991556019332958
0.11696578918537792
0.01250824796698602
0.20016905871056867
1.2992469014472796
0.002755443313031236
0.006956898974382675
0.10104692397045945
0.2009263936948784
0.4236984232495127
0.0014014529397252673
0.012225670410483502
0.09980081438004795
0.012184346131220991
0.20047961578517626
1.8984453274285071
0.09771949095183619
0.20836168373951658
0.10362309134368353
0.005047460160337636
0.09696527489329032
0.01552062902213791
0.10510033167347554
0.4598598499219504
0.004744601871452758
0.09929573074692577
0.10003841559746363
0.29660855614427994
0.20034220421380766
0.19980096573809902
0.29281481560239886
0.29855042377870333
0.4183611304067991
0.20222169121163436
0.09758084599983796
0.20002486728913382
0.10035206857797885
0.0001509728543140909
0.06705112463823504
0.09930059385321677
0.10167012564166278
0.17273479825260374
0.3077600492924466
0.24298301949894174
0.09980081438004795
0.3999446693165929
0.1980835334055664
0.10359790304292282
0.2689700951856935
0.06490045594461957
0.19913844792163538
0.39398159302051106
0.19854345155975217
0.2017555423122266
0.10115910225726488
0.3998094494819737
1.436061539195066e-05
4.941884271136843e-05
0.8792232344437796
0.09790873793510535
0.0015928761494334864
0.1963325306067425
0.0022137432490429987
0.3461730196108661
0.21237223679570505
0.19978790421438308
0.20285251391305703
0.00300997883802534
0.5954098208088014
0.19604772161930217
0.00341570026209137
0.29805938393079145
0.1382357266749894
0.009122547381182677
0.7997184638680688
0.09599756387034297
0.09998259162792333
0.6016854257048578
0.22030906615365176
0.20314904955287805
0.00015286369903844133
0.18259942201735502
0.20041519715229494
0.20138884142522606
0.007368741691635705
0.0012394432762929952
0.3962189441950361
0.6016146551844441
0.10063151549831417
0.3001991856199524
0.20116908111390241
0.4792232344437801
0.1139456963359029
0.19973417714917208
0.001611535753373694
0.20016905871056867
0.19794024037103686
0.2935742080240331
0.8839624681142499
0.13175754142821194
0.21073157856878044
1.0905015102773188
0.20000938396089385
0.015905237459908683
0.2697791527827853
0.000624302383161357
0.16795928396822646
0.1954083704422347
0.20383354152016864
0.20571047783831453
0.08496722065522899
0.7011575609894702
0.099337333604824
0.09700372098801058
0.10428659586594247
0.00041519715229476617
0.2664840792186096
0.09807364103968297
0.20005533068340675
0.42932953014387376
0.5978318265437599
0.19891697032944045
0.3980489422940421
0.28614467258511045
0.5999543328619081
0.3963769086563165
0.08699594855247561
0.8051173298106171
0.39857865114711544
0.20009933720421103
0.1196922987908291
0.1993261691744186
0.09989622463535763
0.10004908932676138
0.9085421717353954
0.11012682861218615
0.19856439220767186
0.19995091067323933
0.7003704052424986
0.2096447081877404
0.30072553923033585
0.18064130240896148
0.40330824092629136
0.18418189911046046
0.10215802002627683
0.30073468402714276
0.19806129394353889
0.0018374581277651458
0.07775221486595907
0.10451051736169426
0.291619878821467
0.004787902663698773
0.009658788268126273
0.09968582656821834
0.1953030643756053
0.29802372789881915
0.5689452604049752
0.30264396661896775
0.15467304910691926
0.4001960525996564
0.09034121173187426
0.10164987283210003
0.20479655471097402
0.12668999693793204
0.0003640473311481429
0.20706441337254233
0.20019918561995276
0.8797509109251891
0.09992000205258478
0.11405226751502973
0.2013801928497223
0.38491675364376654
0.19791985639313658
0.20211389007644698
0.2222255467921901
0.10042721986259551
0.2926400146486534
0.0035843592053481643
0.5964156407946515
0.00019217938197879647
0.20020694527145722
0.0008059633955319612
0.21038100022510697
0.007170101897632897
0.00820534963017927
0.19637690865631718
0.20093250951124642
0.2688824101715026
0.0999601618015511
0.7000178529794336
0.14532695089308056
0.00019918561995257988
0.002602657814446019
0.19968582656821798
0.18762420989363804
0.1198121119128368
0.09975758198437035
0.10145654844024765
0.20165667242163732
0.18743877225257055
0.6842406598413673
1.3019341685018642
0.008823725900508173
1.9003307269130971
0.19250118851153086
0.09843416596119692
0.09695703201263584
0.7012394432762932
0.10065955315479425
0.3042090347224331
0.10003841559746363
0.300228743867911
1.988699521930175
0.49520344528902616
0.20127433862747157
0.09705786730660915
0.20005252364081194
0.496376908656317
0.27496608882808005
0.10015097285431462
0.20084471493666278
0.06486499704705917
0.0005024092335741415
0.10325815959396323
0.0029025235672905936
0.005600199145328055
0.09872023771940341
0.4999446693165934
0.11147891603352811
0.8035016807319781
0.20949848972268104
0.000197592820233794
0.10127785853781912
0.19567585686237088
0.135135002952941
0.10748850248655373
0.10073242882281974
0.29927616544516944
0.10224685928001964
0.20882372590050835
0.3849239981399597
0.10071219044033519
0.09779936459850891
0.203534143081189
0.3118572995064852
0.00019918561995257988
0.69035529181226
1.5004342817494134
0.020249089074810378
0.07997977675613033
0.10019918561995222
0.40304296798736416
0.6998249850075489
0.3836550003044641
0.11147891603352811
0.19791997614825618
0.19970195433670845
0.1964346205609777
0.29875676016221586
0.29283785505834103
0.20128652739204433
0.10091275188821758
0.20138787562317084
0.4797509109251896
0.7074988114884695
0.09891076068259341
0.09695703201263584
2.620015309858818
0.10332712277099887
0.19864281080600676
0.09962812030832513
1.1090883235506208
1.1056968786499066
0.2003682685385746
0.00036253251563689304
0.18756281320671508
0.1938849657060322
0.004757249132097741
0.10459162955776602
0.15085280187622718
0.09980081438004795
0.8248239067642205
0.10454096576758865
0.1991797358705325
0.7963769086563168
0.48422754537527
1.8989365751715592
0.2910641466091164
0.004789474767098234
0.19282989810236728
0.20796735746965922
0.19786716568953544
0.4998309412894315
0.023059121100930113
0.020029911057822147
0.014267706817766346
0.09979119791098512
0.10013188667734063
0.10192635896031721
0.10006534623878416
0.0038155792069538563
0.2018445885205935
0.10808887587188654
0.2002641972243051
0.10058602386396931
0.37742732983813276
0.10019918561995222
0.0977501563211316
0.1198121119128368
0.20706441337254233
1.3023472620238303
0.0393734105927237
0.09904772014645236
0.10166473730711623
0.691176274099492
0.2997204524673691
0.10045774746939973
0.1987816959698634
0.09994466931659307
0.10197627210118121
0.1004151971522953
0.09734662572347386
0.19190944283242128
0.10120863718529538
0.03328199637420326
0.5990477201464524
2.2988408977427355
0.12120814094652577
0.09980081438004795
0.09145055055121887
0.1999446693165936
0.6995583233999625
0.09998259162792333
0.08754897462116773
0.195795920631757
0.00013294143605513398
0.10051557119636456
0.6854288639709178
1.6003935178269177
0.09498038569051559
0.002992370543423384
0.1887799526942464
0.19856439220767186
0.2006362941745552
0.0006384895437214766
0.20444639618636007
0.5941267410071811
0.0019674118564445564
0.10007772487062727
1.8321629359539484
0.2029088910580823
0.0005984752218983758
0.000766922797491354
0.19848276712514856
0.18478392163834112
0.29637690865631683
0.008081499002599912
0.8310601291024975
0.09902834488692314
0.00041331067653249676
0.20397640524354177
0.20587782419064382
0.16360545511485558
0.20084427627080004
0.3964069235434504
0.05396869881568023
0.00415671808883733
0.31978757380984923
0.21328990556082683
0.014289880286525225
0.20871748452060235
0.3005621171492674
0.10362309134368353
0.5021015594954763
0.09929814360196332
0.300228743867911
1.292528034792892
0.019097033326197277
0.20479655471097402
0.6158769541159179
0.1000553306834071
0.8997252831577462
0.08605430366409728
0.39907473800219684
0.3003027383384458
0.2029910426463104
0.39663035726630635
0.6997677615744475
0.1679023407526934
0.10347156536832536
0.20361968431730215
0.4977751622448672
0.10200373384343653
0.20196763676916074
0.2700865164994868
0.0024341426050433768
0.20270388972633047
0.001159102257264344
0.20044464796216666
0.20553556423280384
0.032539353873729304
0.10182668127836525
0.5805323889944711
0.014214630145941598
0.8113554939056691
0.10019918561995222
0.19875551736614394
0.20227465912651788
0.2992925777128832
0.3995622840186135
0.0006925359656104746
0.11554470367728786
0.09993465376121602
0.3857322931822331
0.9003674950966127
0.3007518956167434
0.20018340590928752
0.19709747643270958
1.571966672494324
0.0030208956161272837
0.41586084746709595
0.2312904960414679
0.5999446693165931
0.09732225207257095
0.0027877869204262495
0.9984057855373782
0.10018340590928787
0.20613558711465796
0.01774928940806486
0.8314327696186448
1.289988084028435
0.29156389296929497
0.4953725287631858
0.3351350029529403
1.9999509106732392
0.29994747635918806
0.20173155303544732
0.10949848972268139
0.0799700889421775
0.10065194074022887
0.20124803988446782
0.10159421446262229
0.11147891603352811
0.010353026264819931
0.15396869881568076
0.330966791360483
2.301539275136421
0.20011320171601898
0.4978577045807473
0.1648649970470597
0.09918110782558465
0.005349682058370497
0.002029479184993299
0.1995835267453181
0.20173899877214208
0.5885210839664721
0.20073179569926047
0.20019918561995276
0.0001780158447663993
0.20070176194680922
0.5034771058813456
0.002485824244023327
0.0012422691056173107
0.19195674989504408
0.004339439211636709
0.00022874386791116308
0.02473691378731324
0.2035841396484379
0.2162318135189656
0.11652900555583479
0.18738740694357947
0.8820874788986748
0.299089263356743
0.1842054931919499
0.11786833188354695
0.1988884231231003
0.3000015762386461
0.03204071603177372
0.0002157757329070975
0.21076197175825584
0.20560218654817763
0.008068307321618562
0.3012394432762928
0.09969787735567515
2.270282221932171
0.6998108672005277
0.10019639077806186
0.0822675496778631
0.10475724913209827
0.3052046156964918
0.199625746685137
0.20949848972268104
0.10040865938228283
0.10021805006797635
0.21542935109493566
0.20333995268791671
0.001613257585797001
0.09994466931659307
0.005908624902662751
0.01586243432893042
0.20016905871056867
0.29946271469839036
0.002400919713406502
0.7453036132633164
0.20183404487051249
0.5940914770323555
0.0012797622805962305
0.20121582629572288
0.20019918561995276
2.270282221932171
0.30232358289651007
0.09690034121510482
0.675927437527367
0.20905119588151067
0.17163687416938878
0.20071151837714485
0.5995457290435882
0.09802650026277782
0.1992680433564331
0.09980081438004795
0.2900679217265907
0.2286848633220231
0.3021295463171718
0.29540837044223434
0.04202731758814959
0.0018189763270042292
1.3999509106732386
0.5008542160983325
0.19944055607248679
0.1273132415958136
0.49819206502410207
0.0018191601989165918
0.19396254139587565
0.0030429679873646975
0.0017975679780928289
0.3990604522798007
0.49872023771940377
0.20572861034111156
0.19997015290958942
0.011681646903845433
0.19520344528902633
0.001064192537473474
1.7993200091745072
0.18660394174464745
0.2062594887870537
0.00019918561995257988
0.2011943978257591
0.10218139141013083
0.1012391011885505
0.20092245657546126
0.23236559013908398
0.19900040509022787
0.10046525579203536
0.20300516785295386
0.19880470075612244
0.09797052081500723
0.30012520331289494
0.09695703201263584
0.09995507581653129
0.0999626157286615
0.7997296480638587
0.10218026544677627
0.20026850872091906
0.20463634838474842
0.10001264025388412
0.2799846901411822
0.20052540022947074
0.17605392530636976
0.21426366036679667
0.08412106566031152
0.0968409446497045
0.009215867075176298
0.00019918561995257988
0.008072850552133026
0.1006594785199777
0.19797689365870497
0.5164139428599475
0.09984960965086387
0.10037621813129949
0.28347099444416557
0.20362309134368317
0.0970089573536903
0.6941817360901483
0.3008615520783646
0.26989685841990774
0.09840578553737789
0.002472644153214354
0.09219393436838352
0.20362309134368317
0.3937142348154943
0.39986811332265937
0.09512775114493977
0.10003509133899247
0.08457190977200568
0.2044768030788049
0.00019918561995257988
0.29835074564090913
0.10019918561995222
0.00021143208452123474
0.10179178067059436
0.008823725900508173
0.1996325049033869
0.8995812363004188
1.2797509109251894
0.889421123271994
0.10027182537985446
0.19876407927709128
0.10421856224752712
0.3956971535879452
0.27141528811265747
0.26719388407908173
0.13430566919783438
0.2006875259518468
0.002048242327859384
0.0002972276090513759
0.6982171884927588
0.30050461356345526
0.22480826061550907
0.010707474482642532
0.3003273864271172
0.3998490271456854
0.3251257769328042
0.1993615104562787
0.5272652017473964
0.19998563938460823
0.1870530238268664
0.00017680158590227535
2.2154708518407062e-05
0.06912048890489597
0.5999523172608576
0.19709110894191806
0.10278913406639045
0.6012929263359039
0.19605581312074172
0.10795870946005692
0.10401415259682878
0.17008651649948714
0.39890973164082766
0.7027812768933286
0.12039742944341203
0.29960780371836293
0.004830648742044197
0.40234726202383
0.10029787153491654
0.19820111224829962
0.20068694568366308
0.024823906764220638
0.22186217409320896
0.00011689824046090536
0.21622979074500748
0.29129599561441477
0.11383575765675147
0.4943217490726557
0.28264511791947466
0.2032913877322482
0.4999446693165934
0.20019918561995276
0.10076310402024458
1.1994011438523158
1.0964396891092374
0.17062528620555462
0.19516935125795598
0.015083246356232927
0.10226235565254616
0.27003461772796733
0.6123704973848847
0.007698710270434006
0.0760121798240716
0.19478248484488692
0.9828743932808628
0.20314904955287805
0.1973854173818559
0.007985866410723297
0.19323756558537575
0.2096447081877404
0.17273479825260374
0.09959134061771735
3.880165462621932e-05
0.702872482178817
0.2012797622805964
0.23328199637420344
0.00019918561995257988
1.3964191277026812
0.20419089748859065
0.13839471521541924
0.8838915647266665
0.10021805006797635
0.09750452413019683
1.097580845999838
0.20183404487051249
0.14156586079067512
0.01655345334052516
0.5966600473120831
0.05085280187622665
0.19952620973852309
0.2998747966871047
0.21067982582767364
2.8987567601622155
0.0024178394441189965
0.0007424051609108417
1.8985117373806366
0.19673811544193853
0.10019918561995222
1.6962626214917034
0.1702592404992478
0.004413872147512876
0.19835207074045336
0.09890991892097123
0.09980081438004795
0.1984817766637672
0.6039146121144849
0.22024908907481056
0.29648541268446227
0.2009252619978028
0.09912442590533566
0.197818608589869
0.2001482750250112
0.19972817462014625
0.2344947545656595
0.20042721986259515
0.5914573282810096
0.13086243557322597
0.09723504027211405
1.1892951010151505
0.10639019125197002
0.17044788422288715
0.007597379500181134
0.09999416776645287
0.20018340590928752
0.19816595512948787
0.0060291144148587605
0.017540103881160007
0.1992952826704606
0.09923920169504097
0.09611983202214613
0.00010992368043627465
0.004592275027878401
0.0038155792069538563
0.010322469667759293
0.6001503903491363
0.09980081438004795
0.02027480341299448
0.09864488785184289
0.09667496877878712
0.49173538600390465
0.7010104255579002
0.3003027383384458
0.19128266963637497
0.08571011971347442
0.19637690865631718
0.2018509916974196
0.20005533068340675
0.19919403660446822
0.0028149402084904906
0.09310920913618226
0.3001991856199524
0.09992447563198681
0.03443448734958654
0.5010271598343135
0.00019918561995257988
0.18821704800342864
0.20016905871056867
0.3993822355327854
0.7857322931822335
0.3942298309449539
0.20005533068340675
5.5330683406573655e-05
0.7993684845016862
0.12024908907481091
0.0029806767404307877
1.6030429679873643
0.19637690865631718
0.20129880043079496
0.1000553306834071
1.0012391011885509
0.21697886772287323
0.0043774482818061955
0.14603130118431995
0.005088299844207889
0.20362309134368317
0.0996125704234565
1.0922457177721983
0.19758216055588118
1.9158769541159177
0.18967753033224088
0.2011880845307381
0.20235219540647975
0.005268785595973213
0.0941267410071811
0.0993480592597713
0.29994466931659325
0.29301734113522304
0.10323770694310141
0.00016905871056849264
0.09994466931659307
0.09977125613208937
0.4002155791046036
0.20114167042442066
0.1969097665132411
0.395408370442234
0.09828412256816055
0.20356537943902264
0.0998966201800009
1.1997422064036245
0.6248239067642212
0.10046621343848638
0.21735488208052534
0.5332819963742033
0.27071082953198644
0.9885268620700485
0.19958645240448014
0.08973659437199633
0.10510819033341345
0.20031417343178237
0.18804043633029188
0.09980081438004795
0.8980593839307911
0.06745507000882256
0.1996576676454973
0.20016905871056867
0.8026882665030151
0.13397344318572113
0.20196912917177912
0.2160123369523168
0.0003947754842279494
0.10170425717862397
0.11542935109493602
0.22024908907481056
0.2032125030632148
0.19929674281884857
0.20080596339553214
0.19988310175953927
0.10112309339066883
0.20666406111371938
0.11414429630736755
0.19792470502941661
0.20193870605646147
0.23048580501641336
0.10019918561995222
0.05991553307720299
4.9089326760842766e-05
0.601636135783723
0.11723255911519459
0.10452143060976216
0.10823881171585015
0.0007867033480799535
0.20019918561995276
0.4997413302257634
0.20034220421380766
0.2347389975454366
0.20268440041170166
0.0003947754842279494
0.0013194518520007747
0.016775246522342968
0.6039984289369427
0.16926714337965976
0.10049878673873369
0.1938887445898505
0.20949848972268104
0.0008558631088568802
0.19881850220325692
0.10241623236432318
0.09932544431407209
0.002206243922472595
1.1955069873427213
0.10017433511949747
0.2250739219699529
0.09815541147940632
0.09968440732018724
0.10025866977423714
0.2981943392031887
0.04629418205626745
0.20081304256610633
0.10504746016033817
0.39173482726949516
0.09679232068635812
0.1870530238268664
0.09036487900201351
0.202828225085959
0.1012391011885505
0.09785770458074694
0.22397983443276903
0.2000371717094689
0.19963096386270518
0.09813375432454752
0.3982617577784122
0.20005533068340675
0.11730886702593324
0.09927767256540321
0.21575830323802236
0.19797052081500688
1.5782289944428411
0.4044497307290893
0.4816992568292102
0.09995058115728916
0.3007758305737722
0.12932953014387394
0.32955211577711285
0.2704478842228868
0.7491471981237732
0.0020244340111128523
0.10284601100153967
0.08375353301892918
0.18762420989363804
0.1960036960310152
0.40036749509661274
0.19924690144727997
0.026689996937932392
0.19268931464328354
0.2015782975179814
0.0002896094629472046
0.08909653823612373
0.09984656297085692
0.10475724913209827
0.19131580575312945
0.19719011481110726
0.09895152749809721
0.0007424051609108417
1.7298712706115325
0.1999211833264516
0.2179876995419141
0.20242175999297185
0.13616630590116152
0.2000668214095569
0.19618442079304632
0.20362309134368317
0.19978015176825092
0.16942630240651724
0.1033175483442248
0.6349275047646694
0.00019918561995257988
0.15396869881568076
0.232871659565685
0.007398817010213499
0.00019918561995257988
0.19923367146247628
0.0015815720245058174
0.1841021752262284
0.21984932317143446
0.09926531597285759
0.09597105315564036
0.20309611130212168
0.10004908932676138
0.18753919095799
0.09994466931659307
0.19983094128943168
0.19436401952203486
0.08326092849311806
0.20471194821479521
0.10515234044538513
0.008076219558474484
4.941884271136843e-05
0.10003738427133868
0.0015675688814722477
1.092348062555362
0.40332705314519934
0.7906101350887749
1.8988688679594992
0.09993465376121602
0.020249089074810378
0.20358087229731847
0.3987184273519704
0.11751076986472508
0.3001503903491365
1.0006384895437215
0.17905883420832502
0.19928780955966552
0.11035609204579622
0.21039148227035032
0.0752630862126864
0.00073468402714294
0.00019918561995257988
0.10304296798736434
0.49478365634192123
0.2997990860321149
0.29075943011290395
0.1983529675256097
0.20113113204050048
0.19878051798487206
0.002628780962450783
0.2939123315244023
0.1957115905268152
0.9002904484467349
0.0017361916979536929
0.013098296659981301
0.1293572962631222
0.20040865938228247
0.103565379439023
1.8998137432613413
0.09745494980829594
0.10191837017584326
0.5281585425286393
2.9969948321470454
0.09540772497212124
0.29851545500432675
0.1364278399857186
0.19949733216512122
0.11315335961840578
0.10458199036537152
0.10573604250586754
0.0002564543492402649
0.31006384806364373
0.09993465376121602
0.2998165940907125
0.3996078037183626
0.021499974171225844
0.6835249405949533
0.0012892119342957642
0.2050515001834876
0.1991267603347353
0.10027803052197992
2.0961300302956465
0.20018340590928752
0.3987045133169129
0.100145251819586
0.19709747643270958
0.20034920994465377
0.2006730681584088
0.10018735463711614
0.20589654198274054
0.18478392163834112
0.3995848028477047
0.19876089881144932
0.001584913099747176
0.10397806218102623
1.8354050169730431
0.19799357900580095
0.2668426133927584
0.29937569761683847
0.2001499339718027
0.1801878880871639
0.2005397465092038
0.00019918561995257988
0.49870225170900806
0.40294213269339085
0.09783336998010572
0.2032103353867445
0.20362309134368317
0.12077676555622041
0.19634225530950467
0.10119435772940477
0.8988079563496143
0.19958891374704457
0.09969726166155457
0.2986198071502777
0.10105238490183233
0.0005432660797088928
0.10362309134368353
0.7009933957631471
0.0714152881126573
0.19889577559492366
0.10021609338260085
0.20062430238316153
0.10948497679365587
0.19628515046795503
0.0016665861521900638
0.20949848972268104
0.300228743867911
0.49840578553737824
0.20005533068340675
0.5989365751715594
0.09990932718855827
0.1040161460150113
0.008361683739516401
0.291561879439751
0.002029479184993299
0.19259275861557068
0.10949848972268139
0.188057863439683
0.09514088865388892
0.2050769368714871
0.3005996626882226
0.09743526711523298
0.19977125613208901
0.2013608773984199
0.8942281128512608
0.49678345332173013
0.0015357883661115679
0.00019918561995257988
0.1087174845206027
0.19451698620684166
0.3963769086563165
0.005602186548177457
0.04629418205626745
1.59529057931565
0.08781094083581742
0.1988607996363072
0.00775428222780139
0.3915054694951765
0.10016905871056903
0.10327748677176274
0.00015072175981600822
0.5100147673110778
0.20051053545527697
0.5950977463840426
0.09959134061771735
0.004333738830188061
0.49971264785754066
0.09632673605904785
0.5001252033128951
0.20015931241428753
0.09973417714917243
0.1648649970470597
0.7924234710091609
0.09982500364916991
0.1956783323611777
0.20020224360020045
0.7899030826326827
0.10000561140584097
0.20020877161603412
0.3999446693165929
1.391715300856255
0.19287436489231613
0.1002015243577743
0.19656169162849935
0.3001991856199524
0.5978318265437599
0.20044629267174408
0.20071085816796952
0.49958458005608186
0.20270347023758806
0.5014180380892581
0.21984932317143446
0.2401991856199528
0.024823906764220638
0.09540990317864839
0.10765115022298755
0.19944273934751777
0.3001991856199524
0.20005533068340675
0.39886055736992976
0.40717010189763236
0.10038594549128366
0.09876407927709163
2.30373314416231
0.12024908907481091
0.08211010117110984
0.14629418205626799
0.0950206503768003
0.0973117334969853
0.012946976173133784
1.6970534177533914
1.1979199761482562
0.21981211191283645
0.20194366190508894
0.00019918561995257988
0.20004032759611157
1.5919567498950435
0.20432047357548822
0.015805966932622262
0.21438107320712074
0.2031124270616047
0.10283721916302735
1.5001567562513278
1.8354050169730431
0.3893183725468692
0.00011689824046090536
0.504514750968899
