0.006957984458377808
0.4760268130425622
0.09999955525779303
0.19424456608346308
0.593885851323761
0.004692240063799424
0.10643979301879014
0.10843421624201888
0.6990848157681393
0.11200946933348987
0.2041817082775843
0.09345432917142471
1.184658801614301
1.6869735440572242e-05
0.5935059711834505
0.20522403035736136
0.11177448412070223
0.10594919492504928
0.2148382793158703
0.19852753886182217
0.0874969492027855
0.14655814088639296
0.20347917768419865
0.15763663269860917
0.02225611694749219
0.81453872827616
0.11737271514884462
0.20742335439685
0.008217280058851806
1.8340857662953614
0.19533527960508668
0.2001476027158926
0.2017231879419219
0.5543202915231351
0.09784823599489911
0.16579582512742608
0.01959043599704202
1.3025060890079265
0.03565116414855041
0.3207325436837456
0.10014760271589296
0.09994980156705591
0.1996786607417853
0.21069026227351806
0.19911939484960683
0.0186769998903209
0.09401079466825113
0.055299898937397174
0.21742943644382606
0.0999125159145473
0.10985413865090621
0.09997750967101737
0.10241380364259811
0.004085466643540592
0.18561423992430548
0.6001413701728611
0.20643979301878979
1.2780459738119054
0.8858011215493278
0.20095615682047718
0.7855422543922428
0.09068869042687666
0.0077982995695933255
0.30742335439684965
0.10101341570846234
0.10401792568706814
0.08826924019949534
0.011995671478773673
0.5854201860584851
0.15914320753038336
0.0977925273455158
0.4938797000166808
0.009416565988259684
0.10401792568706814
0.08471039735887409
0.10044332739640982
0.19083597283519982
0.171269353130846
0.20679623839456163
0.1911209332272259
0.5005860312901911
0.09942858660076581
0.20554487642839891
0.1944318719162066
0.6000874840854529
0.12626618344715101
0.22880547791708405
1.8997996902754322
0.22123007519783666
0.4001104579294452
0.2001476027158926
0.0012306720468089338
0.5902559270110919
0.3002101844934346
0.01651061964848033
0.1074302007334218
0.30316680372252414
0.29940367633648357
0.6844444879979914
0.200571413399234
0.09983197247993036
0.29624074698547886
0.0988583604454325
0.3000405325005113
0.09841034189638709
0.19145972677147594
0.07826197352285735
0.006895259418209676
0.02361214800730682
0.09375612148210521
0.10571477425978593
0.11902182453398691
0.22535635865516923
2.3001467774519577
0.19562704256569852
0.10031526121833068
0.7037632580772666
1.6764780946610998
0.8071347309693424
7.02799638423457e-05
0.09544147178546414
0.29272154176670284
0.053441859113607215
0.00957185028840879
0.20211150583510928
0.09996006433971871
0.4998523972841076
0.178261973522857
0.3957841626491838
0.21745072485170525
0.1168176973243229
0.2998763471089596
1.1832031893792516
0.21090741862682894
8.748408545322661e-05
0.10192174919004504
0.09568502845119564
0.19023934967311895
0.20558529819467974
0.20339259739153093
0.2001236528910404
0.186766478510898
0.09783094041217577
0.09983009955884192
0.04655814088639243
0.039742630522643374
0.2017536652343912
0.274348629715937
0.3031542683956463
0.22039094218578015
1.30943706855256
0.0009090542595719953
0.09281707867501687
0.19867488332367156
0.19138684907997927
0.48133875662783154
0.20004263402151956
0.005493638387304323
0.35378681282476343
0.2093558376592517
0.16765086697889675
0.8265228325329854
1.1012054936610793
0.10014760271589296
0.09003101472425357
0.023724957751363185
0.19953878383421841
1.276853313987706
0.18582051108128184
1.8634104838446781
0.10008748408545287
0.010460309068760054
0.5128049421410594
0.4756148304380945
0.10456761638183121
0.10268094443127751
0.21389933868440547
0.08471039735887409
0.00011218761927533905
0.09423803305790734
0.11272586267844709
0.01589887871679796
0.08347086618874311
0.40047924150213543
0.13580533196194278
0.6486871108642625
0.19499330479898003
0.2021848215806905
0.21132164617423044
0.20720794425685707
0.3870750862196468
0.01913152369297144
0.7033984516473328
0.11316924398780515
0.01952594939794139
1.305746231684613
0.49577781379740227
0.2544713733206807
0.16540967776259397
0.09795476253256652
0.09996006433971871
0.19831714985155102
0.19272841998425783
1.3969042015321884
0.20773544367070684
0.2264254786739155
0.08470540632801793
0.19846516568425177
1.1030146887652101
0.30600011097754276
0.20654362578203056
0.02870003433971835
0.19889021190959433
0.10373289997077695
0.09905045065872642
0.800087484085453
0.10289280416388813
0.2021517640051016
0.48941683566381045
0.5611678362927526
0.19591453335645959
0.09356020698121004
0.10268206296109739
0.01970588222690317
0.18552743830139828
0.12565137028406337
0.19142645946190306
1.4099860856175122
0.04655814088639243
0.09026234221346474
0.16141536315394944
0.023655565700299697
0.19077427591643303
0.47886362354387124
0.3054416185512068
0.20779732811679796
0.19390010167537497
0.6262271723068915
0.10622393903999239
0.11764732851103687
0.12398185655540317
0.2862834165560191
0.004178097133043401
0.0003128498091973242
0.5892254905533072
0.2004448083154422
0.08525843662735877
0.0075277116262686405
0.03359139501924435
0.18224122708504353
0.19987634710895996
0.14128522408673394
0.2763187674077763
0.005949194925048751
0.21228402091610477
0.016300090586429228
0.2020452374674333
0.18917857777760094
0.099732611951036
1.3859784847154115
0.01457981394151453
0.2643488358514494
0.10008748408545287
0.21778881154969731
0.2001476027158926
0.22380209518372585
0.47280336477059226
0.0939121419188309
0.2001476027158926
0.20059933439597888
0.12227249634230031
0.2000660234915559
0.19999955525779267
0.04303754157745754
0.20594157635154264
0.12988488279969346
0.21714927333356204
0.11071764616075086
0.014494598870172126
0.18471039735887462
0.11094816828656207
0.18789409497548526
0.2001476027158926
0.10044332739640982
0.10029239762715747
0.6577338153167744
0.09356020698121004
0.00014760271589242535
0.10044332739640982
0.4000874840854527
0.10645403217463123
0.010515380642194039
0.20275640192572997
0.08844352809973088
0.002682062961096854
0.3462873833694786
0.18219777348848787
0.10008748408545287
0.1325382782145903
1.0874849302743383
0.19264863497182194
0.0965914810313464
0.10961365667290934
1.191318938915793
0.07925899641710021
0.505918892368812
0.3893097377264816
0.20170620882237245
0.1039843040154187
0.17721773668186636
0.13178134711825606
0.5941742419993794
1.0995311525794644
0.5720420661926635
0.18904526444758485
0.09987634710895943
0.17431096848621586
0.11255762588812157
0.22968251932037376
0.20339259739153093
0.1524028485311062
0.288269302979546
0.13433722838344675
0.8017979383625642
0.9212300751978368
0.25043366254305344
0.20167697786545524
0.24295483688494102
0.09641215871078934
0.3825779059423029
0.0816142144137082
0.24599637555722786
0.1152995169258908
0.021517070801071903
0.10014760271589296
0.16696491592240825
0.12774160024788817
0.8734209214225475
0.19985239728410775
0.19851852155124128
0.023121376073368616
0.11234505734126188
0.09975910236315144
0.0023372477675245307
2.118609597238212
0.11528960264112609
0.5543202915231351
0.09998975699553814
0.39905525730358793
0.11092020617400866
0.09134017680116369
0.19056293144743996
0.28033494880223575
0.49542820505570084
0.9978715389281616
0.020402459613724666
0.0023639614908343987
0.39985239728410704
0.24837343328979067
0.10170600364524063
0.646558140886393
0.00014760271589242535
0.19814673475108258
0.20050707118304611
0.2029871494942288
2.0051912745916756
0.2058331770356956
0.015615407533327463
0.989723309106691
0.002044627007943056
0.20110465698394897
0.004742583297183245
0.2001476027158926
0.0886002398395016
0.21200514791274472
0.08245505723283841
0.500889137810816
0.20066818654122454
0.04655814088639243
0.20654362578203056
2.231350674948076
1.6869735440572242e-05
0.0876365088945068
0.5074233543968498
0.22870003433971853
0.20820919946158067
0.5854201860584851
0.010717646160750327
0.10226855151110215
0.002889037641138792
0.2194660228117975
0.0712999656602813
0.39200246443082776
0.10468651615944946
0.1747963229137417
0.09964657849629344
0.21382731738736815
0.09164622512963838
0.08574650582903676
0.18256647606018017
0.11365500130475148
0.20661702788891656
0.05600789740616552
0.3129636442613766
0.10012564805358615
1.6090680241141335
0.39356020698120986
0.20451971733927543
0.04655814088639243
0.043832365284369956
0.20033924335889886
0.002596785659225276
0.10121362814110046
0.09976352415949474
0.30025010248321937
0.136637633006214
0.2150634663010118
0.800087484085453
0.09766275223247511
0.21923154462642014
0.1013904348208916
0.13941904680877304
0.20357776507223768
0.5039156304289936
0.5689039428086469
0.09113498727469871
0.4741428188767296
0.2968499174792898
0.1978183796607187
0.19983009955884157
0.9947766688046134
0.08435371662342561
0.20323257473084766
0.10875748866799828
0.09843890910532238
0.20643979301878979
0.1996169467306359
0.0936183962564936
0.10253963009679357
0.0986173203525107
0.1968457316043537
0.07161378496211235
0.2017660850327081
0.0022234377754744017
0.705184803612072
0.3975134867507295
0.010583164336189554
0.2102481039805708
0.07177416951154214
0.2968611497112379
0.19752648527973982
0.28303848952653166
0.2001476027158926
0.2147496356813141
0.19644205960283845
0.46222257343297546
0.11528960264112609
0.30015329288508585
0.21999242299044308
0.13215817160931032
0.2112976609431385
0.13136070925683452
0.08471039735887409
0.800087484085453
0.20174129405827035
0.20198528697772566
0.8025202128008555
0.3043481864999711
1.5000168697354406
1.5998523972841072
0.09699251345140869
0.9699360532846306
0.10975101498749673
0.8033976221417518
0.09579279069770763
0.002429110814325952
0.00013277745268513996
0.013491209955218686
0.1311883239048539
0.18056075024398055
0.1384878142399284
0.267716659650306
0.0695634312382909
0.09979559455791076
0.18917857777760094
0.20496633200795866
0.09975734548958748
0.2862164454755787
0.21602236089514815
0.2921026682938077
0.4998743519464135
0.10006602349155624
0.10648485105841043
0.008171099877062993
0.7052599598504994
0.09257664560315071
0.7916562396185016
0.058221080209146514
0.6017393993806701
0.20812951524009016
0.10012564805358615
0.797985914104788
0.21467196795123478
0.10877325467287413
2.0472285512991757
0.20008443889853655
0.039814272595885214
0.09465110910099295
0.5973179370389028
0.10222343777547493
0.15854733234117369
0.4795024091538904
0.0840504225538341
0.09029629565474906
0.21679681062074874
0.21027735728754315
1.889225490553307
0.17687862392663156
0.19056293144743996
0.5998523972841072
0.1965208223158017
0.6963901948846445
0.2015276352652453
0.11297136132353458
0.30008748408545305
0.7001559538302198
0.19984404616978058
0.007348212786726371
0.00014760271589242535
0.17454183875419993
0.0629019572949181
0.20677853376563426
0.18966545786232025
0.5852200037121955
0.21013683067041722
0.19985239728410775
0.7718511902555489
0.30206018221956654
0.7827996990266168
0.4935602069812104
0.0016130044466127202
0.2001476027158926
0.012212911303048912
0.41453872827616056
0.7819721258804782
0.1848820408226981
0.6942178730022963
0.9056881416762703
0.10014760271589296
0.10014760271589296
0.2060749491870153
0.10014760271589296
0.053441859113607215
0.10991248718589741
0.19293248626266912
0.04655814088639243
0.20224572256042617
0.19527976534210545
0.07407348126608149
0.19995946749948867
0.00033924335889867763
0.10003993566028146
0.45571446016979866
0.5974820048084419
1.877291014305774
0.00014760271589242535
0.1968457316043537
0.1703174806796266
0.003612397416834945
0.19987634710895996
0.1314638025119459
0.3848820408226974
0.8917076820423429
1.1948567801511008
0.08759500758689054
0.01709842538566786
0.19991251591454695
0.006691795099475151
0.06533088458030267
0.18471039735887462
1.9005894645052583
0.7860254076654485
0.3023911359134068
0.08484211391863816
0.6006792060563457
0.09227789793044305
0.001773830352075123
0.9816153500572709
0.13211314603932944
0.3822640522153433
0.21274694590129428
0.09684573160435406
0.5718511902555488
0.08300933723851234
0.36870937914522095
0.1984160786391369
0.16301043087396927
0.0951804511781793
0.20917721754902185
0.20491735080761142
0.8068110384225813
1.1969042015321891
0.2827127203266171
0.2998523972841074
0.09867652852316233
0.500153292885086
0.20500100411680844
0.2190788037336695
0.20158392136086345
0.00014760271589242535
0.006439793018789608
0.2001476027158926
0.004912018468087531
0.10022022200071401
0.19625466987257667
0.20347917768419865
0.00014760271589242535
0.09985239728410722
0.2026265866146595
0.06983098688333644
0.09985239728410722
0.25807164680760053
0.20196350569608867
0.11372772586595037
0.09988526811474596
0.18982290455186313
0.031360709256833985
0.20001897041258143
0.46402337806869465
0.015289602641125555
0.30181568537956593
0.21264032305612268
0.20790835393313056
0.11528960264112609
0.5944087075646678
0.09130583894153332
0.28491996614675674
0.1932051910066832
0.10038305326936392
0.6217380264771428
0.18495383718517022
0.6611708303789943
0.18867980809364937
0.20361663977887723
0.4042391348493206
0.37661347606058904
1.196165018957453
0.2001476027158926
0.19985239728410775
2.9999461041830537
0.10643979301879014
0.2224245270932963
0.10014760271589296
0.02120152620055915
0.003080757880382201
0.002928855747319048
0.03777742656702454
0.4021517640051009
0.28269346207025947
0.12299660705078974
0.4804686764450583
0.04655814088639243
0.09918645043745844
0.4959052212445707
0.2425880614521736
0.11528960264112609
0.1022080473158784
0.23228921608933284
0.2051441355766288
0.1890559869347097
0.20221858360916123
0.1989039554326908
0.2228040737657908
0.0016383581818475434
0.49340826356765444
1.8986319090005468
0.09998973720815396
0.09998313026455996
0.20692103886480506
0.005695469229125116
0.18509838363608822
0.20500100411680844
0.30801390313493826
0.0963273465198613
0.20139035360417967
0.03190106215674948
0.5897233091066907
0.20223573860387578
0.09355105720263968
0.08716127931275608
0.18628338115474286
0.19577848687572086
0.10201128115140001
0.09966343448728043
0.3999429300816537
0.09985239728410722
0.11693537960108102
0.2125146680929504
0.0035234115569879876
0.07065207682022479
0.6000874840854529
0.046839633733995356
0.1009362617936782
1.987442374111879
0.16649319263375162
0.060450648341100255
0.007272204907340374
0.09779690872139302
0.29193628762787505
0.5053462984092221
0.21283872068724374
0.2997846287553667
0.09641215871078934
0.11789814951534527
0.20943993184368104
0.10014760271589296
0.09443187191620606
0.04655814088639243
0.21420276145306882
0.7750599644377729
0.10468900426424632
0.10823953063808478
0.10510926499501316
0.20347917768419865
0.19227182678761068
0.10008356986144662
0.16675909565683167
0.2519756410141589
0.2001476027158926
0.39995584525401995
0.09970760237284271
0.09228494960044653
0.22934659598212548
0.09897561788876175
0.10148147844875943
0.2325190745852206
0.1861525899949772
2.0029592941557732
0.20310220280617575
0.11584260815151914
0.20330911183122513
0.10014760271589296
0.500889137810816
0.6851467995495026
0.15344185911360775
0.20337820090463055
0.1964603922426269
0.206545670828576
0.19984404616978058
1.883781597218059
0.20096142680418172
0.13597662193130589
0.2508013089497769
0.085797238546931
0.109877799474277
0.10325204404787325
0.10029239762715747
0.20701052040997947
0.6117969651801971
0.37144796703149563
0.09776919002003215
0.11575722809457378
0.2001236528910404
0.2231565402143536
0.01094401306529047
0.12251555267048175
0.11004981554403415
0.3629943041564445
0.19997243491989103
0.407944841452367
0.416560969930746
0.19835370826223908
0.19591453335645959
0.9948104344845268
0.2073513650281784
0.09758741483510747
0.25971904587205064
0.7854201860584853
0.7097015269960405
0.2000140599144471
0.30095053077195644
0.00035164056118830445
0.00015595383021960174
0.2001476027158926
0.009178846088915726
0.1384878142399284
0.1018309431650879
0.20136183842078736
0.20521906303829418
0.09997785776005674
0.10144192491682524
0.10001603217542154
0.2909750328195386
0.19835370826223908
0.19959990819861506
0.2107176788081606
0.053441859113607215
0.771979773907959
0.013972063359940279
0.006439793018789608
0.19408110763118813
0.2044076771169152
0.0023285161747415017
0.5184059342970038
0.10014760271589296
0.04232941849672489
0.7701954870057071
0.7937199092411378
0.1968457316043537
0.23237778672504916
0.04655814088639243
0.7967671697383061
0.5528955423077315
2.9998523972841067
0.7003365655127203
0.09723194374652522
0.1152316675698648
0.20606132829877222
0.2116663433653514
0.22279076848551682
0.39714020348359824
0.014459320134762699
0.185119681986472
0.19698926016515728
0.7202393880087152
0.459580603282574
0.07926745631625476
0.12160099817687176
0.24128522408673359
0.20539083666606928
0.10333820930861215
0.8941256512937841
0.12323374643552576
0.11777531405532926
0.00033924335889867763
0.06489864885523744
1.080733374431575
0.20347917768419865
0.7812928054685013
0.10848567741481929
0.4998523972841076
0.10452341933198728
0.7028303749634333
0.004040550448808133
0.6779924504136119
0.18894315030169562
0.20040267397717315
1.5028938665664464
0.20434818649997144
2.2995566726035905
0.7998523972841074
0.1995566726035909
0.18004316089919747
0.20779732811679796
0.2001476027158926
0.10412790515964598
0.7062083976114
0.07161378496211235
0.002956541984458383
0.20085880963065428
1.3712999656602811
0.2534418591136074
0.014717713448707315
0.07486328382353946
0.28734675789088016
1.5995551916845576
0.10337880617333983
0.027796741493803623
0.07041862043870672
0.1565794476890332
0.20734821278672655
0.20031526121833032
0.0037453301274235073
0.09909094574042854
0.11943924975602016
0.01143135424800601
0.0005860312901910802
0.7923408117223758
1.6677107839106675
0.1028913636437867
0.10088060515039388
0.7885366441121651
0.09933181345877529
0.3930095633212396
0.10049890858360033
1.7033864718235066
0.12602198141493215
1.4789141768520153
0.18040956400295816
0.11005910619616444
1.0015960993051563
0.10429239725704242
0.012549701510465638
0.21168689725177536
0.0001413701728614214
0.00014760271589242535
0.09716912394849242
1.6739865697136729
0.32545816124580007
0.11507464045983351
0.09579255448918378
0.19321923358358184
0.13829298817860103
1.1816409336811882
0.20088060515039352
0.09688447914962417
0.2185808054553675
0.2890878969385158
1.0969878825230417
0.09535923950274405
0.21282523402023656
0.17652504453789586
0.10094474269641207
0.10549438047528881
0.10341034771382418
0.04655814088639243
0.108324469523021
0.29440316027095736
0.10572092370239261
0.015289602641125555
0.2001476027158926
0.02871947586267698
0.09925491479864945
0.29619763527658804
1.1893097377264823
0.49687183879133645
0.09393460681045163
0.0004119248967597855
0.8265928953770931
0.09356020698121004
0.1039479026977359
0.08911389951664805
0.7059066264671641
0.27207777039745373
0.8953494970375067
0.10349408932561577
0.7144687255473547
0.09882131744565115
0.20483533287329792
0.10019261447803096
0.2102523011237558
0.11816477256885616
0.09989438255040639
0.5916869188287128
0.22855203296850402
0.3152945936719824
0.3868890641547562
0.00014760271589242535
0.2141426439859604
0.001974184176170013
0.29966075664110114
0.09985239728410722
0.12627132863702073
0.0077153205946229875
0.08017139319306743
0.11211956662160372
1.8340857662953614
1.1159248270811526
0.10985685072526952
0.014198878450671693
0.20622393903999203
0.20401792568706778
0.09977609266158183
0.6076260746232736
0.08471039735887409
0.030975310606137008
0.5902559270110919
0.5854201860584851
0.053441859113607215
0.20643979301878979
0.16290195729491774
0.20580936084630697
0.10331345819710602
1.900243673048701
0.11409326270224884
0.20027559802706385
0.4942347020368585
0.12457194986259346
0.19167387649873557
0.5140435759647852
0.09781898927328214
0.10239401304781381
0.21016800444862493
0.10044332739640982
0.10014677745195755
0.04128522408673341
0.37631174188652494
0.3843163271986114
0.19072812866708588
0.2046230635345072
0.49644373727579794
0.005051654738477573
0.004686516159448928
0.2534418591136074
0.19507738033772437
0.6225244173525368
0.1565794476890332
0.16737121052316972
0.11177304622197592
0.9134904863716136
0.03777742656702454
0.005949194925048751
0.006439793018789608
0.10307923428428989
0.19230254707021555
0.20286772830767497
0.5007351400617335
0.7218043228423419
0.11375740256254296
0.2001236528910404
0.21453298433605017
0.3761031624359479
0.29578172331774155
0.08825917095834335
1.4935602069812104
0.2020452374674333
0.2998523972841074
0.10011791522776381
0.19752563414013746
0.3844448012279651
0.1036688479903134
0.21765793803361433
0.10099406465891025
0.2942659812300281
0.00048372545111075027
0.07926745631625476
0.12237403345698539
0.18773305883567293
0.10019261447803096
0.20068076440539784
0.005949194925048751
0.24143590166369666
0.016116264770546174
0.5842288931951165
1.1998523972841078
0.03190669685224812
0.08966545786232061
1.902744505637072
0.18471039735887462
0.03382827903601093
0.19690431663919927
0.19092644108553358
0.19803649430391168
0.11528960264112609
0.2127341199063757
0.10147837452788622
0.39356020698120986
0.07590022444026268
0.09853757552674303
0.02120152620055915
0.19145972677147594
0.40698411622694586
0.1057821269977044
0.09874685848216025
0.08974769887624401
0.6664931926337516
0.6082395306380848
0.6434205523109666
2.2969288833252657
0.001956760904619159
0.003335485067822219
0.10055650529473947
0.021376109863507686
0.5927215417667027
0.09984404616978093
0.5795693636519932
0.5125030507972141
1.4543202915231355
0.18849096509895702
0.10002265275813915
0.21477302327861825
0.20553934213956015
0.021258970310218395
0.22408558442695714
0.16517951468064318
0.2085922287650286
0.1972973928791708
0.10731539718447536
0.21439236073033818
0.1406871434614443
0.19673033623978764
0.09221306348088287
0.2001476027158926
0.39696364073398804
0.06863929074316566
0.47052106034488883
0.02632115487671971
0.0969288833252655
0.20587434870621557
0.0018443539158718991
0.4818008614759508
0.20096461521567122
0.11677665254530112
0.23265996079450257
0.6981869668768947
0.21905650382882236
0.19915109135476428
0.09855633838793132
0.02968251932037358
0.021230075197836484
0.2917180382231903
0.18000840547192443
0.20771505039955418
0.015289602641125555
0.8322569580264307
0.10799360309859729
0.4043023494902638
0.09432827626439089
0.20333965808170085
8.748408545322661e-05
0.3905403044187299
0.09733782256390544
0.4715746103784664
0.09702023799544257
0.10561212725349911
1.0892823538392493
0.005681611025523559
0.38141713086929396
0.20020644423181722
0.21181644433337077
0.47575971458148114
0.05571446016979831
0.2117733296582207
0.2966932550951782
0.5777438830525075
0.18089507045603082
0.011377577683231443
0.005741254381212535
0.19959990819861506
0.10665390396008956
0.4002860613688055
0.09447397921911804
0.19048702864982836
0.3994876211836589
0.3001256480535863
0.8918289001229365
0.8994285866007656
0.11499631624568973
0.14655814088639296
1.050307421330956
0.11528960264112609
0.14691156085228219
0.69665597336488
0.10376325807726605
5.389581694537071e-05
0.10014760271589296
0.38400027731206254
0.2927687936624066
0.21679681062074874
0.2742921619245937
0.2021279732498913
1.3003588389698448
0.08001708342033265
0.19991251591454695
0.599660756641101
0.24282807787595928
0.10975101498749673
0.1988618715633006
0.17545490818715948
0.08921848351068729
0.006945107139959994
0.8999289711156129
0.11256501639910432
0.01790026662456423
1.7012054936610799
0.19986234031039718
0.13094101987697915
0.10064210702679688
0.26835990776641516
0.20112290490609208
0.19954473028668485
0.39056502461774745
0.20120068803511693
0.08986881601881525
0.28616771364629656
0.0038127061000521323
0.611571531067999
0.2262139678792492
0.506274748795212
0.09789985651823319
2.1998743519464137
0.5920818431161061
0.21773594778465633
0.9892125514754868
0.6003534215037067
0.14475756516014116
0.10543852646796648
0.10061499483724923
0.025471486800206833
0.18967769798748435
0.054834311949626624
0.2729264527740414
0.00154901799165863
0.10227791546846099
0.19701285050577155
1.2803251956151884
0.16729414020792532
1.1940508050749514
0.09964011222317559
0.09834839034382892
0.2022685515111018
1.6622225734329756
0.1902962956547487
0.01562259779908004
0.38892289636719823
0.09987001074126312
0.005854586526869987
0.09270370834845654
0.0006352359092467452
0.07673693200390552
0.0002923976271569373
2.9764780946610987
0.42302978362113475
0.052814454974768665
0.11228402091610512
0.20112290490609208
1.308573540538097
0.22424699229509581
0.37753272155730944
0.12042187675560445
0.043420552310966976
0.1999831302645596
0.8082172800588516
0.0010925445530567401
0.6002436730487011
0.20050707118304611
0.10020517186762667
0.0011612403449277053
0.5799889566321834
0.5747963229137412
0.8942424558723578
0.0999125159145473
1.1431766908947187
0.0701904660455881
0.0739593686462543
0.20500100411680844
0.8000427964621615
0.10204462700794359
0.062465809408698725
0.20268206296109703
0.2072007631041508
0.18343903006925366
0.0024138036425975784
0.2018771478069823
0.007406986986704389
0.20727845823329716
0.10191484564820197
0.09545994339099906
1.0998523972841072
0.1017248225747629
0.1000224903289828
0.007756713062819998
0.09846516568425212
0.2023028933286799
0.00322261472636054
0.3031542683956463
0.1044972123882193
0.1954804552947884
0.20374533012742368
0.08219621617981243
0.601648099914394
0.10014760271589296
0.09961927039894647
0.20164182672699837
0.46489431828944827
0.13261197714311912
0.9077079763739322
0.10033924335889921
0.06739905278270975
0.19515661785414107
0.00025010248321954975
0.3115639642098289
0.2998523972841074
0.1860579148577024
0.19985239728410775
0.09699251345140869
0.5151554438421728
0.4086624506615042
0.19987001074126276
1.9841498007266978e-05
0.10483533287329827
0.22949647709919585
0.0006352359092467452
0.054834311949626624
0.05571446016979831
0.03413296322609494
0.11437187942520577
0.01706809100883344
0.2869583151471282
0.19985239728410775
0.09262538465981596
0.30894882799767753
0.11679681062074909
0.022509992594440753
0.09818696687689421
0.2027242849337414
0.11839819602420842
1.5001314171266724
0.005508779841736811
2.30361483253154
0.6097037043452511
0.10014760271589296
0.0026992301485684322
0.2030363592660116
0.19638909460114817
1.498760550127617
0.08490747431903234
0.20044332739640947
0.12489495986499932
0.20890055212431147
0.5960686998913749
0.20026534345453495
0.19832286473385352
0.1174507248517056
0.20044332739640947
0.123385464080914
0.02288249248570917
0.08397763910485168
0.20378100048325276
0.23913777304751527
0.1965259154560508
0.04655814088639243
3.993566028182016e-05
0.20011791522776345
0.9094565018636764
0.19997045072109465
1.0012129482726468
0.48164637359343576
0.8121175805893373
0.043420552310966976
0.2298848827996931
0.10412790515964598
1.383182302675677
0.5999254336872291
0.1970434580155418
0.04655814088639243
0.10728431668774974
0.0005714133992338333
0.8146972946016806
0.0007553580185089004
0.09984404616978093
0.9133619103763602
0.10766358158825007
0.6108510469290804
0.21250673939240006
0.09870021945621676
0.19841034189638673
0.20975219818009982
0.5998073855219692
0.19964011222317524
0.2001476027158926
1.062222573432975
0.11880009514171963
0.2140896174334479
0.5929894795900204
0.11236349110549337
0.7904393975910864
0.2094305746419609
0.3878950500215588
0.09652888295165774
0.08622456045322124
0.10066818654122489
1.891256311780638
0.011750259603713786
0.009919146508917898
0.23410652851164393
0.19239498897219498
0.062774531472372
0.1002426545104127
0.7212300751978367
0.0997563269512991
1.1039225950044846
0.20747762458641184
0.2998523972841074
0.6322898802422587
0.011294706929684928
0.11528960264112609
0.04655814088639243
0.01457981394151453
0.0999852314948253
0.7737338165528493
1.0043273228802478
0.07177416951154214
0.10637456899824027
0.001401784670685302
0.1750517542775345
0.00232664005504013
0.6905632581168701
1.58351835844124
0.09878637185889971
0.08569507385827002
0.2960702847552188
0.21058316433618973
0.205423707217534
0.13777742656702507
0.30088913781081583
0.09259503888487064
0.006541486206600666
0.08320318937925109
0.006694185970813393
0.2049010586850457
0.057657201582274276
0.1891313063544331
0.20011791522776345
0.17065207682022443
0.8015896581036133
0.035651721328520125
0.19576086515067903
0.2150717277001668
0.3808370245639203
0.1859266998432485
0.38230469747209916
0.13333667844951957
0.07963434670728642
0.09983009955884192
0.20813154174811288
0.06360614053707447
0.8947436266007518
0.23435347938653184
0.1041828367472446
0.10035342150370674
0.2871282080023452
0.20031101249322703
0.10804844387765122
0.06663282897916645
0.4991411903693459
0.11334155868451745
0.09541417214334125
0.015289602641125555
0.11042769627475302
0.20155444531401567
0.29852162547211325
0.014990369426125305
0.09615941892420743
0.1906436201267887
0.016990662761487307
0.10007102888438713
0.09531348384055072
0.10943057464196126
0.0012196731752398549
0.2001476027158926
0.3940508050749507
0.09955667260359036
0.2862833811547425
0.29629791660459226
0.09795476253256652
0.00322261472636054
0.0999125159145473
0.06639339446030679
0.18471039735887462
0.0037132634060066394
0.10014760271589296
0.3012163994742716
0.015289602641125555
0.8825938035484207
1.8946490561890013
0.10147246113817854
1.0876365088945068
0.0385287953430371
0.8587147759132661
0.20692103886480506
0.2077210982552744
0.24554546986980075
0.10012564805358615
0.10742335439684947
0.04655814088639243
0.04428553983020134
0.07651141808516204
0.2935602069812102
0.19622863066164165
0.2994392922068272
1.205394036196635
0.0916662742153731
0.20375925301452114
0.3934918708721362
0.2001476027158926
0.28455256352528924
0.00014760271589242535
0.0630241080813354
0.08481714135773277
1.2912969872157714
0.20299011203619166
0.032838717807678997
0.10015595383021925
0.008539788793595626
0.09038306241298955
0.20305651415357762
0.05657944768903356
0.2076589543424996
0.48101287828349015
0.12035340723601351
0.19650188526092816
0.4827140617203849
0.2013520602182144
0.02231982983107539
0.49994365813349084
0.11134706660525762
0.10121294827264649
0.09684573160435406
0.09776426139612404
0.006118143665330145
0.21094401306529065
0.10347111704834244
0.700589464505259
0.11378355452442168
0.4043006577847379
0.17576980390301422
0.10014760271589296
0.20158392136086345
0.057670581503274754
0.39915791747330065
0.02520367708625848
0.206715376976069
2.3061717103560753
0.0001401406192975685
0.009416565988259684
0.22071291331753784
0.2436741604505812
0.10014760271589296
0.0626823707364581
0.020487216455360446
9.987562488866786e-05
0.006021001735049936
0.21251506972566148
0.13058822900647016
0.8893033026674031
0.0020525964669371177
0.10606272602490652
0.04655814088639243
0.10204462700794359
1.6622225734329756
0.13297171067432156
0.2224672784426902
0.10242609294651484
0.5938797000166804
0.19178412306069603
0.7998523972841074
0.028396009584272797
0.2002380178023282
0.19933785427647965
0.1572916211465314
0.10029703798749523
0.799494094382613
0.3568116118641109
0.4152896026411259
7.10288843865925e-05
0.24414409654221458
0.1410538277897464
0.22471039735887466
0.19431185832372933
0.0021900313191300924
0.19998192102068924
0.19773853586802304
0.10021537124463364
0.7085514778374442
0.00014760271589242535
0.10144943064471157
0.007615901999838748
0.2502759578741891
0.14932580578443044
0.5853806275087345
0.006454032174630697
0.015813780385049547
0.5923410456575002
0.31467440626353405
1.2945469461166255
0.07343604587659236
0.10903599643822215
0.40002993829480094
0.49779195268412213
0.10014760271589296
0.09862692327261158
0.4891274280082598
0.8074233543968496
0.10181303312310597
0.4768434597856466
0.09112093322722625
0.19784823599489876
0.20779732811679796
0.29390543780497236
0.20007456631277076
0.2129174662066644
0.23118832390485355
0.11078744852451372
0.10820919404179197
0.10034582104102086
0.13482048531935753
1.1967767620181036
1.0885839407356288
0.5757562270116869
0.003814889210752348
0.19665201113580189
0.2681555269018885
0.11226694116432778
0.1018159243605492
0.10044332739640982
0.7086768137016364
0.21435939586930175
0.09331896896791037
0.20066818654122454
0.09257664560315071
0.09948762118365906
0.01667185890866474
0.09760591390070772
0.8962891938990767
0.4998743519464135
0.00014760271589242535
0.5921602457512076
0.2998523972841074
0.12424377298831324
0.04655814088639243
0.025651370284062835
8.748408545322661e-05
0.20011473188525386
0.043420552310966976
0.19625466987257667
0.29914472988769525
0.09772317627844362
0.08791418974477949
0.09864154447878537
0.20418283674724425
0.1527469437468154
0.16259584186017229
0.6910924605236479
0.22880547791708405
0.18471039735887462
0.24564587090166334
0.02024365307600373
0.21500965848660591
0.010032314104553741
0.6966074026084694
0.7854201860584853
0.03882916962100591
0.2094305705297561
0.00026534345453477215
0.057670581503274754
0.20448640927652306
0.1954140297249367
0.3167766525453013
0.08721301534715042
0.09138684907997874
0.015289602641125555
0.5000168697354406
0.2929785833929399
0.23488743496695097
0.18765494265873883
0.4175449427671616
0.599914562498328
0.2875748399695359
0.2001476027158926
0.09628266762599047
0.295101931915263
0.2109467658479014
0.007932963077915467
0.14655814088639296
0.2030262804216516
0.20050707118304611
0.4998523972841076
0.2716137778115195
0.015667899238022365
1.0037632580772664
0.20142145070529338
0.006439793018789608
8.748408545322661e-05
0.2054674785382753
0.09985239728410722
0.19105740639847824
0.017911473410995526
0.00014760271589242535
0.003087339174319581
0.005474264204356594
0.0629019572949181
0.09565227933495013
0.3996553108444738
0.40064529556569894
0.7128159499065125
0.20011791522776345
0.10181303312310597
0.003421022567668963
0.06264191064636648
0.11096366269184976
0.20374533012742368
0.21088645650379956
0.23056350069698084
0.6387435331171716
0.04655814088639243
0.6953134838405512
0.15344185911360775
0.39669429893816677
0.003010361719064214
0.015289602641125555
0.25259497153832466
0.00011973024619837958
0.015289602641125555
0.11968021107781102
0.0005714133992338333
0.0995536229911993
0.6870286386764661
0.5057554339165371
0.1565794476890332
0.00924358949447246
0.00024265451041305397
0.2558559034577854
0.09998313026455996
0.20037013778772383
0.1776103931909896
0.09539142214067375
0.20200905187353513
0.9918596505605537
0.2001476027158926
0.8277967414938034
0.09985239728410722
0.09132318629836433
0.40346051362409785
0.09705530846718968
2.246287383369479
0.7972345253656643
0.09993238511079117
0.19109613897380306
0.5999486946017241
0.008115056802006748
0.20015595383021978
0.3045195447052116
0.01113903564906682
0.20667973284411012
0.23228921608933284
0.12278130867163739
0.22838622218848048
0.20021380450288984
0.17591485609201918
0.5998523972841072
0.19168442551016796
0.7941256512937844
0.22899417229145502
0.8085514778374439
0.48518977725038503
0.2990552573035883
0.11075400591304785
0.6140218298229252
0.5898230493503238
1.7816865487884526
0.6113792635055724
0.1947559953779816
0.09076240553859627
0.543420552310967
0.06981861436890746
0.4734360458765927
1.065893471488356
0.10014760271589296
1.2998523972841074
0.26193458632048916
0.053441859113607215
0.09582717722496437
0.0690112963819427
0.20312429104452967
0.07546348803396263
0.21203493320059685
0.20050707118304611
0.2022973298948436
0.2023028933286799
0.20643979301878979
0.3003365655127199
0.1711784786514574
0.2998523972841074
0.1984983167865888
0.09427907629760757
1.400155953830219
0.37161377781151916
0.15871477591326677
0.08777677385121851
0.09219561686484568
0.1968457316043537
0.19964011222317524
0.06663282897916645
0.19985239728410775
0.11528960264112609
0.7000246371642804
0.13697589191866477
0.19855633838793096
0.19471409039268917
0.6831823026756778
0.0076050110278051974
0.19962986221227652
0.19972043165536313
0.09452573579564305
0.2026142085149747
0.1220734154391856
0.687855446132664
0.202247614435362
0.4300646662976151
0.20426131251406154
0.008035526312570873
0.3001754602445734
0.1982844023196586
0.08923553191810374
0.11238863924982745
0.10050707118304647
0.08471039735887409
0.24273031663527966
0.10135390074499817
0.8024258792436285
0.0833281410913349
0.08908483016066615
0.07988267174445962
0.2001476027158926
0.01831549513954922
0.09447397921911804
0.07590342381554827
0.09995946749948903
0.18916199121550026
0.21665135048041417
1.103386471823506
0.004068748108427833
1.142639109417913
0.019674804384811395
0.00044332739640928764
0.40408124577171023
0.19984404616978058
0.20928403387680472
0.053441859113607215
0.19703587275455803
0.28895711337636065
0.23126361528452577
0.7692832012398743
0.21054895092627213
0.08059897488364332
0.1968470791064325
0.7941742419993796
0.08790794678359148
0.28794614482812
0.11234505734126188
0.28471039735887427
0.19089258278774057
0.19097208563979073
0.20339259739153093
0.10594919492504928
0.7981869668768944
0.20280348067746523
0.49718544554510835
0.5433635803718229
0.685664940313349
0.00998877492833028
0.6049980003804789
0.21146489863577855
0.19968715019080285
5.0198432943737714e-05
0.1280279120297143
0.10139626124191992
0.40014425405871457
0.1942961723552976
0.2263211548767199
0.004164571651646298
0.1978189892732818
0.19919020825674583
0.29560174090139935
0.043188388135888545
1.6814440209656532
0.10157700202219555
0.11441650053130736
0.6998523972841078
0.3081372252607206
0.3482677860991279
0.20408546664354077
0.07686866859647434
0.2973734133853405
0.7069038940029007
0.00812951524008998
0.49267737330054917
0.0890878969385156
0.1771152247278014
0.21696151047346834
0.774348629715937
0.5957573638184197
0.2022838524286854
0.8980090045773883
0.2020321796200788
0.21166365342359938
0.21296364426137693
0.03682023063759399
0.003761444424567273
0.16737121052316972
0.30008748408545305
0.12627132863702073
0.13476522314718853
0.18612442403084728
0.0939121419188309
0.09790655125438263
0.21265508797213695
0.20001984149800744
0.009499757997987857
0.1989042473663325
0.09777972997369044
0.02173802647714318
0.11064720684718132
0.40543879687446793
0.10204462700794359
0.10703876631499831
0.1956067995428814
0.1006807644053982
0.09356020698121004
0.2128677519308857
0.29846433192509014
0.20112290490609208
0.13260094721729043
0.7001532928850862
0.4998743519464135
0.010717646160750327
0.20538939750147023
0.0003153257973540491
0.09126967718918522
0.09259503888487064
0.29787153892816143
0.2001476027158926
0.1963851674684598
0.05140617847458895
0.19702023799544222
0.1920916460668698
0.0224033694924195
0.6060998983246249
0.10327353581688214
0.0696858328262735
0.0956993422152621
0.4935602069812104
0.19427111556878085
0.9988618715633004
0.31219788165056706
0.10008748408545287
0.301323471476838
0.10013277745268478
0.08885346271398387
0.21861083703652007
0.1337645213516767
0.09125238197475571
0.10014760271589296
0.39789561656381434
0.10594919492504928
0.20500100411680844
0.10204462700794359
0.6981869668768947
0.10014760271589296
0.20947509599493763
0.10352784657004754
0.10027382901187565
0.32032573914483375
0.2119236978960961
0.10029239762715747
0.006510884791251392
1.100351640561188
0.08083956331861764
0.3955630666039429
0.4125030507972145
0.3005155863239102
0.08889642263190556
0.7053198641565128
0.6174146420247499
0.1849760072454858
0.196412158710789
0.0014436616120692136
0.7996752854717517
0.12225611694749272
0.1879605332523031
0.00015329288508603156
0.20204462700794323
0.19083597283519982
0.8163450030704364
0.09864793978178543
0.10300748654859149
0.5689845831071922
0.09286526903065795
0.0077859154268526964
0.6099822361551777
0.6037205748822956
0.2001476027158926
0.11598641356088901
0.49405080507495125
0.10022390733841835
0.12846972120291156
0.2037181552246965
0.18343903006925366
0.09985574594128543
0.09700705315316771
0.7023004961188288
0.1049980003804789
0.3003234654373923
0.003421022567668963
0.05447137332068053
0.3058119140993343
0.0622225734329751
0.10883666282142368
0.08357624432486865
0.21998291657966718
0.001941520826656884
0.09899836732375711
0.09830732207623782
0.12070668544495966
0.39985239728410704
0.11032230201251636
1.5598001607664003e-05
0.12120152620055968
0.0003881503268772235
0.7205300256046705
0.09357486193204423
0.7001559538302198
0.02080291706510362
1.6869735440572242e-05
0.18765494265873883
0.19969512587665061
2.079287086682462
0.17136678002069594
0.004290201512696434
0.3007721841467781
1.8991193948496061
0.09295560312282358
0.49235259800460174
0.598450982008341
0.10064512736852382
0.19113498727469924
0.20504689048899216
0.09975734548958748
1.699831972479931
0.04623650374627086
0.08773334261706811
0.026029720785317068
0.7854201860584853
0.19814594352245685
0.19985239728410775
0.20500100411680844
0.2552494261424938
0.19994365813349102
0.13459032223740675
0.19893051919070004
0.19716966436346528
0.6778127607141275
1.3099944668423422
0.5883868914842019
0.014142643985960213
0.013273717684545439
0.34655814088639225
0.09994268285146646
0.18320318937925162
0.112694860399154
0.1748632838235391
0.07452851319979281
0.7979237350541126
0.22365478344427725
0.39985239728410704
0.004222186202597733
0.10764957093106009
0.20027772055967485
0.40001686973544004
0.1862245604532209
0.4029390819995271
0.09984404616978093
0.004509960005242952
0.011292735010360211
0.19964657849629308
0.5829378449187947
0.17879847379944103
0.09968467420264648
0.28895711337636065
0.05587198719047848
0.20241380364259776
0.21094401306529065
0.18165711789003414
0.03740415813982789
0.20851762775331295
2.103593144491094
0.5060323800554931
0.19681113849837395
0.22535463811787704
0.20845058339215505
0.2018130331231056
0.12120152620055968
0.012723221816121288
0.2068459842980248
0.206615497580672
0.22471039735887466
0.21104288662363935
0.17937660438004865
0.2842315824404311
0.10014760271589296
0.14249187150908416
0.19995946749948867
0.08842365815716313
0.48438459246667254
0.09975562487075873
0.9692422338320847
0.2001476027158926
0.00024367304870143158
0.10012365289104075
0.09914472988769507
0.1966135281764938
0.24703274662782615
0.09279582479036641
0.18923091610539267
0.11250305079721468
0.2001476027158926
0.38958136871323124
0.17801757937819662
1.3969288833252653
0.2001476027158926
0.4044349855515863
0.10894255074738446
1.5000874840854532
0.2192666255684248
1.199370745685445
0.21111026764690788
0.10011473188525422
0.3028893611276837
0.09280174347327375
0.2008983972009597
0.09256343267614398
0.2094203351200319
1.1434205523109666
0.2018130331231056
0.17710201340354903
0.20576604207625415
0.10005706991834629
0.004302349490264312
0.12073254368374542
0.29904382700519605
0.16514743009253152
0.003909517002361973
0.012557625888121038
0.008858201605901783
0.401177338337666
0.09880470918670081
0.10123571460061243
0.00033216174439942847
0.2311987404551017
0.03882916962100591
0.20231749954763867
0.08285072666643867
0.03554865198483448
0.08822551587929794
0.054834311949626624
0.18256647606018017
0.10112411215547734
0.10050707118304647
1.0787984737994405
0.218020346181385
0.09986722254731539
0.09709678531271315
0.23653343599514365
0.208144753709826
0.015289602641125555
0.09985239728410722
0.20001686973544075
0.3912998790771791
1.4963311520096871
0.8664931926337509
0.09645735159314484
1.0998523972841072
0.7073482127867265
0.28973603814787374
0.2068459842980248
0.5462873833694788
0.1169615104734687
0.1999650004102662
0.1044972123882193
0.09997243491989138
0.8496555551956764
0.2018130331231056
0.10464072227344179
0.4101489165177217
0.09148211109681981
0.19911086218918417
0.19450252239881127
0.769049281477252
0.11251506972566183
0.22225645794600712
0.18509838363608822
0.0017594600285928408
0.69987634710896
0.1968457316043537
1.6932846230239313
0.058221080209146514
0.11371661884525786
0.006292078453550509
0.30367774230890454
0.10259501211252164
0.003814889210752348
0.011008649932854553
0.21297136132353423
0.09643524294794048
0.09992543368722906
0.10322261472636018
0.0977925273455158
0.13413296322609547
0.21499631624568938
0.02560576815634974
0.3047146888082164
0.1433907441855773
0.2073103633377702
0.015289602641125555
0.011576341842836513
0.20292908484856476
0.09641215871078934
0.999973415062815
0.9980851543517986
0.10266195602172346
0.03257433564250345
0.5621049983220372
0.6342582809744934
0.1942079846379432
0.1581672791768165
0.00013277745268513996
0.00974275675891434
0.586122837771434
0.10380945916095996
0.20130459330599315
0.10565388334309045
0.1305005515718154
0.1842855398302019
0.06000793263889381
0.10661549758067146
0.2815001028953352
0.2001476027158926
0.22397318695743795
0.0766988505334476
0.014385760075694698
0.00016990044115861025
0.0690112963819427
0.19368431327866187
0.49247228837373136
0.917987440747833
0.00035164056118830445
0.20521044152293832
0.21120051590155864
0.08941683566381009
0.3006792060563459
0.09361130757045455
0.17469074234040693
0.10201408589521233
0.0019270022101878226
0.10320239859498859
0.19941621787936015
0.20955531564698227
9.263707830786672e-05
0.01409326270224831
0.01056568176212025
0.10480817257446606
0.010347604770573504
0.20603948130368277
0.6930474345545736
0.3001256480535863
0.01894235110154252
0.08682454692466646
0.10173317330989029
0.18471039735887462
0.18372262771566739
0.07354881031042293
0.22656771133705877
0.23144393588554024
0.13183996127235265
0.10012564805358615
0.04118289788920304
0.10044332739640982
0.015387655088844099
0.20582575800062042
0.24610531772489264
0.018625135862238906
0.1928017434732734
0.09964011222317559
0.05082752787869005
0.020818836701034904
0.3972401021956582
0.8052160455006305
0.08994089380383574
0.3769728870973408
0.1992549110012627
0.393394672665516
0.21198431700299203
0.009531957127038027
0.00014760271589242535
0.11285108078068262
0.0957377405385964
0.21377469267190197
0.2176514993716605
0.10239304116703529
0.09963034728652875
0.1836815382353505
0.49933181345877564
0.12235852056651719
0.11945684312996185
1.5919018878866158
0.1004773150051319
0.196583800333741
0.0891454145681907
0.1799772493060745
0.20155602832358266
0.39387970001668027
1.6403351812125226
0.00033924335889867763
0.10262559182707065
0.3001256480535863
0.49043939759108657
0.04655814088639243
0.3004119248967596
0.21586988428620657
0.24255330931562558
0.19991251591454695
0.5975768880339016
0.19089639415097892
0.09725291523521129
0.029492905379549406
0.09641215871078934
0.24792422088366628
0.916560969930746
0.19911086218918417
0.001973354518194803
0.01457981394151453
0.19960087239110802
0.46809482169714656
0.5966467049304862
0.17591485609201918
0.23016901311666338
0.6908600666602656
0.39985239728410704
0.5611678362927526
0.3879650667994028
0.18772475242028364
0.1968489494263732
0.29724194444313135
0.19232930416614646
0.00012564805358650233
0.3985216254721138
0.1002749282405242
0.10643979301879014
0.23700569584355513
0.07367884512327993
0.1527469437468154
0.290014872217105
0.1337214948351324
0.3000168697354404
0.1720722682027418
0.0850661121571532
0.10381488921075288
0.0995536229911993
0.00014760271589242535
0.09821987308812652
0.17127127817023613
0.6987640572875868
0.18283965384887058
0.10484734294573972
0.11078320773106753
0.19665201113580189
0.24260812426274203
0.2074336497407625
1.3000405325005113
0.3876549426587381
0.10668103103208981
0.11058316433619009
0.5033664310426182
0.2208144012941311
0.003609805115355691
0.20013765968960318
0.19725496837087597
0.027640828198525647
0.2998523972841074
0.05657944768903356
0.5966994046910026
0.12228854774521913
0.08582051108128219
0.03777742656702454
0.0630241080813354
0.6998523972841078
0.889282616522622
0.23144393588554024
0.5538946822751072
0.0963876025831647
0.08471039735887409
0.004194219951826561
0.19855415142199817
0.19946646258441447
0.15138598626096655
1.0859463193955463
1.883993383039913
0.5994929288169537
0.09784823599489911
0.20263192095053562
1.5700613937725345
0.08540342922792998
0.6113997601604986
0.19572760308027348
0.1107421763829608
0.20711193114998316
0.2132607143312546
0.4953739197746847
0.18510189538819066
0.18818885562686027
0.01462032973114713
0.03434623344607335
0.10158965810361309
0.37158937822688287
0.10014760271589296
0.18610066131559488
0.5889913500671451
0.20029239762715711
0.09048702864982872
0.30137042654602286
0.2207410035828996
0.37490455585554017
0.20011791522776345
0.2201290612550455
0.2169881662555211
0.5981869668768942
0.20001984149800744
0.004334747760319502
0.12302711290265922
0.2001476027158926
0.15389468227510772
0.09984404616978093
0.19545182838178476
0.30215176400510124
0.2746832990931525
0.10161300444661325
0.1872076708605448
0.899852397284107
0.10044332739640982
0.08706545985878478
0.49942858660076617
0.1106966973325969
0.08729140929218193
0.02968251932037358
0.07562328960769005
0.09985239728410722
0.3761031624359479
0.19001776384482216
0.09985239728410722
1.0836629169167837
0.11057214316076625
0.004563206955253918
0.003612397416834945
0.00991725638278318
0.20399562290104356
1.1150190861993696
0.1085176277533133
0.09665597336487952
0.11143135424800654
0.19229202362606745
0.2823744756647555
0.0006681865412243582
0.0076707974297232084
0.1876334359096763
0.08014109737846731
0.00968642064097569
0.48588120902042764
0.1031826316150779
0.1849760072454858
0.15881710211079714
0.33297171067432174
0.005154805635159576
0.10643979301879014
0.14655814088639296
0.29412565129378443
0.003623718172639734
0.11552239806732256
0.21138861715239887
0.20002658493718517
0.2537988159439495
0.053441859113607215
0.0004448083154420246
0.10785060284416836
0.6889225327936215
0.14655814088639296
0.10795379611415523
0.16290195729491774
0.020325739144833932
0.12352060465409753
0.3042589666815836
0.8173278095113528
0.19733782256390597
0.11096366269184976
0.49998523149482565
0.006439793018789608
0.7722583997521122
0.9198776830365647
0.17785456173464098
0.2935602069812102
0.20007456631277076
0.14621318717523657
0.10241380364259811
0.005246028521661117
0.20943674188313022
0.3968173459826847
0.00014760271589242535
0.2013709231038412
0.01441650053130683
0.02200578071825987
0.2000874840854534
0.14072641861931245
1.9091036058490207
0.09696079821984238
1.1033018263380914
0.002682062961096854
0.24742966446464187
0.10268206296109739
0.001592966480051139
0.07092494585650932
0.0040918554315050315
0.09346893464536432
0.202402642048364
0.19882136344557289
0.11528960264112609
0.1685560641144601
0.07292403522252311
0.0014494306447110361
0.23410652851164393
0.17454183875419993
0.09372525120478858
0.49354638521950545
0.10505865400424863
0.12549504032351155
0.20339259739153093
0.904940615594751
0.27237332860721253
0.20743020073342233
0.2015770020221952
0.09032868999525245
0.033528492273274146
1.123029783621135
0.16551465073057248
0.20007027996384252
0.6000168697354402
0.004029868943872472
0.030783586268840146
0.6783637506248654
0.15344185911360775
0.015289602641125555
0.19972043165536313
0.051893041583845445
0.31370076081718956
0.21031201523293497
0.015289602641125555
1.5873119139177438
0.30742335439684965
0.3532457153085744
0.20742335439685
0.015289602641125555
0.2001476027158926
0.7969878825230419
0.1988454810057183
1.1150190861993696
0.20011473188525386
0.20643979301878979
0.08640688050778422
0.015289602641125555
0.20001984149800744
0.295101931915263
0.28471039735887427
0.09731905556872267
0.40407340572800265
2.053894682275107
0.09897561788876175
0.10975101498749673
0.1857465058290373
0.6370980427050821
0.09452573579564305
0.01679681062074856
0.1235889975140596
0.3031074299665786
0.48941683566381045
0.21932952810948603
0.06596534360839801
0.08899135006714509
0.11255762588812157
0.2263211548767199
0.2850725198282973
0.2910961389738027
0.19689257003342142
0.8006423723028497
0.20711193114998316
0.19553879423998666
0.17745119539906185
0.19985239728410775
0.3077924794989011
0.2001476027158926
0.5009657964442011
0.19858151445970051
0.5872878909691748
0.883666930896676
0.08132300010967963
0.2115387688844832
0.19481043448452695
0.5997076023728427
0.8063776707441193
0.10779732811679832
0.29894766735135203
0.4001533361163645
0.4109349200803907
0.792149397155832
0.40643740974307097
0.09373077093224058
0.24610531772489264
0.1673407981866335
0.10968467152775307
0.003152920893567668
0.14655814088639296
0.5003534215037071
0.07826197352285735
0.013365002778594537
0.6949989958831919
0.2001476027158926
0.19669660648010812
0.8870726238110143
0.09153941215684647
0.20027772055967485
0.3986037387580801
0.21714927333356204
0.1747963229137417
1.1976714838252587
0.30008748408545305
0.053441859113607215
0.5970444905573506
0.10094344306187608
0.20355882146632442
0.1956067995428814
0.7862833811547425
0.09860373875808026
0.09684573160435406
0.10464998463760367
0.79991087003964
0.09824377320100908
0.0007351400617334747
0.2001476027158926
0.02120152620055915
0.19661068958011096
0.775764158059177
0.09041766526736161
0.09393727397509366
0.388589012454827
0.21461937249126528
0.6854149217387366
0.21425349417096307
0.2001476027158926
0.7808471337171534
0.10283033563653454
0.5854201860584851
0.27193049357158294
0.2757562270116871
0.21418663243792935
0.39970760237284253
0.0527843858594057
0.8003534215037069
0.7001467774519581
0.28471039735887427
0.05565073658984421
0.21679681062074874
0.09491121376430112
0.18735967694387767
0.11704553923570238
0.12427795208527481
0.006032380055493114
0.39127588645006917
1.486755758383481
0.10088489058218286
0.300645127368524
0.19906554075246596
0.10014760271589296
0.011413969943018465
0.14777713776516244
0.08843154346603832
0.7042459889797961
0.20910741721225978
0.19882136344557289
0.201927002210188
0.09987435194641403
0.21461254035792976
0.08090047789210697
1.0995321686174826
0.800087484085453
0.0005963236635162517
0.10014760271589296
0.399551996422157
0.10014760271589296
0.18612442403084728
0.21800426681365792
0.4875020954846976
0.10012365289104075
0.20018245054725448
0.08059982309927172
1.288583940735629
0.6777541428227991
0.10006602349155624
0.11727836102077749
0.19865868109540763
0.20127615515220665
0.7062072278621709
0.2954432296385052
0.48977210094818435
0.7013356375956175
0.5673712105231692
0.20056190591476408
1.6979590235128095
0.20204303128903955
1.2446470171172566
1.1998523972841078
0.8998763471089593
0.010717646160750327
0.028232622528077123
0.3963678034543152
0.17591485609201918
0.21246816933431223
0.09307896113519476
0.24477702755657038
0.19236986851472704
0.09564074945379275
0.20594919492504893
0.10232851617474203
0.4908525408620523
0.009925400530377715
0.08427895629199789
0.06934168989714884
1.0979181282199644
0.5954916131833947
0.2031240141423094
0.146105317724893
1.0831464297878641
0.8043865644934325
0.006039481303682592
0.2209676843817796
0.20048372545111093
0.1991849970110824
0.9942365369884163
0.39527969845698685
0.20820416920982066
0.20268206296109703
0.09815521307157482
0.02679034936214819
0.20093926024728326
0.0999125159145473
0.1307167987601261
0.09985239728410722
0.1830001563028425
0.10213384288502336
0.010583164336189554
0.10124048077020831
0.013235312456796322
0.19985239728410775
0.17229680040240236
0.39987435194641385
0.2502768106346869
0.2180722441485754
0.3940126307193861
0.10394363032399134
0.10014760271589296
0.12930900263950562
0.003012117476957954
0.10007964487650334
0.29852709091645035
0.20361084575195498
0.09985239728410722
0.09998015850199238
0.48765494265873865
0.0999125159145473
0.10643979301879014
0.20567172373560982
0.20299289349856497
1.124023519310489
0.47809852161745603
0.005874348706215393
0.4815702693320194
0.20822049453959046
0.18256647606018017
0.1981612351976807
0.1307269585797357
0.10588670810029033
0.08858603005698207
0.10008748408545287
1.180134941577295
0.7813440066979611
0.017708380359222176
0.3940508050749507
0.2799956239595849
0.1565794476890332
0.39985239728410704
0.09792891297744788
0.5300646662976147
0.04471893858298159
0.11861083703652042
0.4152896026411259
0.5644173313141172
0.0057619669420931885
0.0024047878269506384
0.09986722254731539
0.006541486206600666
0.20970370434525165
0.1031826316150779
0.10014760271589296
1.299633056330177
0.18946505023253213
0.10328298285450188
0.10105049601087757
1.094050805074951
0.07774388305250746
0.682701321275518
0.009751014987496198
0.29307896113519494
0.11131077982024529
2.0454176214499373
0.14428553983020187
0.20307111667473432
0.4831387677321475
0.7682186528817443
0.1998725420751395
0.19756957262911
0.20001984149800744
0.13097531060613754
1.298753483875867
0.00014760271589242535
0.08474350616032478
0.2185808054553675
0.11167242154255153
2.9986037387580797
0.1787699248021637
1.1091788460889154
0.09641215871078934
0.09998015850199238
0.31564628337657474
0.011576341842836513
0.009982236155178015
0.15750758970121836
0.036593078834674664
0.18490747431903198
0.1118536381905173
0.3973130485377814
0.20224899191048973
1.2873596769438773
0.05657944768903356
0.08283965384887093
0.2998743519464133
0.6023268294281001
0.18471039735887462
1.137098042705082
0.20418283674724425
0.002432487450396259
0.013864274003886123
0.0796742608551666
0.6994929288169542
1.8664086049807551
0.19626710002922287
0.4922026718832022
0.023973186957437775
0.09356020698121004
0.39987435194641385
0.10768603461305659
0.21113253831466494
0.10599025104295023
0.09985239728410722
0.11528960264112609
0.04655814088639243
0.012309682187008342
0.0999125159145473
0.29412565129378443
0.20567172373560982
0.0910036293691947
0.10640550580800756
0.2998523972841074
0.019266625568424622
0.004040550448808133
0.377973040199846
0.09919305274689805
0.6043273228802475
0.723001699877944
0.19804851810088842
0.08162767573339824
0.2998523972841074
0.23187881329887272
0.10643979301879014
1.7003516405611885
0.20361084575195498
0.13303773592604706
0.0741532004462142
0.6004437038241539
0.4762497181257528
0.8045400566090013
0.10378100048325223
0.44628738336947915
0.1279434075785133
0.21395114488641198
0.2805989748836435
0.500153292885086
0.20727845823329716
0.0117744841207017
0.10002214223994343
0.2021279732498913
0.31473396465919645
8.748408545322661e-05
0.09996006433971871
0.08116785088120437
0.2000874840854534
0.13336717102083373
1.6079941350170595
0.21651070604001266
0.09591612391059101
0.22568998556898556
0.5053940361966349
0.004883860280838093
0.13058822900647016
0.7977262552972526
0.17407348126608113
0.13279360350967195
0.19751143485244693
0.19733804397827637
0.11784568702256415
0.11528960264112609
0.11679681062074909
0.7034981147390722
0.1259357296518271
0.10727845823329751
0.20575543391653728
0.20599025104294988
0.21400283574675782
0.18809669332127132
0.20669450559955482
0.024888305957376566
0.1366566332680037
0.40688252634308064
1.9027442194662383
0.20050707118304611
0.8534414607950627
0.00014760271589242535
0.31096635860989075
0.04211565169017728
0.09878637185889971
0.010355135530838666
0.0859784847154117
0.19957987139801237
1.500242654510413
0.00014760271589242535
0.19922584944093646
0.6988970367447971
0.21484705829700612
0.009175111465292929
0.5984883170562094
0.20587434870621557
0.16579582512742608
0.19893258356087706
0.011540616862305342
0.2208144012941311
0.09975734548958748
0.55084399408788
0.10597285517004895
0.09109613897380253
0.07292403522252311
0.020703686515632036
0.19991251591454695
0.3516158511113767
0.8997346565454647
0.04655814088639243
0.3998852681147458
0.0083437603814982
0.015289602641125555
0.21054895092627213
0.21387557596915308
0.09433061151243471
0.1940933735328363
0.5943045307708745
0.0622225734329751
0.09754876323235973
0.1118730172684872
0.12841924350333223
0.04718554502523098
0.0944651870762101
0.2436791105022742
0.19479655338196267
0.004898068084736806
0.2001476027158926
0.09112093322722625
0.18985108348227797
0.09795902351280894
0.08087247850047596
1.5895813687132314
0.2763444342997001
0.21830127952343492
0.0052585506932132375
0.05657872000784003
0.0013962612419193832
0.012838720687243566
0.09400803275574088
0.666630520155131
0.3016771352661465
0.09776919002003215
0.40025653208710743
0.014047970617004246
0.20576196694209337
0.2008848905821825
0.4958493894553806
0.2124187718912003
0.09029629565474906
0.2118102045606296
0.3997577784771611
0.10014760271589296
0.10293932849021026
0.2001476027158926
0.20056398601726944
0.2122655795364139
0.10916288107556138
0.786964258148128
0.11386427400388666
0.32053002560467014
0.1169615104734687
0.1952011927441344
0.2046922400637996
8.748408545322661e-05
0.009906192811145687
0.10012365289104075
0.09936476409075379
0.007707976373932723
0.00014760271589242535
0.01130889035012217
0.09356020698121004
1.798518521551241
0.011441943918389264
0.10188078028858705
0.1565794476890332
0.0024505320442607115
0.12714322994989047
1.4881823480776157
0.39258110608443886
0.10703903470569998
0.000937328148882699
0.40109575263366715
0.3586104599363429
0.0966074026084689
0.6893440062838945
0.19627447137347964
0.509420729060321
0.01802973998451396
0.18054315687003886
0.0629019572949181
0.11959939517464058
0.20320239859498823
0.6738195791622186
0.1899990125019677
0.19693807140492048
0.8912711731566167
0.2094203351200319
0.09824372263288783
0.026850204836199154
0.20643979301878979
0.09387970001668045
0.29992543368722924
0.20523535874521048
0.007106303624302868
0.18592468923444283
0.012503050797214144
0.22471039735887466
0.5991624975651781
0.5001327774526851
0.00411202173536207
0.004017925687067603
0.2092535312159267
0.12053002560466997
1.0892823538392493
0.29988526811474614
0.00770531561686294
0.1002426545104127
0.015289602641125555
0.012515069725661299
1.1871612793127566
0.21523166756986445
0.20868106108420736
0.09975745598883101
0.18907883741972054
0.20066818654122454
0.1990367055372424
0.4915092701155448
0.2998523972841074
0.08903364139010961
0.12996977792212228
0.19748200480844247
0.5973658662396764
0.3985071093607049
0.20068076440539784
0.3949989958831912
0.19964657849629308
0.6964573515931454
1.5842389952467775
0.10144943064471157
0.30843264579642327
0.6835239340506067
0.2206233956199517
0.8015896581036133
0.010049815544033613
0.8527362767028066
2.3000399356602816
1.1971965193225351
0.20155540268817518
0.900040532500511
0.09769600380263732
0.1735211865705928
0.10404055044880867
0.3898319955513747
0.12327762283152666
1.1000874840854529
0.5069756601537856
0.20148078343450493
0.19311840635387512
0.10001476850517488
0.2964093348932968
0.1953530914262176
0.1999225637499924
0.09807825080995514
0.3983503448931103
0.20127615515220665
0.09310474058179086
0.2042959985003039
0.28806251810855965
0.1184059342970043
0.06718892293190226
0.5906139099045387
0.19783094041217542
1.853176141450514
0.9004463770088007
0.11762552433524487
0.19986722254731504
0.0031882713640412064
1.2786315652709064
0.10854066411993202
0.17229680040240236
0.2121474607534326
0.7017801269118742
0.00021380450288965847
0.2001476027158926
0.01137808257464279
0.10300075516562224
0.288860964350933
0.1787699248021637
0.13858860550139784
0.18901820217866572
0.2044304551244851
0.21382281043359086
0.9859164990421769
0.27876992480216334
0.1900409492938726
0.18320318937925162
0.18628338115474286
0.8462785773233001
0.2985343753769447
0.1931862770506605
0.21078320773106718
0.14674204251788137
0.09850931406602559
1.787375604157388
0.12302711290265922
0.8965326733028238
0.19704347337717376
0.015289602641125555
0.09824372263288783
0.7055260207808827
0.004640722273442144
0.19359370979193002
0.015702410012845114
0.20027559802706385
2.005383069075002
0.5483446499948723
0.10454817161821595
0.42302978362113475
0.0954544737492462
0.646558140886393
0.34033518121252193
0.10410044255428552
0.022464249585949503
0.010376082870320325
0.09263988178628502
0.1977374360847124
0.09556955260501265
0.10587434870621593
0.16992602596810347
0.6935602069812106
0.007160042316976423
0.19380898600282492
0.5998523972841072
0.10998877492832992
0.09919305274689805
0.18012231696343495
0.12815280895986358
0.4093990044347722
0.10320628895199135
0.10001405991444745
1.4768505174345137e-05
0.0033057010618327
0.09985239728410722
0.18471039735887462
0.1675890792970005
0.00019261447803042842
0.6015960993051559
0.0892770128853746
0.1348525699074683
0.10546790742815837
0.19142645946190306
0.20860033150611024
0.18208852658900465
0.00486630852323966
0.29289369637569695
0.08877522696472528
0.0629019572949181
0.09986487459001481
0.20007456631277076
0.20587434870621557
0.3702649571851637
0.18509838363608822
0.19367260040797696
0.05871477591326624
0.10034254278717825
0.02133673782803225
0.8001559538302194
0.703471117048343
0.47066644245746936
0.05657944768903356
0.05660925581442289
0.10041192489675943
2.2318444730981115
0.04367911050227402
1.196165018957453
0.10029239762715747
0.007423354396849824
0.21642348730786676
0.2981869668768944
2.074268450920079
0.10014760271589296
0.19467348058751988
0.21069669733259655
0.1811930436951874
0.10847896263891332
0.08351108887733982
0.2978720267501087
0.48013494157729486
0.5994285866007658
0.0883171276901189
0.01812068473861217
0.11770838035922271
0.19096720917428733
0.48499660408415224
0.11214265240317012
0.6877581326336397
0.4998523972841076
0.4948289563233672
0.04167239742882334
0.6746436413448311
0.1844448012279658
0.1165026053217817
0.29129987907717947
1.0940271448299512
0.09577781379740191
0.20011473188525386
0.40980402049489495
0.11728593827961564
0.03050055157181486
0.1101769281348357
0.20005019843294392
0.282954460764298
1.8720497903973872
0.16290195729491774
0.7831464297878643
0.0976147743262743
0.2149463702217309
0.11528960264112609
0.20050707118304611
0.10044332739640982
0.19285646416478208
0.20050707118304611
0.0031556551668368016
0.48286020911984373
0.5964222349277621
0.19988781238072484
0.09767148382525814
0.10464449528405151
0.09684573160435406
0.28589701246966026
1.9870017120167178
0.2778127607141272
0.010049815544033613
0.09570760274295775
0.04610531772489246
0.19010490856876228
0.10664360121265304
0.10107040962913594
0.15600789740616605
0.0023940860992928137
0.2876090507754654
0.10211278349250019
0.206605955399505
0.5974801325731205
0.6018532652489172
0.146105317724893
0.02567000060377378
0.19750261451101014
0.04655814088639243
0.2001532928850862
0.1674043637893048
0.37745119539906113
0.19479655338196267
0.2000226527581388
0.00014760271589242535
0.5300646662976147
0.07407228512668418
0.14692896950919465
0.11264032305612304
0.35484474403494737
0.19257664560315035
0.5666328289791664
0.14655814088639296
0.8808363004431401
0.19165489336290342
0.19985239728410775
0.4012486044313839
0.23302614810911404
0.10612029998331973
0.00033924335889867763
0.08929912603559309
0.30905850220453157
0.2534418591136074
0.0002670234950521433
0.5003662551785961
0.29476925275732224
0.09838699555338692
0.40035164056118777
0.09202806077024928
0.02511976290563478
0.10190806285208165
0.22198242062180373
0.057670581503274754
0.010199351894518038
1.0986954066940067
0.5914166713271696
0.3041762988205772
0.206545670828576
0.2029393284902099
1.1622225734329756
0.18352133234234635
0.7854201860584853
0.684416722757831
0.4083189601641264
0.004368914361747578
0.403391671407225
0.7766239383346889
0.2130984661102886
0.099732611951036
0.19911390863141776
0.19996006433971836
0.20050707118304611
0.40109575263366715
0.20185484929626352
0.3894510490737275
0.11528960264112609
0.10015595383021925
1.4768505174345137e-05
1.040335181212522
0.01600062827444937
0.30150728884706623
0.10021380450289019
0.11360993704636346
0.5796879389070613
0.7890559869347094
0.40697433816430273
0.816305244353825
0.18471039735887462
0.09057306109120411
0.09583542834835423
0.0930931488168456
0.19707916115749669
0.11316924398780515
0.20584870400900446
0.07320965063785145
0.10144584857800254
0.19227463513427612
0.082012559252167
0.6830646203989197
0.29676742526915234
0.2000874840854534
0.176275042248637
0.0999125159145473
0.16771011975774197
0.22049759084610976
0.08528228655129233
0.07651141808516204
0.18471039735887462
0.1998711220833247
0.10139565651116111
0.09784823599489911
0.19547658066801255
0.48993926096389373
0.19968473878167003
0.14655814088639296
0.0001236528910402157
0.012838720687243566
0.09538356404063286
0.2998523972841074
0.21562259779908022
0.29177950546040954
0.19507961220254266
0.010515380642194039
0.16540967776259397
0.012661944348294263
0.20027772055967485
1.1439921025938347
0.02022530866699057
0.08113391915796608
0.2917180382231903
0.2128677519308857
0.5541218892342297
0.31137926350557255
0.21275587973941867
0.015289602641125555
0.1956571298906855
0.39881539360009377
0.4029871494942281
0.10010982552451253
0.006663096673433344
0.10727938698423145
0.0037453301274235073
0.40405402171768756
0.01133614410333994
0.08179129127352791
0.10019261447803096
0.0029804699966327064
0.1960155598622384
0.10094725265866522
0.09159258644364687
0.795931251891572
0.19841034189638673
0.08229628363053632
0.10485125521838601
0.043420552310966976
0.01218163413711526
0.013594873946259689
0.38765524168284227
0.23466911541969715
0.19836164181815263
0.10020644423181757
0.11402151528458848
0.21230968218700852
0.6998523972841078
0.12323374643552576
0.20224899191048973
0.010168004448624757
0.2596648187874777
0.19824053997140734
0.08870726498964032
0.09964011222317559
0.19151432258518142
0.27797304019984637
0.40149201595019157
0.40058603129019055
0.4998523972841076
0.09864154447878537
0.108324469523021
0.10319281119602586
0.03836244859963589
0.39510764002145393
0.8994336023704701
0.09787706604379753
0.06104904722711435
0.2966285869939096
0.11396079325973663
0.15881710211079714
0.02586613838884766
0.010583164336189554
0.01835362640656424
0.2056954692291253
0.2994694651129022
0.11848973931147366
0.34655814088639225
0.6629943041564452
0.19809505814453843
0.190378993670822
0.7818008614759506
0.2031220521515582
0.24651335090237847
0.8025202128008555
0.09288806885001666
0.20033924335889886
0.39965145284700476
0.21104288662363935
0.10014760271589296
0.1853084580688007
0.10211582469634539
0.15516872482196664
0.2001476027158926
0.19655747975312998
0.11679681062074909
0.10645403217463123
1.88809837970987
0.6767493032775853
0.12774160024788817
0.09859542671331845
1.4913891121827634
2.304585827856659
0.23136070925683416
0.08471039735887409
0.6034139188384673
0.21562259779908022
0.19889534301605138
0.17652504453789586
0.105988915524029
0.31525084229856404
0.5313506749480759
0.20006094746502967
0.26436409699094465
0.9770321712175312
0.19860465818265993
0.35871477591326606
0.08173301602124461
0.18840357982720413
0.18089540204061194
0.13793514986885924
0.0018130331231054342
0.23034152292354904
0.0038127061000521323
0.19974989751678063
0.20692197973411286
0.21576841755956888
0.009164027164800359
0.2001476027158926
0.8963447868476493
0.80943706855256
0.20041495781522745
0.12280407376579117
0.8407264186193117
0.1084074135563533
0.4999254336872294
0.1999461041830548
0.21285108078068227
0.09957078009948539
0.043420552310966976
0.1853181884288615
0.12086885776655976
0.1169615104734687
0.0027598978043412714
0.6019961364996336
0.02849594110687992
0.0016828501484491554
0.09733804397827672
0.10541394604263843
0.3003942128971717
0.1930298606926968
1.6003534215037067
0.7950424727739618
0.20026702349505232
0.0999125159145473
0.19227401166011227
0.013553051045799513
8.748408545322661e-05
0.04655814088639243
0.09760886408659353
0.043420552310966976
0.20033924335889886
0.23350680736624874
0.04655814088639243
0.1510980552923762
0.48091028335359365
0.2001476027158926
0.08582051108128219
0.06245028116881546
0.09388864423865062
0.1990438270051964
0.1982844023196586
0.0963273465198613
0.00511238656437385
0.9948522114680269
0.20035988777682512
0.45571446016979866
0.0924240689947382
0.146105317724893
0.11528960264112609
0.2294272034508973
0.1346691154196975
0.09908271539452063
0.00973413559730929
0.004664162316120546
1.6000399356602815
0.012624395842611769
0.11872276125419656
0.18224122708504353
0.4614113944986027
0.09684478592594115
0.08223939505800093
0.4587147759132666
0.20643979301878979
0.5640233780686943
0.18167160629430157
0.0067287847342036855
0.2115763418428367
0.18002430181384366
0.12627132863702073
0.012147616542248052
1.7998523972841074
0.10651339359799827
0.015898396340153553
0.1934263747288032
0.008797073317454718
1.6622225734329756
0.09872384484779317
0.5669955097390051
0.3991184778672556
0.07398656971367235
2.0995556706615
0.19655747975312998
0.19628266762599011
0.015289602641125555
0.22135724971564485
1.7769266497411467
0.19532999628939596
0.12416849214187398
0.24460635968352573
0.2920782588563222
0.18208852658900465
0.010517219091556562
0.49333690332656666
0.10004795252177345
0.20527070923168278
0.02116662819100945
0.19985817475400758
0.10165191966077636
0.10362003812998921
1.1998523972841078
1.1062978123262006
0.096228630661642
1.2940097489570501
0.0006621457235205241
0.22299660705078939
0.19991251591454695
0.10112411215547734
0.11652913381125707
0.20669655891322058
0.19054858007633513
0.39834839034382874
0.05657944768903356
0.15621407379894414
0.0791817361152507
0.10703903470569998
0.5149338878428464
1.400600974584913
0.19354990540240635
0.7948451943648402
0.10181303312310597
0.10742375213377287
0.018234282975226
0.8832031893792509
0.0030306054343114397
0.19985642622207678
0.5998523972841072
0.13950401212007968
0.48565539525980306
0.27117847865145706
0.11016800444862529
0.09605209730226427
0.21839819602420807
0.8191275214995244
1.2000874840854534
0.9998523972841076
0.2073252815287301
0.10464072227344179
0.09356020698121004
0.06176777106797182
0.023688258113474525
0.20764542130865848
0.006439793018789608
0.787287890969175
0.007301637951761641
0.1840388674844018
0.464867050339814
0.3720813392787923
0.07801757937819609
0.10464773619929169
0.015023992754514381
0.7193435756086233
0.40903599643822197
0.24041939671742618
0.0004119248967597855
0.18572091386077716
0.06765657959959448
0.06949944842818478
0.044606359683525554
0.09042768925851785
0.20742335439685
0.10742375213377287
0.21467196795123478
0.17285677005011024
0.6890699124193125
0.01726705595135858
0.022026959800153456
0.4967004526657517
0.20932735932392976
0.353894682275107
0.20031526121833032
0.016283619434658725
0.6818442314922999
0.6114920966643345
0.2035278465700472
0.7999254336872292
0.4000874840854527
1.1986173203525112
0.8518421291540772
0.2930954445669016
0.09953355127974461
0.10014760271589296
0.010418631286768232
0.1090791853731865
0.20363219654568443
0.21181644433337077
0.0902572432410862
0.4919362876278752
0.24263635465437527
0.0035826484613794563
0.6106791239305389
0.19640202175714983
0.2388291696210061
0.20506439301252843
0.00014760271589242535
0.49556306660394345
0.10506439301252879
0.01377469267190179
0.001445848578002007
0.7995028539862332
1.7020712890902452
0.09998015850199238
0.5996847387816695
0.11528960264112609
0.17901469435264517
0.10792174114367814
0.2845167514260831
0.6072962916515436
0.02871947586267698
0.20643979301878979
0.19925118689318388
0.00110978809040585
0.10468900426424632
0.4004388286905467
1.8882692401994952
0.20689525941820985
0.28212042622120936
0.6099887749283299
0.11965143122136812
0.24477702755657038
0.1032188288005047
0.055040027916269274
0.30215176400510124
0.6008891378108157
0.1895723037252477
0.10633195143382324
0.09784823599489911
0.07177416951154214
0.4998523972841076
0.1041614679721361
0.5754549081871589
0.19752563414013746
0.013017392389760296
0.2054936383873045
0.010297964022557338
0.08594631939554631
1.1622225734329756
0.6987653246634205
0.07780930972359101
0.19109613897380306
1.4485876817182941e-05
0.34868711086426174
0.00019261447803042842
0.2926283455163414
0.6743814775859356
0.3995319647339395
0.1472530562531844
0.005467907428157837
0.23895280098707428
0.7764110024859407
0.20222343777547458
0.002211609273956583
0.10019261447803096
0.7029565266228266
0.5060394813036826
0.589660872253261
0.1748632838235391
0.20954332468010595
0.1998725420751395
0.006439793018789608
0.18919076751023223
0.3031542683956463
0.3933082049005243
0.2756232896076902
0.0999125159145473
0.2991248164476321
0.06523477685281165
0.7801349415772947
0.4998523972841076
0.19387970001668098
0.2876549426587385
0.20806918340304126
0.4532643606305111
0.0894343182378794
0.20004263402151956
1.699403676336484
0.19535175951886607
0.19760591390070736
0.39998594008555255
0.19985239728410775
0.05663641962817678
0.19391214191883055
0.4653469853801484
0.10789733170619265
0.08059897488364332
0.20035342150370727
0.10711151475618408
0.186963455793979
0.39985239728410704
0.10088609136858206
0.07826197352285735
0.005341957803364217
0.00014760271589242535
0.2809211962663305
0.21812068473861235
0.7002202220007145
0.05937156987237646
0.8002261578128254
0.1002795683446367
0.09661352817649416
0.09011583024387715
1.8998852681147458
0.494480504319335
0.10341391883846729
0.10088448182107079
0.09818696687689421
0.20636205585237644
0.6953134838405512
0.3992481298843673
0.09396051869631794
0.8967621734856097
0.2190835362000083
0.008508120347113568
0.19534286658497102
1.0935171405466333
0.20026534345453495
0.10239491255384348
0.7003598877768251
0.19832286473385352
0.20553934213956015
0.20033924335889886
0.08663808962363984
0.09298947959002035
0.20578212699770404
0.09280174347327375
0.4869826076102397
0.08471039735887409
0.09083942091070796
0.5914083741704728
0.19546855796552265
0.1102714462388823
0.29988526811474614
0.21858286913070568
0.16220065135494277
0.49970760237284306
0.11561502462666162
0.2012374033409916
0.09665988253727864
0.4998523972841076
0.04655814088639243
0.03406161476456493
0.11317433189107273
0.1935643263185236
0.3617900713848847
0.4855141889280912
0.004004100654368514
0.2154322786135232
0.20932735932392976
0.09784823599489911
0.23697589191866442
0.21054895092627213
0.21100864993285473
0.0035278465700470107
0.187671064846878
0.07878614175033505
0.2023434604297938
0.10509224735512035
0.08700649632830437
0.10224761443536234
0.10147246113817854
0.2745049596764888
0.19731793703890332
0.5433635803718229
0.2801236948665089
0.22764082819852582
0.7967921409290959
0.2001476027158926
0.21693537960108067
0.10765895434249995
1.597944907410647
0.19817808783018087
0.11375689404527556
0.2000660234915559
8.748408545322661e-05
0.5630241080813354
0.19985574594128508
0.0760796744385761
0.0027470847647892427
0.013875575969152898
0.09897561788876175
0.09792891297744788
0.44317669089471856
0.2085922287650286
0.20412790515964563
0.11238847541809882
0.5898230493503238
0.8963876025831645
0.10014760271589296
0.09926725329803343
0.1904281497115914
0.1992711128700675
0.3913996684938894
0.8974677071010335
0.4997468711224373
0.8002191522447433
0.06700485047114846
0.21511795917730225
0.1905434981363232
0.8938813331100466
0.13419217735697053
0.2059728551700486
0.14303754157745718
0.8860229803411936
0.009281218810242464
0.39985239728410704
0.09985239728410722
0.1142700056364152
0.005883775949652836
1.1217380264771428
0.8969992448343778
0.11548324857391723
0.10720076310415116
0.09544387547789324
0.2033399240062881
0.1002494160159717
0.21038311812636934
0.2054245225966227
0.028168436755127146
0.25802850776224684
0.4000874840854527
8.748408545322661e-05
0.10066818654122489
0.23159990535887776
1.1815702693320196
0.00025312887756268054
1.0986037387580803
0.19794941317480141
0.006339472828476467
0.4977523855646382
0.22198242062180373
0.18000840547192443
0.20643979301878979
0.2001476027158926
0.586979316807227
0.24168571845277853
0.2733128079496181
0.375831507858126
0.5611678362927526
0.08617718956640896
0.186766478510898
0.4121175805893369
0.003226845776345577
0.04211565169017728
0.3110486567467854
0.10008748408545287
0.23954507986586826
0.22138998909191354
0.09820206163743617
0.20211907978799015
0.19871902141113562
0.7953077599362004
0.19539958852750328
0.09154941660784477
0.04552862667931912
0.21058316433618973
0.20033924335889886
0.1995566726035909
0.21968075638129925
0.7042622594614043
0.20376325807726658
0.08967769798748382
0.00013277745268513996
0.08564456231473638
0.299633056330177
0.5027189403728345
0.0013473526511145195
0.2088650127253011
0.6985505693552891
0.1565794476890332
0.1120920532164087
0.6251367161764607
0.3796465927639865
0.013974592334551339
0.11528960264112609
0.20191074463458136
0.08254927514829458
0.20870012092282053
0.2001476027158926
0.2953077599362004
0.07276760508932156
0.3077859154268525
0.09996006433971871
0.0490311015119298
0.22398185655540281
0.1076095366427463
0.1743299993962264
0.5032520440478736
0.1890559869347097
0.0024315810583237507
0.20347917768419865
0.05079549617065471
0.6113792635055724
0.04519862226520299
0.5922026718832019
0.4587147759132666
0.20376144442456745
0.13382827903601147
0.21251506972566148
0.17772278969572586
0.09550972326135199
0.18471039735887462
0.18818885562686027
0.2001926144780306
0.20643979301878979
0.20675782357887673
0.21779709714590467
0.0011416395545680302
0.2001476027158926
1.1262271723068915
0.19998625539961967
0.20643979301878979
0.002181620339281487
0.2039111130755913
0.21104288662363935
0.09338450241932872
0.5844353044520068
0.09822471156495993
0.21679681062074874
0.19985239728410775
0.10012365289104075
0.1968457316043537
0.008434216242018344
0.40620722786217023
0.7981869668768944
2.1004612161657814
0.10050707118304647
0.11915286628284694
0.11415212247550333
0.05831428154722129
0.2165279990002542
0.010965502741042243
0.3995566726035902
0.20659173643234574
0.21953132355494187
0.003940905697397135
0.5779265845608146
0.1923982160097122
0.06864932505192378
0.39864609925500183
0.025653951426897414
0.08825917095834335
0.08129375645996006
0.10817109987706353
0.19186845825188747
0.12225611694749272
0.09973160312750107
0.000757307508625793
0.5769451399330778
0.18169872047656543
0.1993411062927466
0.1051477885319736
8.748408545322661e-05
0.39776426139612386
0.10014760271589296
0.19993896671564926
0.004462063354252699
0.09935487263147635
0.09535309142621795
0.2102481039805708
0.18730513960084672
0.1909319758858663
0.0985049403249354
0.1971669333290631
0.09813583134431969
0.09464905618900143
0.7098070156564891
0.0811849016255648
0.19985239728410775
0.10203875639812132
0.20747762458641184
1.7162188669372593
0.6084224221069752
0.10014760271589296
0.7996298622122762
0.20889459637199703
0.026563954123407285
0.2236882581134747
0.08366291691678374
0.09803649430391204
0.20643979301878979
0.08889505318447544
0.2018807802885867
0.19391214191883055
0.20027772055967485
0.1097002247464216
0.00014760271589242535
0.011413969943018465
0.4889092992312323
0.026679963624284042
0.2500539302473044
0.19362168913463496
0.49998015850199273
0.025651370284062835
0.02879234896637506
0.04655814088639243
0.39955519168455744
0.693879700016681
0.0016828501484491554
0.19774391681236025
0.010717678808160436
0.14262524480961858
0.10793296307791511
0.0999125159145473
0.899852397284107
0.412209436183792
0.7819380798166566
1.1177037163694639
0.20923399752350047
0.10440722902923394
0.09781346874633012
0.15173321353609825
0.023392958570484623
0.2966631280761618
1.9886113828476013
0.1965551244940631
0.09886359848428139
0.6943183191320097
0.0258571811232704
0.38554225439224243
0.10232851617474203
0.10016041852518942
0.18866385589666024
0.0027262299209533936
0.1977374360847124
0.20013277745268532
0.10056070779317317
0.23663763300621365
0.11228402091610512
1.2034139188384678
0.40758197082989245
0.19911086218918417
0.04655814088639243
0.8997261709881244
0.19985239728410775
0.21568367280138823
0.19649999386909833
1.623206510297634
0.062774531472372
0.01787957377879046
1.2975861963574022
0.0999125159145473
0.08357624432486865
0.004852064147171653
0.20095617299480395
0.12001051946862162
0.39356020698120986
0.0974157696528124
0.20711193114998316
0.17114990871892033
0.19889534301605138
1.4998523972841076
0.19964011222317524
0.16514743009253152
0.2020452374674333
0.7557144601697985
0.03999206736110583
0.21713979088015645
0.18224310445451852
0.49955199642215753
0.40246525877507366
0.04655814088639243
0.3035690484521778
0.7070675137373312
0.0870286386764656
0.20239401304781346
0.007993603098597646
0.2870286386764658
0.1995566726035909
0.0987625966590091
0.24041939671742618
0.003232830261693742
0.17019046604558774
0.16649319263375162
0.00014760271589242535
0.06700485047114846
0.609888871460682
0.05571446016979831
0.12802022609204133
0.09074910688349824
0.2700302220778781
8.748408545322661e-05
0.10656338011015798
0.00021018449343479517
0.9641474759742872
0.22225611694749237
0.19733804397827637
0.47285593328179054
0.0908211539110848
0.00014760271589242535
0.0074153264369174465
0.2176255243352445
1.8898319955513747
1.3091788460889155
0.1964603922426269
0.10287673834108535
0.18998238517654897
0.20701052040997947
0.09318896157741907
1.2043223681117583
0.20296250164706642
0.015289602641125555
0.005874348706215393
0.08022007134663767
0.004330852687528086
0.19535226380070903
0.22969885109436916
0.11489210238628722
0.0005182217787575993
0.11031201523293532
0.20471885687976865
1.6789169074130719
0.20532748540564594
0.23259563621069557
0.29966075664110114
0.9845312209683854
0.8941256512937841
0.24471893858298177
0.3034711170483426
0.21679681062074874
0.00011791522776327668
0.0983342497762747
0.006897940823085591
0.10088913781081565
2.1985216254721136
0.2294272034508973
0.10335790345638785
0.6120920532164087
0.3870286386764654
0.21441467350052346
0.09856692425924862
8.748408545322661e-05
0.9021517640051009
0.014021515284587949
0.21203493320059685
0.2057648882686136
0.06663282897916645
0.28267596152748453
0.776682603531003
0.19911086218918417
0.3010243821112386
0.17979881265467856
0.20026189376352832
0.10701052040997983
0.19126967718918486
0.30004191979138817
0.20003012311341628
0.39949008726589597
0.628933468686121
0.10019261447803096
0.5020501574854341
0.7994109495443453
0.19344185911360778
0.0014494306447110361
0.07796070463936644
0.008626926855377803
0.14524402304749984
0.25314489664569884
0.20701052040997947
0.20080694725310266
0.21283872068724374
0.19357486193204387
0.09789985651823319
0.10033656551271974
0.37651141808516186
0.1271870200173053
0.6171492733335615
1.873110109857877
0.19911086218918417
0.18065642439137708
0.0021689475933284186
0.10579849266409624
0.0007450852013510811
0.7850694577669595
0.22067320101039734
0.29699251345140887
0.007431602702382634
0.0763375640913635
0.20832446952302064
0.04102983735389909
0.6045314420344772
0.1767291140095102
1.1799614430523722
0.23260094721729008
0.12992602596810343
2.1052859096073107
0.09405842364845718
0.2001476027158926
0.13585252402571335
0.30012998925873724
0.21113253831466494
0.5000874840854532
0.022262745893380398
0.21425349417096307
0.10020517186762667
0.024836632614618104
0.08771313106901424
0.20044240515970024
0.1968457316043537
0.1016769778654556
0.04395934144161906
0.5833315833269044
0.29120360404372647
0.19283995768302375
1.1680989378432507
0.12839600958427333
0.8993639707170429
0.49631525035832436
0.09985239728410722
0.20865268838564877
0.0033057010618327
0.09955667260359036
0.017799528191845937
0.20112411215547787
0.24910371010036148
0.198720264720043
0.2534418591136074
0.15344185911360775
0.19977384218717464
0.020732543683745774
0.543420552310967
0.6091063911821717
0.19984404616978058
0.3951568359527595
0.09717995957288661
0.09542820505570049
0.11212888879148064
0.899852397284107
0.10468651615944946
0.1019388584448917
1.8814132382394009
0.2055184024235963
0.19251987217024613
0.698638161579213
0.09064416234074812
0.03426551659042065
0.2998523972841074
0.09593634451675825
0.07826197352285735
0.21364198898287867
0.21438576007569488
0.2072007631041508
0.08666659553012224
0.09897561788876175
0.8744428315524093
0.22471039735887466
0.023973186957437775
0.10014760271589296
0.000643632295069807
0.11001958568602266
0.09356020698121004
0.21435939586930175
0.19350897048989957
0.006704500272507019
0.21568367280138823
1.8999775096710172
0.09964011222317559
0.21269486039915364
0.5039956229010434
0.6001532928850857
0.09220752050109926
0.09796124360187886
0.18647418709912955
0.14072641861931245
0.0989305191907004
0.7000874840854534
0.22928432736810844
0.05657944768903356
0.19985239728410775
0.20096142680418172
0.09833084122896807
0.39985239728410704
0.7214000920855828
0.09942858660076581
0.21104288662363935
0.01679681062074856
1.2878523834577518
0.1971213727132719
0.0015480332902768623
0.09627447137348
0.23001961055011133
0.030941019876978615
0.3116101055066496
0.19582370117942283
0.0527843858594057
0.15646549315551628
1.500353421503707
0.21202311158326914
0.10573401876997224
0.1922026718832024
0.0786315652709062
0.7064374097430717
0.2107176461607505
0.07177416951154214
0.5043023494902643
0.3622225734329749
0.2209689236650565
0.2001476027158926
0.015289602641125555
0.10709502483407984
0.196583800333741
0.054834311949626624
0.0020409764871907043
0.29966075664110114
0.18471039735887462
0.10281455445489218
2.084444487997991
0.7841016036598463
0.282954460764298
0.20609456219502764
0.10018527547695655
0.5103730112449902
0.14935780669312848
0.2059728551700486
0.33051558557504634
0.6011786365544269
0.19864837980304895
0.027392285368477154
0.2850661121571534
0.04655814088639243
0.39889229520738034
0.20095617299480395
0.46586703677390506
0.10546747853827565
0.20268206296109703
0.2998523972841074
0.2733332137917186
0.0970644152971154
0.19991251591454695
0.19182890012293718
0.900219945743193
0.002682062961096854
0.10476823222485088
0.20474258329718342
0.2021848215806905
2.03419217735697
0.09752314445737031
0.085797238546931
0.5884008579465503
0.018004266813657743
0.14972318936531348
0.48596202249896603
1.4892823538392497
0.07842501399514923
0.29992543368722924
0.2998523972841074
0.0900148722171048
0.5999801585019924
0.2053070687906855
0.19990796532090105
0.09972440197293597
0.09601555986223875
0.2997076023728429
0.1228824924857097
0.10181303312310597
0.2001236528910404
0.10132277536675449
1.8030306054343113
0.2001303570191073
0.20050707118304611
0.5990827153945206
0.11561502462666162
0.1565794476890332
0.05629928125530004
0.2113616723974836
0.2144577456077572
0.2983342497762749
0.11093533953695811
0.20347917768419865
0.5673712105231692
0.004127905159645451
0.6908879297264923
0.07641100248594057
0.1999801585019929
0.18789409497548526
0.20471885687976865
0.0006681865412243582
0.18256647606018017
0.19985239728410775
0.12366123019229303
0.1364623329265715
0.09855056935528861
0.09482895632336685
0.2352643340247429
0.09704347337717412
0.07799385250158686
0.18595202938299593
0.19955362299119894
0.04118289788920304
0.19641421946084936
0.10261156209273992
0.10711193114998352
0.01141640163050095
0.1999488672855776
0.19573774053859605
0.40007492199035877
0.5856553952598027
1.6964721534299532
0.7098040204948957
0.10110296325520363
0.3836471263991301
0.04033518121252211
0.0012377169149218048
0.49796360914206517
0.20701052040997947
0.0897518960194299
0.23722546852762783
0.200571413399234
0.19845345298338302
0.20188647866571774
0.00566938848756493
0.2000874840854534
0.2097235220538094
0.21592221577125237
0.07486328382353946
0.1118669871681437
0.894338375767397
2.1998743519464137
0.2219141654955834
0.02632115487671971
0.2845677213864768
0.48970536688057376
0.13134115422929327
0.0017056842062128652
0.004260511679903267
0.00582575800062024
0.7031411984620854
0.24536081622100792
0.10975101498749673
0.0030711166747341423
0.279493385460043
0.21515788608136166
0.2001476027158926
0.22814880974445106
0.0072784582332969805
0.14071287784309572
0.24606734114804052
0.12565137028406337
0.7897153008001228
0.04655814088639243
0.3958610186865421
0.5967671697383059
0.2998523972841074
0.4935188230893317
0.10001686973544022
0.08343903006925402
0.7981419615215106
0.1023921933473595
0.1055852981946801
0.402248991910489
0.40639682397255683
1.4984129888597355
0.1278989736920284
0.1792674563162544
0.38363557509021806
0.068489330446873
0.2054245225966227
1.0998739326045577
0.38456772138647644
0.608582016626233
0.19991251591454695
0.10093761913763988
0.2001476027158926
0.14455398049489254
0.28306462039891933
0.2014494306447112
0.10010982552451253
0.0282155773613999
0.19348810617147105
0.28917373134154367
0.16666332155048114
0.19986722254731504
1.1434205523109666
1.099660756641101
0.10541303510587152
0.38731191391774367
0.4776801701689246
0.20299289349856497
0.10014760271589296
0.09569765050973622
0.29900136663660337
0.014674406263534223
0.4998523972841076
0.09985239728410722
0.13827993153856344
0.7937452524366106
0.11147000346272229
0.18660728106062052
0.2012346753365799
0.41587277288897084
0.543420552310967
0.45471501672272296
0.15482832397769464
0.005244004622018572
0.09985239728410722
0.3099944668423422
0.207322626699451
0.11255762588812157
0.19995946749948867
0.023940546035726484
0.0299900007507361
0.20465681283192527
0.010515380642194039
0.09666179069138803
0.0946926346253969
0.2945325214617247
0.20643979301878979
0.19940303176409202
0.18562524423794002
0.19053994193610624
0.0006681865412243582
0.2890518317134383
0.1143593958693021
0.22022530866699075
0.8926896366622294
1.8869379574757517
0.11177448412070223
0.20088060515039352
0.053135469438425176
0.19573774053859605
