0.10881033827525144
0.0885804484342847
0.8926344670018747
0.19763382449588462
0.7085899475266837
0.23802009042188832
0.1996143891402955
0.015198713295290212
0.40026510913483904
0.2473455439194181
0.11681593224081155
0.10557203893343914
0.22097077018282718
0.20126484589942617
0.8003841047929159
0.1885418736887372
0.22894250256362625
0.2094553268793744
0.09263446700187483
0.20001541173659465
0.20226013701669032
0.5963916861218799
0.0003262860759480901
0.21020603801703963
0.10446368551888163
0.1931984942814795
0.6007958756297924
0.0028021808345464194
0.6019154014094603
0.18563938229229127
0.5004724705794787
1.6003536435320402
0.09739337850573371
0.009084292790931592
0.003549915498466838
0.20926546768357035
0.4004724705794782
0.20039826979557152
0.009084292790931592
0.1998125250912164
0.1933928724136038
0.5996784108041471
0.0996824644786809
4.2674458521574365e-05
0.20677452313574474
0.19959666628848627
1.9009450067903177
0.20168654566301125
0.10594365069758993
0.10079695350204343
0.015617634081349863
0.5906605717076738
0.1937335435003762
0.0014172494000472824
0.20168556209743915
0.20631154308544186
2.9801111952586226
0.22738059796880083
0.0655641429612368
0.20038410479291624
0.10368729140257482
0.19944911390303233
0.17989799062256306
0.2052475568691623
0.1993253197277829
0.17013794024004003
0.2639623864855789
0.03457068888967996
0.2274493148709258
0.08017569753875264
3.071974512902642e-05
0.20399417598527947
0.7946223837003377
0.021731083749264357
0.20042798569585507
0.027467939132685082
0.593505115082066
0.07913687804302327
0.4009815306073996
1.0082072960982984
0.39066057170767365
0.502740364564044
0.20102432036047535
0.17851046245610291
0.9016855620974384
0.009240690830171872
0.10309979513306722
0.12520428810606177
0.19474859094885488
4.2674458521574365e-05
0.03285685830952634
0.1991363302660467
0.09872227834453984
0.07154269164884397
0.38759796003528546
0.17250008532140448
0.20336718686296607
0.11511202636263285
0.7000779088707096
0.0007969535020437846
0.09965537895465815
0.10007790887070911
0.19873111694989998
0.6277339423043644
0.10017614061520419
0.2962718701623981
0.4848012867047098
0.2042959646199778
0.3987537011654725
0.009084292790931592
0.2001000913261768
0.00038410479291606237
0.20848556719163192
0.5982646166477039
0.058176070345250075
0.02576629150556009
0.09603650522495855
0.5000779088707095
0.09967771221745103
0.12281407917668297
0.10450396751929603
1.7133882313834032
0.200552972896765
0.20322139254355953
0.10839191043497198
1.8997138392578767
1.9020523251620567
0.6513621834921937
0.19210757920913224
0.0262276341293326
1.1000321935143482
0.20143913316906037
0.19993575992100165
0.20639122976506385
0.400173763553223
0.09659934402804371
1.1940563493024108
0.10185436085170352
0.19993575992100165
0.1931797642120383
0.09992209112929107
0.09388163969515695
0.3959205033733131
0.19922209272246416
0.7000505306313292
0.9980018008626654
0.20126484589942617
0.5926300647524103
0.29995732554147825
0.09990393846684231
0.03165841938859426
0.1062562329167589
0.07643602969782748
0.09716686951628883
0.2998677008603874
0.06731347201661109
0.6021683388137484
0.23465003094618364
0.7003358327527849
0.1864104241737028
0.2027621734134275
0.2068749903009799
0.09865790706946242
0.11779061597619744
3.071974512902642e-05
0.09716410024008226
0.2606762054447902
0.2933479910496315
0.8033971414972934
0.26976788337120183
0.17054113523468128
0.20192842649189302
0.0014950542616762874
0.04863781650780652
0.09990667803007103
0.5006270018683017
0.18541657067049488
0.09873515410057365
0.08861620719923113
0.399707697416531
0.1999220911292907
0.10206814759615224
0.2108058240269255
0.8953026691616444
0.20138376616474574
0.5850327442789469
0.19614672727203075
0.009084292790931592
0.002366484331663088
0.1932152578809303
0.7060779736318441
1.5017342126136022
0.12010558547978256
0.0022445910437012273
0.00238551935823228
0.0009588201171943922
8.399861045127466e-05
0.021018230906127755
0.10361667762220605
0.10002222098519375
0.032932349398455685
1.5609391311978147
6.424007899852313e-05
0.28963913911457606
0.7770482901977669
0.00027002836925227314
0.2026219317184612
0.09863036217066323
0.09151040488528572
0.21821146624604904
0.2998809082347469
0.002806487297747573
0.39954172343253624
1.1668846536098982
0.2147381778145192
0.4513621834921935
0.09672883921525877
0.7067172459411202
0.20014761376361356
0.09707450314584598
0.13311534639010247
0.22927685664520858
0.19892778097638075
0.40218933018468483
0.2963880253302875
0.12295941487444573
0.5582118175869439
0.1999678064856516
0.10260518958479992
0.10306714301759445
0.7035256099805087
0.20087627941458308
0.22927685664520858
0.20087350611025556
0.10749132884859947
0.3998674699014524
0.9965840113509383
0.09595753758976233
0.28826299234079755
0.4831227138322598
0.10448788663205111
0.10290965827840992
0.09880970855434246
0.10736553299812535
0.20364331306413153
0.012437270743685502
0.24309537774947199
0.2038532727279696
0.7034358853253924
0.19867005042509867
0.10507744951021092
0.3985555013587039
0.23780666933985728
0.10006424007899906
0.008893562154678847
0.19605337234392728
0.09690099587011858
0.0967230409730222
0.19779955692975992
0.3954136536638222
0.00024430295940014446
0.1983028706827632
0.23311534639010212
0.21832913166403056
0.2792180812905123
0.09976384875020017
1.6987977966535208
0.0021524645786001884
0.09267983844727823
0.2001322991396126
1.2943095082632272
0.09277152662646149
0.20064929687437427
0.2002104420818993
0.20004267445852175
0.09986770086038721
0.19396138660746232
0.8000779088707093
0.1999141621355669
0.24675648475784584
0.3048236024130109
0.09995732554147807
0.09047479414688286
0.10952520585311731
0.042623152715061785
0.1005550975823093
0.09909450051492996
0.20547564959843534
0.2968862605060085
0.21252467497037308
0.4904747941468832
0.07937567492642295
0.2046805767033053
0.10203366217605492
0.5034265410686825
0.09904117988280614
0.10096681843646493
0.1010998673682284
0.20515093798161832
0.09831345433698857
0.10288784711148402
0.18136114722426022
0.22309801764262804
0.17989799062256306
0.5939123962856554
0.06731347201661109
0.09732020897702043
0.10017614061520419
0.9107900334834564
0.09978752182512363
0.10433042723765062
0.09410994802712125
0.021353115234983733
1.9160761180372496
0.007228473373538158
0.19166129831072531
0.015188245532260503
0.19990667803007067
0.017957809163707594
0.7013592294876441
0.10455749847823537
0.1089585630212131
0.10005053063132863
0.0041981200151708364
0.19947211595255965
0.19950055971505165
0.2044831905117661
0.19869500553887764
0.0003815451492679145
0.12111378994630684
0.297823798946089
0.09995073073827765
0.09994982475011138
0.203430363256909
0.23269001108300724
0.3012296477577108
0.20118376723582454
2.2244785727561167
0.3893916395343133
0.10090556912539306
0.09993575992100112
0.10908429279093212
0.29625657128004423
1.0950618844328144
0.20424642674230853
0.09780664679826412
0.09538703785856395
0.20342755841825788
0.23311534639010212
0.3000858378644331
0.19925029710399222
0.2312928545257691
0.007028542071184418
0.002579076935546709
0.3951139459424029
0.2168159322408112
0.20118376723582454
0.19474651681911048
0.00509487213627402
0.8917437633126006
0.8983325071862849
1.1319387643516627
0.2943000859832159
0.198975679639525
0.10005236641796955
0.0996105476519169
0.12484064966023034
6.424007899852313e-05
0.19400774888274075
0.19592586367688813
0.09976566791790731
0.0199439284376135
3.071974512902642e-05
0.2030907217313489
0.10002222098519375
0.2000796334005992
0.19964997978180854
0.0010288765136117206
0.02954571232865444
0.19824505224657596
0.19957926693972539
0.12264648021799296
0.20037761549170163
0.4519806329477287
0.009084292790931592
0.30133178780061165
0.00952520585311678
0.2131115134328958
0.10970735976910895
0.2929214516228642
0.0002104420818991315
0.10003219351434822
0.005965595191535833
0.1153385856919229
0.48979490525379443
0.0020535244090442717
0.0004584780280696421
0.002665790212913244
0.2013049944611227
0.0882498732477659
0.19266255672522004
0.19575357325769183
0.09957201430414475
0.07627910669921256
0.09941166066794249
0.19250867115140124
0.7913638578886042
0.09990578896486646
0.10262193171846157
0.11646581043631254
0.4001284263679805
0.039037828435262156
0.46096217156473784
0.07695280589616704
0.09990578896486646
0.5097646133583336
0.5788729806194626
0.20122655974295345
0.24675648475784584
0.22414877836780178
0.2019086153646299
0.09743881967730772
0.2486378165078067
0.19991811323459796
0.4967649748474461
0.24700663108953158
0.20101491358532808
0.18992966514162735
0.0004667821540200734
0.22097077018282718
0.19984927371523575
0.2982065560211815
0.10021326868085723
0.09980061478245617
0.1019461813168272
0.11663216278766164
0.0026308196694619923
0.0012355370828780465
0.17989799062256306
0.11485796414025273
0.004068912960931925
7.79088707094644e-05
0.0001156453696342652
0.7960239661298667
0.11096049106248707
1.409118671841628
0.29907330291182355
0.2928886144966256
0.06980321620072338
0.05324351524215398
0.7021595500661952
0.2003306801366449
0.10322139254355989
0.0009588796346173822
0.09658401135093797
0.14499818634244832
3.219351434857742e-05
0.20025196760738417
0.19212898054847827
0.00027434725958297435
0.11163785894188205
0.004404570533516505
0.2000307197451292
0.12740214927609728
0.039060868802184956
0.11795780916370813
0.12098333677198614
1.1003841047929157
0.7971304556028063
0.10247234883624401
0.2054829208628428
1.9957040353800224
0.8999777790148062
0.5667121421486128
0.3982580755420573
0.1999678064856516
0.6056431748532232
0.11316124249157866
0.10190861536462936
0.46488841296684846
0.11225318275542762
0.2206012381111595
0.19091570720906859
0.09952701552331433
0.09810942960178615
0.24519502187327014
1.6987702210312152
0.00037633288999749936
0.20322139254355953
0.21139498233303655
0.2010369757874333
0.003469740572289659
0.31279350351065194
0.1874558722716717
0.08464238853306849
1.9982061318482112
0.4831441200438764
0.0025091774515022536
0.2887794674306958
0.09570403538002203
0.10178654346993987
0.00032147091095779956
0.009185805220408128
0.051362183492193125
0.09990667803007103
0.7997443095896468
0.09780451998133088
0.1018707840399875
0.29873515410057383
0.11189478396009278
0.03442646348511147
0.5038117443466961
0.5803811551221072
0.09497035991843106
0.5927715266264615
0.3006839742803322
0.19800789161527454
0.10279158547029965
0.09549186338004745
1.6926126101274583
0.10620086818902763
0.1999160013895489
0.0964441113859742
0.20235366591986548
0.09957201430414475
0.05846600366768495
1.1000321935143482
0.09653652215961905
0.6163741454049019
0.39996928025487044
0.9017264242261156
0.1999573255414786
0.5013049944611225
0.09859334818314913
0.6995954932072657
0.10020400407793861
0.09909203233520447
0.20603833034152252
0.19908421474466476
0.38468406897245444
0.3814348607386506
0.10050550102335798
0.1967415481403343
0.19990667803007067
0.40007790887070893
0.09579733003075486
0.08838333879334925
0.10013229913961297
0.2707231433547914
0.3972066010973432
1.209506850692649
0.1959908862940578
0.2913638578886042
2.2974398539164795
0.2985312637656792
0.04822917792019954
0.1999220911292907
0.7960239661298667
0.7972155103739844
0.21103762574301577
0.10021326868085723
0.09721889196570643
0.19280214554389818
0.1006270308964794
0.0668846536098977
0.10013229913961297
0.009084292790931592
0.09992209112929107
0.0894436597450321
0.2001322991396126
0.5022144698135174
0.13603761351442145
0.2116846821635594
0.1904931493073514
0.0898805636309623
0.0918284260179183
0.010621197758072576
0.20009332196992968
0.22269377085826125
9.332196992950514e-05
0.10584444828191497
0.6977992919047882
0.006298557968732688
0.19961589520708412
0.19875180080292942
0.1999494693686712
0.19966416724721547
0.2086361421113958
0.022959414874445194
0.08661786472595612
0.0964500845015328
0.002696674083602524
0.29818485172598486
0.1962310496690085
0.1604844521671973
0.021489537543897264
3.219351434857742e-05
0.4971049129282923
0.39985657444612066
0.21201859432684778
0.4639623864855791
0.1943681521875229
0.10491679611728344
0.11132690860798888
0.23137541094513736
0.3947645619857729
0.5889623742569841
0.20297628511112897
0.2018938320876451
0.0012648458994259926
0.09534877449376111
0.003994950634591099
0.0985621083672763
0.2002443004936545
0.1982478058180046
0.56067620544479
0.17989799062256306
0.21383881057418908
0.15821181758694447
0.2891310956789912
0.7953665609018001
0.2486378165078067
1.102802180834546
0.09970769741653118
0.10100788424739715
0.11551445955659201
0.20237512873289987
0.19091570720906859
0.10669564356907468
0.09365109091581925
0.2566349856483132
0.5964635824900517
0.09879982192247194
0.3028878471114842
0.1975844959264057
0.09424211861787501
0.09957016551544662
0.17277383972061333
0.016815932240811016
0.10009506318061501
1.0126862085803108
0.20433042723765027
0.19023538664166662
0.9630975571181484
0.19803948839441787
0.4037487924739196
0.13773891454858322
0.0005867795061380576
0.11113253711430815
0.10694909708781619
0.09531552469923987
0.8048463637088199
0.0014293841283130604
0.6000321935143482
0.05277635770452438
0.20313755384587573
0.11841140720946175
0.2042266133489692
0.38010311694327115
0.09081419477959152
0.2038772780198217
0.20322139254355953
0.10681790888058096
0.2301298545745194
0.19438025383431956
0.6831840677591892
0.3989811926787077
1.1000321935143482
0.19810214343749788
0.19603152732894724
0.10124299818485394
0.20014342555387898
0.20127003937722066
0.09967410123883713
0.9000858378644327
0.00899241000604345
0.0006982327376521269
0.20772170894192943
0.20649488491793377
0.23350423147142507
0.7415339963323149
0.001981302463209822
0.29940486247560116
0.08728146783092683
0.11597395803187283
0.009404330231416402
0.41646511169412204
0.0989038732560994
0.029276856645208404
0.1966897393284448
0.014955724399654535
0.2151987132952904
0.026241816703165277
0.18466719338239557
0.0003358327527847038
0.2832737183567673
0.49982585740346597
0.09592050337331326
0.6816564665722744
0.10038410479291571
0.21834353342772594
0.2733591049815871
0.19322547686425562
0.10001907448790259
0.07782552147724875
0.19685193888342845
0.24373778959654668
0.2216318782121931
0.19221398941375334
0.39394803452604776
0.09431110864529924
0.899252605216768
0.5003755673584687
0.12927685664520894
0.0002104420818991315
0.11806839149276094
0.19717362841810004
0.09725656101897862
0.09957201430414475
0.0077892629369546995
0.09996928025487062
0.005325977155666628
0.19865799289956065
0.00017614061520454527
0.29721969250458
0.2896378946526168
0.3326865279833884
0.10006424007899906
0.30010053533519354
3.000100535335193
1.874528503001346
0.194847391037416
6.424007899852313e-05
0.2938253872346994
0.20043697425328677
0.22013816890490645
0.18836955691960178
0.19964716875323596
0.30410990091476364
4.2674458521574365e-05
0.0023004731956692837
0.1965365221596187
0.09993575992100112
0.002933531422876001
0.39280736081188117
0.13040928731319212
0.8999573255414779
0.20096894356745576
0.13298223061693903
0.09091570720906805
0.2016451692176826
0.2382551163015325
0.1984546636780129
0.19993575992100165
0.00456733986312674
0.2151987132952904
0.12269704842233065
0.4955363144811189
0.00429596461997761
0.3765249072797108
0.16814878174646175
0.08798140567315205
0.3824466310623764
0.09281872407799607
0.22005243303075428
0.09994946936867155
0.200552972896765
0.20722847337353834
0.09425953741378468
0.16093913119781522
0.017986500431973695
0.0036359635127301004
0.20660167632455995
0.7328568583095265
0.1230980176426284
0.19687349534717047
0.4952027542547599
0.40353757532702605
0.09738722831206559
0.12548681845664778
0.3532435152421538
0.0997851080017913
0.0005883393320571528
0.11124393991207171
0.098695005538878
0.233362478931193
0.09992209112929107
0.10063208514105693
0.0998052104137308
0.19954152197193054
0.7014031326416958
0.08746928350607686
0.10024430049365396
0.1999141621355669
0.09964184639260054
0.10231641341879794
0.49256092089269377
0.20845201528028579
0.799678529089042
1.6991257278594833
0.3233031819326717
0.19856145001462533
0.39987819662626656
0.10620876794015643
0.21271572211103074
0.2707231433547914
0.22658923156514454
0.21595689791192907
0.2153159310275452
0.006760539199365034
0.10207278359823757
0.20166854885982843
0.09996780648565196
0.8977859128249186
0.20004874843231946
0.10306379616766481
0.01533280661760461
0.18661786472595576
0.2011570329367096
0.3889623742569839
0.7960239661298667
0.09720617372755669
0.09993575992100112
0.004052299558138905
0.002366175504115553
0.2706863951601237
0.20101059338442973
0.09692088222865536
0.11708610717128831
0.5164651116941226
0.10295361302651873
0.5059306753407196
0.07247085469127068
0.0002767876724512064
0.2029826746178518
0.43193876435166256
0.1114611999352535
0.09991811323459832
0.12939021049567234
0.10603833034152288
0.7028507579413716
0.11551445955659201
0.6823724533178916
0.9529135669541562
0.10042000790003769
0.30675848248351745
0.6915144328083684
0.10191540140946032
0.2473455439194181
0.7983134543369887
0.1950618844328149
0.9003841047929155
0.10204134937457088
0.8014950542616761
0.03311534639010194
0.3000779088707093
2.992636393102777
0.10040679839756095
0.003645511821593672
0.22332527050815365
0.28664332887213373
0.7742253730153061
0.10918580522040866
0.09370041454315547
0.015165401202570372
1.383048769658843
0.7292768566452086
0.09993575992100112
0.046335958378493025
0.19616255328840282
0.09673380190494019
0.19959845271539134
0.20131003282411708
0.09668438477605701
0.1904747941468834
0.2050288764644801
0.0010078842473966176
0.6944984227449273
7.96334005990218e-05
0.8762736588690965
0.21068895469643234
0.002813632884254069
7.79088707094644e-05
0.2002104420818993
0.8951236264623716
0.005729159255037253
0.09986770086038721
6.424007899852313e-05
0.09072871563175422
0.4999160013895487
0.09991416213556725
0.2000307197451292
0.1999160013895489
0.03280828647515843
0.20021326868085687
0.9012444148306384
0.5996792970519644
0.09311742245035237
0.29995732554147825
0.09689651828180423
0.0038772780198215173
0.19433049200177877
0.207365532998125
0.20597479274314612
0.0005095369126779659
0.20743273416178987
0.0002484178202921683
0.019888804741376553
0.0003358327527847038
0.5999573255414781
0.0003238155925417985
0.01856513926134884
0.0968749574240233
0.2858151706309382
0.10912245043320556
0.10042798569585543
0.1999220911292907
0.0972596354359565
0.26731347201661126
0.24654565662307437
0.1983144379025612
0.006640631910546979
0.35690462225052766
0.20014342555387898
0.12927685664520894
0.0983303709731862
0.19578194636241797
0.10003219351434822
0.09400040193987991
0.2606886803427404
0.09509374783061286
0.006111968090804609
0.19479679918385084
0.09957201430414475
1.3244785727561164
0.09349035808310902
0.5904747941468829
0.10433007661302884
0.6000779088707091
0.6779208837619022
0.5996737139240516
0.015357611466931154
0.19773986298331003
0.2053259771556668
0.09961589520708447
0.03091991158125662
0.11811636222354505
0.2399357599210017
0.12269704842233065
0.22622763412933278
0.20441647537209562
0.10521374311661535
0.4878265020893062
0.4022799783488118
0.19145287941338562
0.0006869566652891734
0.7998579907075261
0.10003071974512956
0.3811750332775725
0.07617677718983362
0.2886162071992313
0.20215246457860037
0.1980845985905395
0.5996737139240516
0.19854735354460828
0.1845124232375479
0.0983982298130579
0.39451543086540397
0.1999678064856516
1.1000321935143482
0.19982385938479563
0.7998889123762227
0.19617474623406306
0.19578194636241797
0.003981739160979991
0.009185805220408128
0.19779955692975992
0.20150750954678287
0.099431584822268
0.10448788663205111
0.1965840113509385
0.503945562480741
0.008689958098988093
0.10082064430763271
0.09696198254806454
0.2001358217996696
0.29140220589422494
0.8410530366287334
0.09680851577992566
0.3817885337539506
0.09993575992100112
0.027619460213801794
0.7678777681802362
0.700796953502044
0.09964736176348765
0.45110723762913896
0.09091570720906805
0.23976156528955883
0.003976033870133122
0.3000505306313288
0.13280828647515897
0.19166129831072531
0.3040722292360831
4.2674458521574365e-05
0.2056999140167841
0.10119639429829164
0.39978955791810034
0.47589877632399524
0.3003258987611632
0.11026751309900185
0.20010174517641044
0.03032845788432237
0.3292768566452082
1.0927824010860778
0.12044274142402767
0.023035399620275676
0.39633566438319523
0.1097804510175786
0.19948662992544808
0.5548049781267297
0.09659464537894635
0.7116206069279825
1.199789557918101
0.10952520585311731
0.1022140871750814
0.10036288197474974
0.5997895579181005
0.09884648252609729
0.3007969535020436
0.19992439964044273
0.6000321935143482
0.2064198952853591
0.0002104420818991315
0.4039779674357682
0.43743307712093227
1.488660861199672
0.20250917745150243
0.002282490307079499
0.7017573632017111
0.09353545070717839
0.30599959806012045
0.20178654346993952
0.24499818634244797
0.021106043660222618
0.19618082803666947
0.10779323365865068
0.20773025651299992
0.8146723316839939
0.2086361421113958
0.002560146083520287
0.22181461546720005
1.103757290969953
0.005383318763942491
0.20090549948506986
0.10008399861045181
0.3007969535020436
0.699411660667943
0.19911043395735462
0.024996424588835886
0.03491345619859132
0.10003071974512956
1.2946803553440223
0.19135257924013338
0.19869500553887764
0.7099617676930974
0.08615620631326859
0.19993792941613364
0.8582118175869438
0.03311534639010194
0.19704918328723586
0.39577640257512847
0.09957201430414475
0.004938115567185264
0.018612501304755114
0.7961470491841407
0.21358247547959852
0.7999573255414782
0.000546769767925781
0.17931804447386668
0.09427860685647804
0.5848012867047094
0.19453852181081288
0.09963847633258727
1.0996929282199517
0.20468447530076084
0.10460554833391367
0.19940493001594017
0.28180544697309884
0.009084292790931592
0.20008399861045145
0.05076541193546724
0.21063229374468584
0.39027259720432994
1.100077908870709
0.006784742119069875
0.051362183492193125
0.483534189563688
0.21188535012166554
0.03465003094618346
0.49506188443281474
0.004059284476837455
0.10418540188761582
0.2156776568995422
0.0999676833428289
0.1999573255414786
0.20862504634646406
0.6513621834921937
0.1011319276276419
0.00040450679273451584
0.1951120225434373
0.5085798768603613
1.691173516747706
0.18201349956802648
0.16919517914741355
0.10006424007899906
0.13311534639010247
1.6816564665722744
0.02116067854504866
0.08011119525862309
0.20554660820806614
0.40008583786443275
0.1467564847578462
0.10719263918811883
0.17627365886909718
0.21308287142881266
0.2707231433547914
0.20045193233937741
0.11756034003149907
0.1004667821540206
0.09091570720906805
0.19249402033830165
0.5966907165948827
0.2004045067927347
0.19151040488528537
0.5001397841674642
0.10855055050575757
0.2999203665994008
0.006959148924448044
0.21404988017679116
0.3017521941819954
0.13064413775048145
0.09360877023493597
0.4078975165729606
0.13603761351442145
0.0032159896821530864
0.10124811318409588
0.19996928025487115
0.48234167757488233
0.6580579718544817
0.20281379631354568
0.011632337664493342
0.2086361421113958
0.17335910498158746
0.20390205955472496
0.265854570810955
0.3728430006176371
0.10005053063132863
0.6921180821066768
1.2999512515676805
0.000552972896764814
0.198636377261737
0.10243359475323999
0.009084292790931592
0.29368845691455814
0.10584444828191497
0.14863781650780705
0.5056365595953682
0.4958083519559455
0.8548049781267295
0.314013569807428
0.19027259720433065
0.1955217219435097
0.2980240424657765
0.20845201528028579
0.0999220243273724
0.5049367326399503
0.7000173361506059
0.20554660820806614
0.13603761351442145
0.205501577255073
0.09844877362244464
0.6000321935143482
0.09763687456277559
0.2753779475617044
0.006645891374232882
0.10538975009361451
0.20267979102298028
0.10190861536462936
0.1821134610655628
0.09786305633695846
0.1015893517479256
0.0902032003430806
0.10008399861045181
0.10003071974512956
0.1024876754508579
1.7008297447049205
1.199789557918101
0.20407659881033346
0.6999183196060041
0.10013229913961297
0.10547565537488701
0.29991600138954855
0.0199439284376135
1.9019813024632093
0.18908883477661842
0.9031480611165712
0.4913100419010119
0.2217018012423555
0.10327116078474141
0.10676642752811816
0.10016814700059573
0.10154533632198692
0.8933799693558031
0.08184082447237095
0.07154269164884397
0.1921545236007951
0.10926546768356982
0.6578261469175892
0.40486938372742287
0.8090842927909314
0.19577650216421194
0.0003258987611634012
0.498448523637836
0.30484076851560715
0.2715632493518285
0.09896912060105478
0.5907036988328915
0.019888804741376553
0.004886787582785601
0.41271853216907317
0.0034029631119034676
0.09959799506566291
1.5904747941468829
0.2929195540091607
0.40141724940004675
0.0014950542616762874
0.2998677008603874
0.19663235817810687
0.09091570720906805
0.5002443029594001
0.2002104420818993
0.10004267445852211
0.0915890996951898
0.032690011083007064
0.00021628774597637346
0.19867005042509867
0.04178818241305571
0.24675648475784584
0.20138376616474574
0.40013566999907013
0.10013229913961297
0.6000779088707091
0.1974866753932254
0.20219548001866983
0.4897140213390321
0.09873515410057365
0.006663533553072476
0.10407776874391406
0.20456733986312692
0.17851046245610291
0.4011664440495517
0.16005119920703947
0.10863174025225408
0.20123553708287822
0.15324351524215452
0.12154300239395255
0.49456952292182876
0.1999678064856516
0.38798140567315187
0.19795674328344948
0.1975453315767579
0.18073335352668884
0.20215083171610893
1.0997510341898442
0.0009505326826024785
0.10006424007899906
0.17420934936335453
0.20952520585311696
0.5152352135079017
0.47145107222585114
0.021631878212192923
0.2002104420818993
0.29991600138954855
0.18318406775918916
0.027402149276096743
0.2000307197451292
0.08261923456273035
0.5818842804495645
0.12129277738804323
0.10546147818918694
0.2118919418546703
0.11548245825049541
0.18955211500255587
0.1783694954056596
0.10322139254355989
1.7040741363231122
0.0032974852793810072
0.690671476885286
0.10040154728460848
0.09994946936867155
0.19912365131393983
0.2845904314811305
0.21496541806367375
0.1164765874899043
0.018343533427725767
0.20760580588200206
0.1010653662854093
0.10713063693097347
1.5037007861213114
0.20004267445852175
0.0671431416904733
0.48246826793299213
1.89405634930241
0.19569503476216887
0.10214441178069933
0.10008399861045181
0.23325348403554003
0.20356025275095835
0.009084292790931592
0.19538559878415018
0.7668846536098979
0.7997895579181007
0.005365167043783536
0.0002104420818991315
0.14178818241305624
0.7609391311978149
0.2027861662795365
0.2248383177658404
0.10021130325488059
0.024357644903384212
0.16906293525999416
0.03953595180484015
0.2255336700280015
0.19881623276417582
0.20004267445852175
0.10280617674237646
0.5003426056271758
0.0003426056271758071
0.7001284263679812
0.2974167005866777
0.0003358327527847038
0.22145962545180886
0.2028535902530466
0.7996236671100023
0.2024928167993485
0.1999220911292907
0.3904747941468827
0.9097646133583339
0.10049944028494906
0.20706889300878295
0.4889306061215084
0.7965825171843868
1.201879306893118
0.0022320552938834837
0.1037244914154618
0.22588375048937692
0.09436031224311137
0.506794307635964
0.1146751274444906
0.10043593373166892
0.025204288106061234
0.2000307197451292
0.0008771308455006732
0.4996741012388366
0.20044397110632417
0.10341748281561358
0.10040001609651927
0.10447792685160806
0.24363488197488348
0.10488797745656342
0.095231636140646
0.8276194602138016
3.219351434857742e-05
0.13816277796198673
0.19994792573941567
0.22002280013848985
0.3811750332775725
0.21063229374468584
0.4946561571386727
0.1121897023120173
0.221550004842185
0.29280214554389783
0.11625891832190494
0.46306104183186125
0.790474794146883
0.2980843726608242
0.002007590342885557
1.0081711637520225
2.1027554184603137
0.19903695953804768
0.20009332196992968
0.0019227533873307223
0.14178818241305624
0.022202122980826466
0.20543047707817141
0.9049122522442241
0.07072314335479124
0.09349035808310902
0.1029224535254647
0.16067620544479055
0.12207911623809853
0.5030486160731247
0.09932721965354219
7.978080380333097e-06
0.22116067854504884
0.38886746288569185
0.6000933219699291
0.10006424007899906
0.15110723762913914
0.6039154583501309
0.0021595500661950595
0.002127263604215557
0.8923188201384313
0.20446368551888128
0.5010961267439011
0.007664900270865083
0.25324351524215416
0.09895409769784624
0.02214400315710563
0.14982466202213196
0.20043697425328677
0.04675648475784566
2.110621197758072
0.6292768566452089
0.0032974852793810072
0.10594365069758993
0.7004353454391863
0.026589231565144367
0.36502055154688673
0.3033616163780497
0.2025800209226727
0.09992209112929107
0.48535602209825424
0.21988880474137673
0.19814109300600258
0.31857016754401535
0.10952520585311731
0.299447027103235
0.1853248725555101
0.0032711607847408786
0.23291226632094286
0.603555888614026
0.6573768472849384
0.20551358021894472
0.19541652173026147
0.12533068025379812
1.1976410748123794
0.30517889728841396
0.4988440319417302
0.9980843726608244
0.26557603202306357
0.009012819188166432
0.1031467047612038
0.21841626691203775
0.20144449864129577
0.14923458806453294
0.09985657444612084
0.2988567084035205
0.09813615250888041
0.08837939307201825
0.202486286767682
0.0018697539261962604
0.1864104241737028
0.07518457551979285
0.08988062926874196
0.004371977817899442
1.2000505306313292
0.6000858378644329
0.6050548568004794
0.10429596461997814
0.10031753552131928
0.09978955791810051
0.10010165431133089
0.20004267445852175
0.20841090030481002
0.20748604993519226
0.0028226588576414358
0.21693451131216435
0.39944702710323465
0.1037689503309922
0.0005582583352916615
0.10877740689096171
0.09566957276234955
0.11028412647172559
0.00021058099989890167
0.20164197010372753
0.2151987132952904
1.466884653609898
0.30536973988269
0.004771000707826545
0.28433082355264805
0.406509641916891
0.20517573593013427
0.3997333419221869
0.10122977896878549
0.08464338000061922
1.299857990707526
0.012530716493922789
0.2486378165078067
1.2065919462986923
1.0562622104034531
0.19097953409642177
0.2950832038827169
0.10006424007899906
0.4066956435690745
0.09812380342277649
0.20173125042096451
0.18600984178802005
0.1024708279554849
1.8809824156874813
0.20523529528565465
0.09091570720906805
0.10407949662668692
0.30043534543918593
0.1070833285636672
0.002502869149050291
0.2002104420818993
0.2985201873557628
0.09802234604453908
0.10552222744194939
0.09396069529647999
0.027402149276096743
0.07943173809085113
0.2517708220798003
0.10852805666596588
0.13311534639010247
0.19638162757097355
0.19961589520708412
1.0911931252421674
0.3598160348878974
0.20091607244855147
0.21641580970972907
0.19644411138597384
0.11469649420692374
0.20311373949399147
0.28165646657227406
0.2053259771556668
0.08908883477661877
0.2002104420818993
0.19266274410430917
0.19961589520708412
0.10005823763708221
0.2903567058556966
0.20387237505145084
0.5000321935143486
0.09887207615784366
0.2212952143274416
0.10034924681326984
0.09531552469923987
0.09607868742114611
0.09721889196570643
0.8610971153806615
0.10042798569585543
0.009084292790931592
0.39153328367395623
0.40009332196992897
0.0997445366756784
0.5944962457270773
6.424007899852313e-05
0.8004260665286118
0.0978194066542919
7.79088707094644e-05
0.37286780043885503
0.2038037978276499
0.20032589876116358
0.6954008038672539
0.19797752743776265
0.40307911777134464
0.4001005353351932
0.29800180086266526
0.0959776813212665
0.008262536312877877
0.36901668813933775
0.4961437484615905
0.30013582179966924
0.10550157725507336
0.19678193087434082
0.24373778959654668
0.901631644662837
0.1265892315651449
0.4995683188728144
0.0034275584182577035
0.09075930916982866
0.6999573255414786
0.09734123515502713
0.6058618491658407
0.09992209112929107
0.21920379778033983
0.09992209112929107
0.1933403057361831
0.09744125792060299
0.1053207756919523
0.20722847337353834
0.7003911997197729
0.3006036569921928
0.20297833001785204
0.8068318703145803
0.008636142111395628
0.10572139314352214
0.14761156474361048
0.3984158731519516
1.0918822827455612
0.3532435152421538
0.2744350254651806
1.5978362379533193
0.30072892582085586
0.0987492633005509
0.17515202611330327
0.11247819103263801
0.40519341117939867
0.003976033870133122
0.1015070669898872
0.20532077569195195
0.19696198254806419
0.023188033704129474
7.79088707094644e-05
0.45110723762913896
0.2960918466695839
0.5904747941468829
0.8548049781267295
0.0041916480440544746
0.09955726609657578
2.9768119662958696
0.12281407917668297
0.40005053063132845
0.20008885858431658
0.1908791115385977
0.09854077225149283
1.1690800884187436
0.5997315034003581
0.30339714149729335
0.10019193008164873
0.21444075299870935
0.10040450679273505
0.18471577692327656
0.20093109665414222
0.19987157363201913
0.5802505576221533
0.01707432316270019
0.29377422928446073
0.20052513421319063
0.20034462104534256
1.0802430774372844
1.5012507366994496
0.6834135199181279
0.0998310531360147
0.09981392504020548
0.2052032008161495
0.008507114261567139
0.10326619809505999
0.6015146909427624
0.21909174093324157
0.09047479414688286
1.4965880268577836
0.09257473601196242
0.19989946466480646
0.10220938287273462
1.2326865279833887
0.21036086088542394
1.0990933933457443
0.06005119920703894
0.13931131965725996
1.0016695004223974
0.7007875725039696
0.19988462118462458
0.20012842636798123
0.8004724705794786
0.09593468496230617
0.10151683008574608
0.20215083171610893
0.2027202120120073
0.5724708546912707
0.10272607951860646
0.20714422360363471
1.3668846536098975
0.20064929687437427
0.012799438411797759
0.20115596805826996
0.19961589520708412
0.19993575992100165
0.10722847337353869
0.030937064740006015
0.1366857169074498
0.09607441860800137
0.20326619809506052
0.00915480987543571
0.1904747941468834
0.00042000790003715593
0.18440639814903825
0.7778559968428942
0.03165841938859426
0.8002124781748767
0.49885807452764297
0.004696340876125582
0.18453572283908315
0.07037736566928565
0.831938764351662
0.10120344330585329
0.10002222098519375
0.009084292790931592
0.18836425393616363
0.09916460198354571
0.0018170663543015664
0.20186977434487918
0.7092812733259715
0.7018566977726612
0.501794102979801
6.424007899852313e-05
0.09991600138954837
0.10908429279093212
0.09693143929243142
0.7994810897631286
0.09800635938483815
0.17114505098133748
0.4463359583784934
0.09713335360454511
0.1985049457383239
0.10663430652697414
1.7018761965772242
0.00045769441346887874
0.6037244914154618
0.19918532588447135
0.4931250096990203
3.219351434857742e-05
0.10340591845391423
0.2112219094986667
0.020234402825519027
0.30254196737454286
0.10013229913961297
0.002170967063628737
0.20122596148102723
0.19719781916545376
0.31023618712380685
0.2981061679123549
0.10101059338443008
0.29995732554147825
0.13152497661044293
0.10122711218508584
0.2486378165078067
0.2001517480039814
0.6051400580097503
0.009084292790931592
0.10174374537797526
0.10648406014709799
0.1999946778723274
0.3042162178772454
0.1195421963568819
0.3039634947750418
0.40376559672816636
0.13081382216052617
0.29686244615412427
0.26731347201661126
0.29593468496230635
0.4996116423083601
0.014583429329505293
0.0010316151183058508
0.09996780648565196
0.09721794897465941
0.5898423473426231
0.2000307197451292
0.09406053379028645
0.09375258606754411
0.10021329086329533
0.49174688299261415
0.09484262947913269
0.5911931252421674
0.19989354415806737
0.06952640762497442
0.3918766691329987
0.3292768566452082
0.17392109033110614
0.10321142454270582
0.20135725350061762
0.196475040107277
1.1328568583095269
1.1001284263679807
0.20009332196992968
0.2982943155224911
0.2057111963176137
0.10126484589942653
0.6038563716012213
0.20239751188661526
0.1559626566854817
0.004729796859272994
0.10584479813848979
0.7979796301852726
0.07072314335479124
0.09752907006139822
0.10039712914715171
0.19558415198164347
0.20547565537488666
0.0940414874290676
0.11163574606383708
0.003361796139124351
0.0963816275709739
0.2988922986777389
0.19990667803007067
0.49912584636104285
0.2701283926142741
0.1021595500661947
0.05626221040345314
0.2188469826353474
0.19967771221745068
0.09985657444612084
0.20207285400709374
0.11271853216907335
0.09867005042509813
0.20247234883624365
0.10908429279093212
0.7009316913499104
0.10089806447770844
0.09992209112929107
1.2033617961391245
0.7987472953151267
0.011910374305193372
0.8065096419168913
0.09996928025487062
0.20485398132130683
0.20038410479291624
0.1054756495984357
0.002036718106642077
0.4999160013895487
0.20011365452633445
0.3751845755197927
0.7328568583095265
6.424007899852313e-05
0.2001322991396126
0.3346275887500294
0.596584011350938
0.3999573255414779
0.10166189728386588
0.20386337517178887
0.09992209112929107
2.294498422744927
0.0009054994850696829
0.20164197010372753
0.1999141621355669
0.009084292790931592
0.3983154122562853
0.20198976709791872
0.19763687456277612
0.16046404819516003
0.08340207987309789
0.09935070312562644
0.10841090030481038
0.17072314335479177
0.6985312637656795
0.20115596805826996
0.1070833285636672
0.041942028145518506
0.23311534639010212
0.7030196190084093
0.14863781650780705
0.6997867313191435
0.39358010471464056
0.0001993852175434796
0.8532435152421538
0.09560957279572868
0.021568528328898218
0.1952532586544269
0.008969718101688784
0.40075332241506256
7.79088707094644e-05
0.09923449627462766
0.1670085809323485
0.16508654380140886
0.2887794674306958
0.31190564380690766
1.8893677062553138
0.10430496523783184
0.41244666895349
0.7004362429040496
6.424007899852313e-05
0.40055195230604657
0.20149091961781895
0.3089697181016886
0.43193876435166256
0.20537936637451182
0.1999141621355669
0.40160270788929164
0.09932532336302291
0.10245596737749096
0.0057996214684150615
0.2996824644786811
0.5986388240716662
0.20593659762790928
0.2057484050245959
0.1390456253622645
0.20945512439095548
0.09733420978708729
0.0984820400937867
0.20437905205341433
1.9020523251620567
1.999969280254871
0.09995732554147807
0.1961490868360336
0.7031054065361113
0.031679903833378376
0.00017614061520454527
0.10743709798590029
0.109514040655867
1.596094813175796
0.09091570720906805
0.09734123515502713
0.20732813272579786
2.272597850723903
0.20030726328261217
0.9027711757285344
0.20017614061520472
0.17853979861898406
0.8678158787932642
0.21988880474137673
2.222098519322202e-05
0.8460595187390689
0.20122977896878513
0.2947929259254405
0.19770911699998184
0.20322139254355953
0.3981302460738032
0.09327730682907553
0.10387727801982205
0.6843308235526484
0.1061811706279272
0.29841064825207475
0.23642307570536758
0.1913749536535363
1.900077908870709
0.23166250547221168
0.195705697064807
0.20164197010372753
0.09599088629405816
0.1183435334277263
0.002296085584654328
0.5751616822341594
0.19869500553887764
0.09992209112929107
0.1943490566769528
0.09706847490873916
0.002720212012007117
0.5216954507218441
0.3532435152421538
0.09501821510849862
8.583786443328023e-05
0.2051168380578412
0.2012377571301176
0.19653025942771052
0.009084292790931592
0.2814968645208058
0.3999573255414779
0.09653652215961905
0.16744809163924046
0.0993053435403235
0.10039826979557098
0.2513621834921933
0.2999357599210013
0.29074715374011895
0.09905302575832664
0.0006201031652350864
0.10945512439095584
0.1005151531904751
0.004696340876125582
0.8888313020021368
0.1068825775496478
0.899674101238837
0.11681593224081155
0.09321525788093066
0.19993575992100165
0.19904117988280579
0.09763687456277559
0.2725685622320695
0.39831851412060715
0.08471036732772941
0.08854329208041989
0.499969280254871
0.1112705869323225
0.20218059334570793
0.19602203256423145
0.20420164675488106
0.1999678064856516
0.10190861536462936
0.37309128371487965
0.10062604182873613
0.20068695666528935
0.20312504257597652
0.1013838037245538
0.10089966318119803
0.5003815451492679
0.002038988624740945
1.1973780682815391
0.00027002836925227314
1.6998904019250745
0.4986989979830927
0.09992209112929107
0.19863523563851526
0.3986161962754462
0.406509641916891
0.3807962022196598
0.12138207601744622
0.17194050608252454
0.10140313264169531
0.07238053978619874
0.3298716073857255
0.0998626638233846
3.219351434857742e-05
0.18716018645378973
0.0018272875894851381
0.2931471184967931
0.2002104420818993
0.1960271085084564
0.19644411138597384
0.08011119525862309
0.002997240447085936
0.0883642539361631
0.13311534639010247
0.17156324935182887
0.19336569347302657
0.009084292790931592
0.6021683388137484
0.0668846536098977
0.21988880474137673
0.20618117062792685
0.20236312543722423
0.20006174434606017
0.0007969535020437846
0.3000779088707093
0.20187464210417172
0.8993844210986124
0.20341598864906185
0.0011376879645128568
0.39988891237622237
0.002416340522310101
0.9927715266264618
0.09081457294460282
0.09748667539322575
0.0035445655576777924
0.19993578180154348
0.20042798569585507
1.6950128827014996
6.424007899852313e-05
0.10301351740330311
6.424007899852313e-05
0.09996928025487062
0.2005278840474407
0.8055246654598829
0.09996780648565196
0.10596559519153637
0.5960239661298665
0.1183435334277263
0.3003222877825493
0.10904579208764531
0.2707231433547914
0.20515093798161832
0.20617789229447592
0.10281363288425371
8.063225394661089e-05
0.20594944456156217
0.2001358217996696
0.9063124205549089
2.29396069529648
0.2961467272720304
0.20159713848792737
0.19596578957022803
0.21004199335055596
0.1001953256615371
0.003976033870133122
0.20453746017139807
0.208256236687399
0.09995732554147807
0.6010961267439008
0.10012180337373344
0.19987157363201913
0.09389816241297844
0.4986997625853524
0.02357092804500649
0.20888065397694433
0.18142983245598465
0.013589575826297384
1.3998565744461207
0.20126484589942617
0.10848911941351336
0.00012842636798104934
0.29806497765871054
0.29763687456277577
0.20239094823211445
0.09987157363201948
0.08464338000061922
0.1052839692010199
0.023098017642627866
0.20526964314923468
0.20340591845391476
0.946155545586465
0.20042798569585507
0.07902922981717264
0.2995417234325366
0.4785036621492784
1.685724733224669
0.9014526464553914
0.10008583786443292
0.1999494693686712
0.20855055050575722
0.2028226588576416
0.10243359475323999
0.0029915186527285087
0.22193636414937945
0.07348573947210113
0.2169512303411567
0.10733038020191632
0.023481682001066595
1.6925672658382105
0.15384445441353556
0.0070558054343417
8.583786443328023e-05
0.8676168964542601
0.10004267445852211
0.007852239319605658
0.49117930586030756
0.11461643610081307
0.006882577549647273
0.10093498568582593
0.35076541193546706
1.5668846536098977
0.20301856997521028
1.0995720143041448
0.5018001991834264
0.20641773386710405
0.10058421122573158
0.3532435152421538
0.10512581670414534
0.012216793673394122
0.13931131965725996
0.09826186151519778
0.4999160013895487
0.1008895660426461
0.12431334342404554
0.0982119537219388
0.48202362855607284
0.09917025529508017
0.7990108596326397
0.20512581670414587
0.19029264023089176
0.09351593985290219
0.003946320435209039
0.10091607244855183
0.7967369722629147
0.1777205897016838
0.009914446098050256
0.2067844209815748
0.015919846366130308
0.49986770086038756
0.0009316913499102242
0.6942956894973324
0.3292768566452082
0.08854329208041989
0.9996741012388366
1.299856574446121
3.219351434857742e-05
0.0005031038703080526
0.2943036030101762
0.3002743472595828
0.11625891832190494
0.09521941383021115
0.004381302776245377
0.024841897282835035
0.19327730682907518
0.10387358826712667
0.798968384881694
1.2831840677591888
0.08163373044627775
0.29132696821503146
0.09990667803007103
0.3031535526219704
0.10838299372827365
0.2843223431004578
0.3003710091944223
0.30012842636798087
0.2201020093774373
0.20461577324406566
0.1016770979602839
8.583786443328023e-05
0.19685193888342845
0.5041395122400916
1.3999160013895482
0.29991072767415794
0.39943649804063064
0.002560146083520287
0.20433042723765027
0.23311534639010212
0.10448788663205111
0.1949703599184307
0.3851715101580755
0.19812380342277613
0.1999160013895489
0.47876491534649634
0.11189194185466977
0.19417401245460297
0.2002104420818993
0.0012648458994259926
0.09967410123883713
0.4019086153646292
0.1999220911292907
0.09054487560904434
1.1026127716879346
0.10156108446960577
0.001241962264747265
0.17711108334191117
0.23311534639010212
0.20422426114394554
0.16534996905381671
0.20126484589942617
0.19601713575560176
0.10339580674864735
0.10952520585311731
0.29239419411799794
1.9077944637330493
0.0002104420818991315
0.29541144351235094
0.16688465360989824
0.192914676439357
0.2026260335624288
0.19693140145441568
0.21721437977271219
0.20034800156164945
0.2004045067927347
1.6983548307823177
0.099499867839274
0.10008399861045181
0.0013062107598971195
1.0999145494061873
0.0034275584182577035
0.3000779088707093
0.003698258027266199
0.8532435152421538
0.5026768544306623
0.007197854456101993
0.499969280254871
0.8374330771209317
0.20098163923516488
0.292634467001875
0.566483391822314
0.0671431416904733
0.2002104420818993
0.095231636140646
0.09653498739203403
0.19429223574621002
0.09913531707604939
0.13278570100758635
0.07032840568993404
0.19901846939260004
1.6016855620974386
0.04863781650780652
0.00617789229447574
0.0002104420818991315
0.6967786074564408
0.5156176340813499
0.10003071974512956
0.21672310506167314
0.10429596461997814
0.6770572348713753
0.11798650043197423
0.10041303429070858
0.20073781144555802
0.27261940203119917
0.19460313376595728
0.10564317485322317
0.21100904860281133
0.2627652436628374
1.3918613142242435
0.0071753559245051335
0.4151165936777481
0.1903432520231716
0.0003492468132693105
0.20833039227924122
0.22196512319380712
0.8972152984940269
0.19577650216421194
0.1923350997291351
0.24008411579233346
0.0931681296854201
0.20053424837676825
0.19952701552331398
0.5008735061102554
0.09821679468652533
0.0003156623050548646
0.6995235473549082
0.29419895032382204
0.10260988748855304
0.19151088058648646
0.04499818634244779
0.10091607244855183
0.10006424007899906
0.19978752182512327
0.20322139254355953
0.3984118561274723
0.2033868223505415
0.26733274190596834
0.006247413932455537
4.2674458521574365e-05
0.5216954507218441
0.20403007130477402
0.10470383730767541
0.2049222832468498
0.6943078715569335
0.48011119525862345
0.006077973631843925
0.9224477482664497
1.0984184940972241
0.09349035808310902
0.10389653341239136
0.009914446098050256
0.19151088058648646
0.09620713300809314
0.0008016184307848562
1.8871883409686339
0.013630378239128937
0.3026797910229799
0.4878265020893062
0.10004612476992492
0.3000779088707093
0.0020176125455018123
0.005639687756889167
0.0011834726559287745
0.09393683287347798
0.20690736845937252
0.29879954766426753
0.20565094332304756
0.09580835195594517
0.10537761629966269
0.5037572909699533
0.19978657174598435
0.6532435152421545
0.09850494573832425
0.1996553789546578
0.19992182513799683
0.20363596351273028
0.20046678215402025
0.2486378165078067
0.10014376550370496
0.10142565406902193
0.12435764490338475
0.21175304584100907
0.06999535150831004
0.2086361421113958
0.10450396751929603
0.1018697539261968
0.29901085963263974
0.1998843546303659
0.8003841047929159
0.30107450228186217
8.399861045127466e-05
0.7998276501693535
0.1156691764473523
0.1944978043898633
0.009084292790931592
0.16731347201661162
0.21038688273017847
0.21568454151463712
0.1968629369841013
6.424007899852313e-05
0.2000806322539468
0.6999498247501119
0.10013229913961297
0.1067824771443675
0.2101401012604205
0.09437761627641006
0.09503753625102185
0.897527651163756
0.23325348403554003
0.0668846536098977
0.19939634300780718
0.10004267445852211
0.10242633140399526
0.10908429279093212
0.19362590792956613
0.2304735923750254
0.19836171363725086
0.20788632743418756
0.05366404162150662
0.700698368527207
0.08337153869547898
0.21155949349248804
0.03018803684507887
0.2028666463954547
0.23311534639010212
0.08483459879742927
0.39717140136932105
0.19830953088842307
0.09796633782394526
0.10162634785018287
0.0031034817181962993
0.4928073608118817
0.20080937870450288
0.0983672751297977
0.19595753758976198
0.09713045560280609
0.07871006009757942
1.6971318224819694
0.7461555455864648
0.7001593623758549
6.424007899852313e-05
0.17711108334191117
0.5960239661298665
2.078839321454951
0.2582118175869441
0.5960399097528368
0.1010017145636386
0.03315399551885889
0.19986266382338425
0.578839321454951
1.9162949129084517
0.19305090291218452
0.28631921615052036
0.23091570720906862
0.19737552371494793
0.11540956851886985
0.004140491548169756
0.10006424007899906
0.6996507531867309
0.20418540188761547
0.2076854374963606
0.39153328367395623
0.20951404065586665
0.39978955791810034
0.2001322991396126
1.906103157076422
0.11644682241439241
0.20001084238133782
1.2801600304981156
0.20148361843284768
0.5987995476642674
3.071974512902642e-05
0.10467316809324156
0.020182114887438374
0.10287976291198309
0.09606758369071766
0.0974606715563846
0.5848504011517779
0.2013527023255719
0.21538781990547307
0.09742487996388505
0.5994810897631284
0.19947211595255965
0.28776847931672833
0.002352296731988446
2.2935051150820662
0.2391031738352627
0.07684096698785492
0.24018396511210227
6.278307439799846e-05
0.19091570720906859
0.1922200911158516
0.1968437241689971
0.19340739964449227
0.19949689612969213
0.12196512319380748
0.1998725914162165
0.0004015472846088386
0.08062715999299641
0.6160761180372498
0.7914513637920226
0.7085899475266837
0.10322139254355989
0.1006736926934515
0.125323245068647
0.11836626955372243
3.219351434857742e-05
0.2709795121266261
0.19961589520708412
0.7078964147790483
0.6076649002708647
0.09995390154150474
0.09707450314584598
0.24008411579233346
0.2002104420818993
0.10574370221437235
0.0011098393771584725
0.39872877713754384
0.10042798569585543
2.293050902912184
0.1049381155671858
0.09522063936167857
0.2000744663263312
0.009084292790931592
0.0199439284376135
1.1164651116941222
0.10945512439095584
0.19938049784774758
0.10006424007899906
0.6001761406152042
0.0998626638233846
0.19964716875323596
0.39301506638164696
0.20447471436057452
0.09988435463036627
0.015778864260854064
0.10282265885764197
0.10261732052565442
0.19577650216421194
0.19321013409939702
0.1067824771443675
0.23091570720906862
0.19657345893131772
0.007664900270865083
0.006118360304843584
0.10032628607594862
0.018343533427725767
0.027449314870925612
0.2671431416904735
1.089842347342623
1.196784010317847
0.11068474113886317
0.4000642400789989
0.21795780916370777
0.1984594208963859
0.2002104420818993
0.5000642400789985
0.49946672515631985
0.19993575992100165
0.12338982325067693
0.12078191870948807
0.10001838935907958
1.439948800792961
0.699330549220825
0.6816564665722744
0.4877468172445729
0.2996480110008797
0.004202669969244788
0.4786179239825543
0.0998626638233846
0.19477394697151507
0.23642307570536758
0.2051352168841678
0.09987157363201948
0.19293324560638592
0.09952354735490765
0.07483754047748281
0.09091570720906805
0.56067620544479
0.6014033953447244
0.2213531152349839
0.21168370404597514
0.10063383675844495
0.19479679918385084
0.2933107240653303
0.12927685664520894
0.36488841296684793
0.48011119525862345
0.19892228446244076
0.00035002021819163787
0.1102050947462061
0.19732020897702007
0.19980609454002352
0.299678529089042
0.0027814303269551033
0.2891941759730745
0.10594365069758993
1.1959205033733138
0.4995513490311856
0.2151987132952904
6.424007899852313e-05
0.18993222297582335
0.02836405037754197
0.8786018800624182
0.10356185706001853
0.09899916111238394
0.001281945348977409
0.009280944581385064
0.20384018766352963
0.3003358327527845
0.09944804769395343
6.424007899852313e-05
0.19562802218210074
0.0017130769203657081
0.699789557918101
0.17515202611330327
0.11520725533676579
0.09948108976312842
0.0003358327527847038
0.0668846536098977
0.10492384261334564
0.1102020913607289
0.09990667803007103
0.20119029144565737
0.1997558845216849
2.284406398149038
0.22740214927609692
0.16093913119781522
0.20832185300212203
0.09714209930769435
0.09984659900539761
0.20035002021819182
0.8164651116941224
0.20069811918725833
0.10004926926172253
0.20257888405464541
0.10236312543722459
0.19937029404616435
5.053063132898217e-05
0.19998540139074716
0.4009207018229759
0.19790576146282213
0.1991363302660467
0.6001319479985483
0.19290941674073814
0.18337153869547862
0.009084292790931592
0.10135100853666934
0.3031034817181961
0.3967200543710572
0.0008928886083774401
0.10444616238905713
0.10021044208189966
0.7292768566452086
0.2928693630690269
0.18747532502962727
0.20191820010796402
0.6999183196060041
0.20635049016068052
0.7759071045283257
0.1999573255414786
0.18504427560034564
0.6001687772730184
0.2273060058175016
0.2003887835177789
0.004383929086507976
0.0717591090177283
0.0022275891524081715
0.09093045373672126
0.10179306045410907
0.20429701588405003
0.20292920097078682
0.11001090282949111
0.20455493364358013
0.0027793928862465123
0.20974870164861503
1.4023867506335117
0.30103087939894557
0.5056509433230474
0.004065315037693473
0.0028950870717077137
0.19862371776592802
0.5736435417113714
0.6003841047929157
0.2002443004936545
0.6036408008235785
0.4037281298376021
0.09923449627462766
0.20354991549846702
0.09746462447947923
0.0012648458994259926
0.499920366599401
0.006714404024910081
0.0195318384688985
0.2995954932072653
1.269110040406563
0.041942028145518506
0.10007790887070911
0.09609324053267354
0.09792727088504272
0.29749084274372706
0.0035739794989266827
0.08937688150530487
0.11346671670609698
0.20363039356074086
0.09989946466480681
0.19279158032901478
0.012718532169073704
0.19737875280455253
0.19993575992100165
0.20327116078474106
0.10031753552131928
0.20020458396344853
0.09889083697219014
0.406137771498873
0.3668846536098975
0.20303272462412458
0.08838333879334925
0.09566957276234955
0.03023211662879799
0.006639976433612915
0.30013733617661575
0.0952121520889575
0.10722847337353869
0.18835828844887637
0.01672310506167296
0.20708332856366685
0.19091570720906859
0.30364331306413117
0.1957837821227546
0.10451049178096472
0.1893788022419276
0.2271870378861962
0.20004267445852175
0.09848545404387998
0.5066040216878145
1.452654456080582
0.11199159529679914
0.29858208583690704
0.20390815333041612
0.09706646857712453
0.6990310564325446
0.35626221040345296
0.022079116238097996
0.3000858378644331
0.01223152068327149
0.25277635770452456
0.2766225113675871
0.21175304584100907
0.09593468496230617
0.015617634081349863
0.09482426406986555
0.20811771725443862
0.0034801669073942776
0.13311534639010247
0.19993575992100165
0.1960675836907173
0.4061079404389334
0.00012842636798104934
0.10255690977189058
0.10212614653013663
0.8013049944611224
0.22156395094656745
0.20895856302121274
0.2001373361766161
0.09909485173655863
0.009084292790931592
0.09922704475573685
0.10912245043320556
0.0022144698135173613
0.09618825565330447
0.17012839261427448
0.09996780648565196
0.20478058616978867
0.0008626179948061363
0.09946467715716967
0.10007790887070911
0.20718127592200375
0.10006952814114722
0.0071812759220035716
0.19948108976312895
0.2197569225627154
0.578839321454951
0.6463359583784936
1.004052299558139
0.7580579718544813
0.1972525012154005
0.07552142724388311
0.7085899475266837
0.20305464144139762
0.10003071974512956
0.0955252856394253
1.700477899655982
1.89027259720433
0.0031467047612032673
0.09831443790256156
0.21075337221203494
0.1658961944381323
0.10242219181311008
0.0992931528076415
0.10825623668739937
0.227628246345577
0.49360585704036897
0.10097998195140967
0.026640895018412714
0.1699953515083097
0.2953815306788785
0.20305464144139762
0.2937287029553035
1.2006492968743743
0.6018793068931174
0.1049381155671858
0.5811113369238221
0.5848012867047094
0.09756640524676019
0.2236392266338072
0.20052513421319063
0.19831342352562498
0.22502106228606866
0.707786010586247
0.09506188443281438
0.21566917644735195
0.39312500969901976
0.10135100853666934
2.1021523521190604
0.1974779892389531
0.2168159322408112
0.09812921596001267
0.593730512050076
0.1023479823082809
1.4998955109169039
0.09598934688743199
0.21274372938710506
0.4915479847197144
0.12530749763302218
0.20014342555387898
0.006298557968732688
0.40007790887070893
0.2002104420818993
0.15143388057304286
0.20990890355779968
0.09902118924896186
0.19922209272246416
0.14938873347873383
0.2929214516228642
0.021636381383433267
0.09963079900153726
0.11935894659179969
0.09027259720433012
0.1979464755909559
0.0004279856958548933
0.3075693444688046
0.00017614061520454527
0.10105006376973691
0.10227997834881197
0.09991416213556725
0.6476115647436105
0.09524408068796753
0.2004920948743072
0.0002104420818991315
0.1807965236867517
0.19836425094377397
0.002345605676511653
0.99538559878415
0.10778675048389808
0.007633805988600528
0.13642307570536794
0.4848012867047098
0.19768973680000812
0.5609391311978147
0.40375015462274444
0.5944506424763727
0.10195620945858064
0.29995732554147825
0.39830165930760497
0.09052960450923742
0.1943490566769528
0.20126484589942617
0.0018697539261962604
0.7775930750643605
0.19220553626695036
0.7965130909553038
0.09863036217066323
0.1948741832958545
0.47707298879176907
0.2081508607977538
0.20127913588902846
0.10021326868085723
0.20042798569585507
1.4760545095342499
0.19978955791810105
0.002887905500357668
0.09424211861787501
0.0018132392474727865
0.1785036621492786
0.20278240915002765
0.10008399861045181
0.1021954800186693
0.2988908369721903
0.1146751274444906
0.2755214272438833
0.20180445694624893
0.3668846536098975
0.10013229913961297
0.1390608688021855
1.1996499797818085
0.4990945005149303
0.0014153313270064416
0.2884078950137541
0.20135725350061762
0.2168159322408112
0.2154401653599054
0.793795092861675
0.20694909708781584
0.009084292790931592
0.6000947690765379
0.2943634404046316
0.12576629150556062
0.29635052853638033
0.29978673131914313
0.02112701938053707
0.00446779480159698
0.21046156277420547
0.6507654119354678
0.21535761146693133
0.10168556209743862
0.0001322991396124351
0.0037159690408605783
0.08244802149890251
0.19748132690561704
0.1904747941468834
1.2000779088707096
0.476273658869097
4.325790881054559e-06
0.19914544343679452
0.2042551333527527
0.002561180322691925
0.10008399861045181
0.49998161064092095
0.29492255048978944
0.09957201430414475
0.2021666258153365
0.5010998673682279
0.12650272298210385
0.29084392501202583
0.0999029977928041
0.022959414874445194
0.08532487255550958
0.000316461141577129
0.09853086594600224
0.39959320160243905
0.09328559597508956
0.10684192205429266
0.023896190741377055
0.07745677602311396
0.6107309749136078
0.29476470471434535
0.39645008450153263
0.027402149276096743
0.19066057170767436
1.1090842927909321
0.2979796301852726
0.21193900748751382
0.09349035808310902
0.23311534639010212
1.4821144232662418
0.17838940126455327
0.6041207447818806
0.10021044208189966
0.20055016315508745
0.0741162495106229
0.08528969392300478
7.79088707094644e-05
0.20880921497854654
0.20741127658166558
0.20035002021819182
0.10374879247391977
9.476907653827027e-05
0.0030990041298810667
0.5078035085095349
0.017380765437269297
0.22533068025379865
0.10014342555387934
0.1012160021792603
0.22002280013848985
0.19560232152230572
1.6801111952586236
0.22594919001951297
6.424007899852313e-05
1.1746925023669785
0.015198713295290212
0.10653834911454307
0.019224467859622507
0.19594044784236164
0.1996737139240521
0.711796608099668
0.10040450679273505
0.28652713348391057
0.14103936253022376
0.20259379129406696
0.3140007034026162
0.700765503725373
0.1788405758479783
0.009413305524852866
0.2001000913261768
0.3966914280821845
0.10014342555387934
0.10004267445852211
0.10382890378954635
0.21841626691203775
0.11099411711659268
0.10014342555387934
0.07086302313863957
0.1097646133583341
0.2987162635115652
0.1014104099662756
0.9953410905614897
0.0986682121993887
0.10007963340059955
0.05324351524215398
0.3926363931027774
0.00012266484762868402
0.5785036621492781
0.10006424007899906
0.5609621715647375
0.10004267445852211
0.2065475250055231
0.8274679391326849
0.8950313285444009
1.67086302313864
0.09900594063731116
0.200085391930525
0.47397480458046015
0.700187474908784
0.08353418956368763
0.04863781650780652
1.1801111952586236
1.5940634023720905
0.23325348403554003
0.00015711458994527305
0.2042959646199778
0.8001385086131503
3.0037572909699524
0.033860633816719776
4.2674458521574365e-05
0.09814563914829666
1.0999692802548706
0.20077817613022741
0.20004267445852175
0.1328052249339704
0.39978941900010057
0.02403189121216709
0.13932379455521016
0.10247581529449956
0.01589109069305561
0.1970296081866092
0.4682873594201613
0.10850711426156767
0.11629491290845184
0.19877035224228923
0.23311534639010212
6.424007899852313e-05
0.010245004200656105
1.0998565744461208
4.2674458521574365e-05
0.13564868223940074
0.9980649776587107
0.09638332237779412
0.4999636736978976
0.17154549882371573
0.09369246418515065
0.596028133050198
0.009185805220408128
0.10819877357173802
0.01512406895951468
0.21424948190317128
0.2041130278521317
0.11484313100978039
0.20975310283518223
1.1319387643516627
1.2014950542616765
1.1000321935143482
0.19975569950634586
0.09947702634781574
0.21593845229540332
1.129276856645209
0.2042959646199778
0.10014342555387934
1.9003841047929155
0.0019461813168266673
0.19001623729668982
0.10124811318409588
0.09593468496230617
0.33285685830952616
0.10278448962601594
0.09091570720906805
0.20194618131682684
0.0036083138781197732
0.11223152068327202
0.0018422839064671237
0.10042798569585543
0.006568887002787349
0.7025403148175879
0.10915607498797453
0.2942786068564782
0.5032769590269783
0.19196387162618755
0.3037928669919072
0.2002104420818993
0.10452874737688589
0.12211372999735381
0.17072314335479177
0.09151312715623483
0.29873515410057383
0.19590511886119444
0.19724458153968616
0.09843475988054617
1.8925896769640724
0.07986492455486882
0.19957201430414528
0.10339714149729318
0.10401588867129341
0.4044324482780377
0.20004267445852175
0.2001322991396126
0.04114067645553465
1.1994748657868097
0.17989799062256306
0.18641752452040183
0.19590555221217798
0.021387974070179006
0.19869682155057333
1.599957325541478
0.10594365069758993
0.09991600138954837
0.11528963267227077
0.30013582179966924
0.10079695350204343
0.20657671843223824
0.20822353102992253
0.1909542079123554
0.056365118025116345
1.0964635824900517
0.296512601059411
0.09786685575262233
0.012427214414048926
0.1303284578843229
0.22173108374926453
0.18997778067831295
0.10052513421319098
0.002279978348812328
0.09982385938479599
0.2926430015475381
0.08446844191631087
1.3998149109841762
1.1463359583784936
0.009084292790931592
0.10042798569585543
0.1987241693159092
0.0014774649851627686
0.09911540346923342
0.1647156888728709
0.09862590917516645
0.09323175945359186
0.028240890982272226
0.20218059334570793
0.19073453231643
0.09305090291218399
0.19424211861787466
0.2028535902530466
0.10042000790003769
0.0999072397009888
0.10243359475323999
5.053063132898217e-05
0.0941555517180852
0.20446368551888128
0.04863781650780652
0.07859588621073499
3.071974512902642e-05
0.5999573255414781
0.49364950983931966
0.00016226868297319896
0.10164197010372789
0.030473592375025227
0.790474794146883
0.09770375245791918
0.2360376135144211
0.20899241000604363
0.9997865717459842
0.0006983685272068385
0.20032158919585275
0.10052467056283643
2.3004015472846087
0.2916088589417134
6.424007899852313e-05
0.10115596805827032
0.19976139463031473
0.0523884352563897
0.19423999848509865
0.1999678064856516
0.39721889196570626
0.10055494979784196
0.19110901685169068
0.602492816799348
0.009265467683570172
0.018570167544015526
0.2902468971648178
0.07709621759904106
0.20589005197287857
0.19282847114934665
0.13266725809403201
0.1999160013895489
0.1683200961666218
0.20720841967098558
1.0001761406152045
0.10341598864906221
0.19967771221745068
0.10118942342414972
0.061581461081845035
0.2671431416904735
0.30137907366969685
0.17072314335479177
0.2968039069787265
0.11113253711430815
0.018123613707161645
1.096584011350938
0.10003219351434822
0.0952121520889575
0.0014031326416956702
0.10013229913961297
0.0007969535020437846
0.20053327484368033
0.29763687456277577
0.09912782326071135
0.19844877362244429
0.202176201053911
0.09877817534922517
0.19349035808310866
0.09986770086038721
0.20097683038595804
0.49737552371494775
0.2563651180251165
0.0041981200151708364
0.19987157363201913
0.5811819205519244
0.20007790887070964
0.492825039268209
0.20257730951486153
0.0010593878809945778
0.10272235175606603
0.10001838935907958
0.09433049200177912
0.20485398132130683
1.2978738534698637
0.23311534639010212
0.09467922430804787
0.19993575992100165
0.19545399053952117
0.40038410479291553
0.2073201615527216
1.9030380174519355
0.1308899595934374
0.008790010124323011
6.424007899852313e-05
4.2674458521574365e-05
0.14373778959654704
0.00221408717508087
0.12502106228606902
0.00046257083600309556
0.397647703268011
0.0984480137942283
0.2109194798430183
0.094536985216922
0.6292768566452089
0.09969153122880581
0.9033900985802896
0.3000779088707093
0.00032228778254950186
0.1968505020027047
0.503694180649279
0.1994151191032918
0.2001322991396126
0.03723651881535783
0.10403529693475644
0.09993575992100112
0.2168159322408112
0.09936987002029163
7.96334005990218e-05
0.39986770086038703
0.19893959706269904
0.20126484589942617
0.20722847337353834
0.0998626638233846
0.29664968598027297
0.09280736081188135
0.2707231433547914
0.18563938229229127
0.12129277738804323
0.24675648475784584
1.1977763742962235
0.7002168989864588
0.11695123034115706
0.2177906159761971
0.3973358103096629
0.10678474211906952
1.398574345930978
0.002561180322691925
0.20547516443728853
0.2911896617247489
0.0703759278678806
0.2956699233869715
0.46688465360989806
0.3978926488699912
0.6031734800945676
0.00429596461997761
0.2000307197451292
0.016815932240811016
0.30190861536462954
0.09996780648565196
0.1993459234417454
0.09349035808310902
0.831938764351662
0.1996737139240521
0.005113795827264234
1.0995720143041448
0.09389684292357803
1.5868839938142285
0.1345706888896796
0.2707231433547914
0.1956160709134922
0.00012842636798104934
0.5061079404389339
0.805825987545397
1.4884596770786143
0.22724253444355647
0.12954571232865497
0.10068741939265369
0.16457161068744774
0.7980063593848383
0.1990549932096819
0.20267979102298028
0.20243359475323963
0.0005443031653360464
0.30318266875319466
0.2393113196572596
0.19685193888342845
0.20128373648843478
0.006571462219337576
0.20472232758664255
0.4879814056731524
0.17552142724388364
0.38215226599978624
0.596369606439259
0.10858846354077656
0.2053259771556668
0.2000796334005992
0.05017533797786822
0.0668846536098977
0.10354991549846737
0.0028263715819001334
0.19967584445914177
0.10008168039399656
0.024847973886696906
0.20319687268536413
0.10005053063132863
0.1390608688021855
0.38480128670470926
0.06866689369178136
0.29943523633457403
0.22068259538155743
0.2457954758430212
0.09071872667402925
0.40033583275278417
0.20447770621742567
0.0011110890518963856
0.10576380506291816
0.11346671670609698
0.1999141621355669
0.09023538664166608
0.10101491358532844
0.00012164406444004072
0.03725071540262448
0.0014726981237220826
0.2999357599210013
0.19843630226230413
0.00040450679273451584
1.6693092821983768
0.23325348403554003
0.16674651596446033
0.19181025081466885
0.1992030464979564
0.3811750332775725
0.19948108976312895
0.3532435152421538
0.11798650043197423
0.07785599684289402
0.20618117062792685
0.03603761351442092
0.22920536011493642
0.39467744257150095
0.09996780648565196
0.39727392048139354
0.40038410479291553
0.3969490436117624
0.2034365581903046
1.101072219023619
0.15636511802511688
0.1999493521779092
0.1987839978207404
0.3950618844328142
0.009084292790931592
0.23254850313824793
0.2070785483771358
0.005323370661055371
0.2000222209851934
0.2146642136510195
0.40064929687437356
0.2058957999943276
0.2995954932072653
0.02601704388648951
0.09837925029245298
0.2001322991396126
0.0915890996951898
0.19465493355431018
0.28937688150530505
0.5816337304462778
0.19706956939193354
0.22622763412933278
6.424007899852313e-05
0.3031742354564919
0.11220648891835872
0.16836765856385583
0.9974967010510074
0.19008555390194992
0.1816564665722744
0.10008399861045181
0.20626439059673984
0.12078191870948807
0.0013696378293373002
0.0060393047035196545
0.49877022103121504
0.19559542946648367
0.11549233049225016
0.0009891403673600863
0.39997777901480625
0.001876196577224043
0.0008626179948061363
0.10050550102335798
0.19336002356638726
0.3975243224404412
2.073076613339837
0.3983154122562853
0.8949430940698218
0.6987162635115656
0.10719785445610253
0.0007707867042245908
0.19892778097638075
0.10264968958196174
1.3799771998615098
0.20203898862474112
0.11319474634082027
0.19857969036348244
0.10811771725443897
0.398726815183684
2.292802145543898
0.30109612674390096
0.24018396511210227
1.8550018136575517
0.20014342555387898
0.09591894586969651
0.10021044208189966
0.0035306417254235
0.29879954766426753
0.35136218349219295
0.18661786472595576
0.19685193888342845
1.0023751287328997
0.29145350314482066
0.19154798471971457
0.10340535462105382
1.7028021808345466
0.1064177338671044
0.20437953241791273
0.004633439098199688
0.1951822699638095
0.4022179802885013
4.2674458521574365e-05
0.6532435152421545
0.09969979990209055
0.09822006663749683
0.19749670105100758
0.10024430049365396
0.20244078316826908
0.10300907170149376
0.20461577324406566
0.19616255328840282
0.1964219799758835
0.046335958378493025
0.08755333104650997
0.6037856383283344
0.21081849695237143
0.6896391391145764
0.16984514562248698
0.6002441154783149
0.11006777702417647
0.004030071304773841
1.1739377964204625
0.2067164181682246
0.702191786380209
0.0109904783037571
0.13931131965725996
0.0010105933844295478
0.1999678064856516
0.10090514826344155
0.5994417414452693
0.48211442326624177
0.07830454927815556
0.10336764182189295
0.1960025184886991
1.7032453089689357
0.018123613707161645
0.10235230907971093
0.07072314335479124
0.00037633288999749936
0.2013049944611227
0.12713219956114497
0.19294262402759976
0.8075059796616983
0.06731347201661109
0.09733500553995089
0.14863781650780705
0.3982744974548389
0.975777742357657
1.1933030583664
0.6001373361766156
0.002167121207959255
0.20037833193009913
0.10407659881033382
0.20282137671057043
0.0028695443971935575
0.6056800893015808
0.09507614918545038
0.21482848984192415
0.09975342355275707
1.287545561989484
0.2991906212954971
0.20165402933489407
1.2998677008603874
0.01521308993418291
0.1000147073191604
0.40181323924747225
0.0007969535020437846
0.09967371392405155
0.10131500459281995
0.0019158905481928556
0.21431718026298974
0.047611564743610835
0.09280507026503759
0.001248199197070754
0.09513028548329316
0.39968030418256983
5.053063132898217e-05
0.2908141947795917
0.003383534576842706
0.01913982327624808
0.10187464210417208
0.19962433988650652
1.914955724399654
0.10285359025304697
0.19919978716264186
1.7988889109481034
0.10277117572853456
0.05626221040345314
0.0996824644786809
0.00038410479291606237
0.19857466729374096
0.40664063191054645
0.01695123034115653
0.19785455247867212
0.09405634930241025
0.19141005247331666
0.0936170026479628
0.09597055915538899
0.10483814097987132
0.1999220911292907
0.2134599089106013
8.399861045127466e-05
0.19023538664166662
0.10251864951750633
0.3003404905873843
0.17730295157767006
1.8981937174193364
0.19693026944369585
0.5037220942732246
0.20952520585311696
0.198977240932396
0.09990222864601783
0.05805797185448114
0.2989894066155703
0.5856828197370101
0.2181163622235447
8.399861045127466e-05
0.398241819802732
0.03018803684507887
0.38505616773899476
0.19274921633638442
0.6919373066665777
0.02715699938236238
0.10192062307658034
0.20595851257093312
0.6010961267439008
0.12062432507357723
0.8982487827980208
0.6916781469978783
0.20174949225801075
0.20223295928516993
0.10236617550411609
0.29702150268452776
0.5952961626923248
0.19627187016239844
0.8001156453696341
2.29465493355431
0.2001322991396126
0.2049089730921061
0.006107940438933923
0.39978955791810034
0.1987998219224716
0.20775651340879708
0.10047645264509253
0.1998276501693539
0.0002840717138594684
0.1326865279833891
0.1999678064856516
1.0816954934626217
0.3938316024638908
0.08517151015807567
0.09957201430414475
0.0009242813380732073
0.0025946281016464567
0.3024546684232421
0.2021204348640655
0.0028021808345464194
0.37269399418249805
0.19847827908139415
6.424007899852313e-05
0.19957201430414528
0.022685588238508636
0.1103608608854243
1.1739377964204625
0.15402405131101382
0.09747798923895257
0.3975123245491421
1.298507534636137
0.10188505753872423
0.09659408154608595
0.1987121555000808
0.09961589520708447
0.5999029006046985
0.10001907448790259
0.16731347201661162
0.09399849992624354
0.3013100328241167
0.18728146783092647
0.20846917116772712
0.10056841517773218
0.20021968171540472
0.028392284528488965
0.001241962264747265
6.424007899852313e-05
0.10047898754262086
0.30038154514926774
0.13603761351442145
0.00017614061520454527
0.09990667803007103
0.00011909176525293219
1.181153017364653
0.20975933708767336
0.19105180715756198
0.10217841897860325
0.10243542070306688
0.0725978507239029
0.20330857191781515
0.7514265496774604
0.09826384457420279
0.20124441483063915
0.28011119525862327
0.004201646754880883
0.09050377172282698
0.07377236587066704
0.4472236422954756
0.09991416213556725
0.5996741012388371
0.47163594962245803
0.2958971234841643
0.20493811556718544
0.10945512439095584
0.10858846354077656
1.1999378642610656
0.011753045841008891
0.20175121720197886
0.17989799062256306
0.00863174025225355
0.09988360848841449
0.11000375930086115
0.1510958528019355
0.19362673038086164
0.1733991034552318
0.10541715126902407
0.17986492455486935
0.6532435152421545
8.399861045127466e-05
0.09290605232984017
0.39580187998482863
0.24675648475784584
0.09526215538438887
0.19531552469923952
0.19587925521811922
0.3995720143041446
0.2054708798280105
6.207058386653586e-05
0.2013299495749017
0.006176222224739014
6.424007899852313e-05
0.20719263918811848
0.18453572283908315
0.20003677953306553
0.703983553708925
0.18877946743069618
0.2954326601368731
0.09919530963603673
0.35136218349219295
0.40014365468727675
0.1316584193885948
0.019997007945980805
1.502601295728157
0.10149246536386336
0.2017894254549084
1.287545561989484
0.20091342921750321
0.0038289037895458122
0.09281872407799607
0.23325348403554003
0.009084292790931592
0.6997365841441852
0.08746928350607686
1.6985555013587046
0.06799661894134967
1.478698333166255
0.0729232805625486
0.03285685830952634
0.5003426056271758
8.583786443328023e-05
0.00032240125643490103
1.1513621834921937
0.10911221684431904
0.15384445441353556
0.7843223431004578
0.11077762247814071
0.20278143032695528
0.3011544712135743
0.09957201430414475
0.22622763412933278
0.001479822410055398
0.19990667803007067
0.09477394697151542
0.0048761948660560606
0.20124811318409552
0.09895928901081863
1.873410768434855
0.19157572923778066
0.20035263371423362
0.10663430652697414
0.23091570720906862
0.09985667839267531
0.2021204348640655
0.2360376135144211
0.22724253444355647
0.07939876188884032
0.10387180808814378
0.10032228778254915
3.071974512902642e-05
0.2021025843769051
0.28824439924312983
0.00915480987543571
1.0019154014094607
0.0671431416904733
0.1757008606269599
0.1985402081687324
0.19880021366456457
0.19719961214023485
0.2818763862928382
0.5660137411490043
0.2153566199993806
0.10004267445852211
0.13910317383526305
1.5267315296600454
0.19861862001328845
1.1746925023669785
0.20083539801645411
0.20019938521754366
0.10014342555387934
0.297484653593278
0.19438025383431956
0.19284082141150982
0.1999220911292907
0.19644411138597384
1.6981378231762614
0.6034059184539142
0.094634832956217
0.498735154100574
0.17621866250328733
0.190968559697839
0.5065452513792179
0.10005236641796955
0.5016742898130326
0.011069393878491596
1.8977039144153451
0.29091570720906823
1.9349134561985908
0.19993575992100165
0.09920151656290788
0.10008399861045181
0.39153328367395623
0.6956204675820876
0.096602858502707
0.10292588848942685
0.006509641916891518
0.29840383300738527
0.0035537053398657648
0.2002104420818993
0.15821181758694447
0.14296615147764058
0.1156691764473523
0.0001434255538788065
0.39614704918414034
0.2083829937282733
0.20811771725443862
0.22920536011493642
0.29256726583821013
0.009084292790931592
0.2041221199010126
0.030889959593436878
0.1997051067956317
0.09785932256417773
0.11024705594776396
0.09136385788860402
0.007363606897222041
0.09809138463537082
0.205743702214372
0.09998296514761762
1.6910414369787876
1.4061762222247385
0.030473592375025227
0.2019921083847258
0.1999494693686712
0.2997895579181007
1.3248418972828349
0.009084292790931592
0.3609391311978145
0.2306441377504811
0.09522063936167857
0.1785036621492786
0.21618829812622842
0.00010515608771299867
0.1999141621355669
0.006789865900603154
0.20484112482345118
0.1614725651452451
2.2848012867047096
0.17711108334191117
0.09831443790256156
0.5994810897631284
1.7998490204986037
4.2674458521574365e-05
0.09267983844727823
0.005240680738595849
0.6931471184967934
0.09956465456081443
0.20743273416178987
0.018343533427725767
0.1971935127022526
0.294786256883385
0.20537936637451182
1.9940545492436375
0.2054140875699435
0.1984966806598596
0.6064645492928218
1.8826192345627302
0.019091740933241397
0.6017264242261158
0.2071306369309731
6.424007899852313e-05
0.09543148893814823
0.20694909708781584
0.10622577071553962
2.9926126101274573
1.4967786074564406
0.0010243203604751727
0.10135270232557225
0.005789660628562565
0.21518839297895376
0.20245881194055748
0.593918598059302
0.1291369768613606
0.0788708810636729
0.20121199081328278
0.5848012867047094
0.004009113705942369
0.004846878274655353
0.1751124313235044
1.0021666258153363
0.201838172054142
1.199789557918101
0.009084292790931592
0.10279073208679979
0.19780451998133053
0.21821146624604904
0.239052655476236
0.30109612674390096
0.19813021661258912
0.1994173988665553
0.10007790887070911
0.20031753552131892
0.10007963340059955
0.10042798569585543
0.20694909708781584
0.04675648475784566
0.6931799301881174
0.207365532998125
1.1831840677591892
0.20890433752679627
0.5059995980601206
0.7999573255414782
0.13247153911511678
0.09973489086516096
0.584667193382395
0.10429596461997814
0.030704682350951806
0.21797637144392734
0.0013840072640887158
0.2056584476232306
0.9991953096360371
0.009753102835182048
0.10006424007899906
1.1668846536098982
0.21504220241020633
0.20002928108195572
0.004015888671292878
0.006874990300979711
0.29659464537894653
0.03910317383526252
0.2009853078101811
0.006298557968732688
0.21271572211103074
0.20498711729850072
0.4987209784080875
0.000328165835928651
0.02954571232865444
0.21416450719773827
0.20063259600780103
0.09785455247867247
0.09831443790256156
0.009533335653407526
0.4887780905013335
0.27341076843485546
0.0002767876724512064
0.09991416213556725
0.007085323560643175
0.19286936306902724
0.0021448399626882164
0.20832998117556212
0.18908052015698207
0.29783287879204057
0.1209882608471986
0.6000321935143482
0.2154095685188695
0.09993575992100112
0.5998490204986036
0.23311534639010212
0.1979230743486058
0.49915908728614156
0.09024753560285692
0.19054487560904487
0.018304506537377918
0.10979679965691957
0.03465003094618346
0.20236183044970968
0.5979933214395894
0.20706673450575508
0.10038022918516631
0.1960365052249582
0.11238611154098432
0.8950313285444009
0.06719171352484121
0.0009891403673600863
0.10005053063132863
0.8932550253668436
0.29047479414688304
0.3854787352674087
0.28552178904876246
0.7003404905873847
0.1990254701605103
0.012018594326847598
0.4810164326348483
0.19605443751925922
1.1998006147824567
0.19938657214628108
0.5928073608118813
0.09993575992100112
0.051770822079800105
0.20017823832812098
0.0019086153646297177
0.10933431384136849
0.00015401275146409432
0.09835330916028262
0.8116206069279821
0.19160808956502873
0.3904747941468827
0.2177906159761971
0.10007790887070911
0.3012878444999192
0.7668846536098979
0.10277219723660025
0.012381825927907819
0.8065096419168913
0.2092996534084186
0.20119618243510828
0.49944174144526965
0.04863781650780652
0.039370338682462425
0.22557077021168936
0.09534877449376111
0.0004279856958548933
0.10238112642245678
0.008452015280285607
0.07662251136758691
0.8901675514359972
0.08017569753875264
0.1938188293720735
0.007905443243148902
0.1904747941468834
0.6997867313191435
0.014087055793404524
0.003746061836955583
0.5082326635945522
0.36068868034274004
0.5950274372351387
0.4043976784776939
0.20004267445852175
0.2001322991396126
0.20169105267180587
0.09990667803007103
0.19982385938479563
0.00629958545684417
0.1028879055003582
4.2674458521574365e-05
0.21168899716916467
0.5987351541005737
0.6609391311978152
0.10247567755955878
0.5927715266264615
0.7039154583501306
0.1897949052537946
0.10004267445852211
0.6025638725548257
0.00021326868085669304
0.698402861512073
0.5904747941468829
0.10407776874391406
0.19305578487789532
0.09908392755144835
0.21432627362614465
0.11351295373256942
0.10279339890265682
2.2825607323271155
0.6321088602786871
0.17989799062256306
0.10013229913961297
0.001955296625427927
0.01700317313691091
0.0955675517219623
0.3031535526219704
0.207365532998125
0.20095360345545998
0.2002104420818993
0.01568454151463694
0.09957201430414475
0.18410890930694457
0.3003258987611632
0.05324351524215398
0.47826891625073564
0.2084101882024516
0.09784044993380547
0.09445339179193368
0.20126484589942617
0.3930553193287265
0.5000321935143486
0.6939606952964805
0.1156691764473523
0.19717862328942992
0.0952121520889575
0.20101880732129196
0.5960239661298665
0.2674442755038502
1.5940563493024102
0.01099057054868613
0.20433042723765027
0.10045651601864058
1.2926798384472784
0.21175304584100907
0.30251867309438296
0.003976033870133122
0.20210443218751806
0.0982069395458911
0.19910193552229138
0.2051478711804906
1.9028766750553237
0.2054171512690237
0.007197854456101993
1.6957040353800226
0.3999573255414779
0.12622763412933313
1.2986131229737259
0.7185701675440157
0.9965840113509383
0.19888863797396006
0.30355588861402616
0.11358957582629703
0.09749613657730993
0.009084292790931592
0.10901777619924413
0.39720016752178555
0.008452015280285607
0.09519453031057434
0.007197854456101993
0.19091570720906859
0.20945512439095548
0.09663838362195065
0.29715745829661255
0.2940563493024104
0.003463477840381479
0.20126484589942617
0.20953886225367668
0.0964441113859742
0.4982648975006363
0.7967786074564405
0.19987157363201913
0.2066399764336131
0.7028021808345466
0.22344883533930915
0.59507771675315
0.20026272821332558
0.0030380174519359926
0.098695005538878
0.05991588420766636
0.21199159529679878
1.593066814429963
0.00035002021819163787
0.12329563421846768
0.3127185321690735
0.29091570720906823
0.03311534639010194
2.9879814056731515
0.20446368551888128
0.2000307197451292
0.2026219317184612
0.0015453363219872784
0.09120553110316276
0.004438396243872766
0.07711108334191152
0.20498711729850072
0.1981795432128859
0.1996553789546578
0.20126484589942617
0.19935302470387128
0.016815932240811016
0.2000307197451292
1.194656157138673
0.1964260205010735
0.046335958378493025
0.4758953443271343
0.9994417414452696
0.6999203665994012
0.2787100600975796
0.2006694507791753
0.787826502089306
0.5953693885185727
0.10493403545015845
0.1467564847578462
0.2060814019406978
0.20027926688687625
0.8897324869009982
0.006311543085441684
0.7024896646563557
0.8000952650526942
0.1999220911292907
0.002113763200934038
0.21029596875025902
0.20719263918811848
0.0952121520889575
0.09349035808310902
0.09305681233165242
0.35136218349219295
0.20042798569585507
0.10361667762220605
0.19892228446244076
0.20079695350204396
0.001155968058269785
0.2006762189686242
0.09659408154608595
0.19940593951422247
0.1026482669376021
0.20008583786443346
0.09335936808945355
0.20080685716244417
0.1038068278670794
0.08011119525862309
0.17335910498158746
0.2961962021723501
0.19294262402759976
0.2168159322408112
0.08798140567315205
0.7108230514628353
0.10233446347988817
0.042623152715061785
0.2019156838376306
0.09769238825583493
0.2048448608145268
0.20186197277880158
0.1864104241737028
0.09934831616390571
0.08466719338239503
0.19893213696032763
0.17989799062256306
0.014919208904661474
1.9048171474540396
0.38999624069913885
0.10242633140399526
0.004140491548169756
0.6999479257394157
0.14863781650780705
0.20952520585311696
0.3998542727078611
0.005796899955092805
0.10257907693554724
0.805825987545397
0.992125613068068
0.17785599684289455
0.10580104967617832
0.19961589520708412
0.00429596461997761
0.10015174800398174
0.10021044208189966
0.000552972896764814
0.20008399861045145
0.18976381287619315
0.2025790769355469
0.8971171493117964
1.0982273348127896
0.21175304584100907
0.028392284528488965
0.6916235849642121
0.1941989503238224
0.027431437767930333
0.2513621834921933
0.3900855539019492
0.0023820083527743563
7.79088707094644e-05
0.201779933362503
3.071974512902642e-05
0.09570403538002203
0.1864870462674304
0.10694909708781619
1.4755094881547022
0.10195759810166649
0.29991600138954855
7.79088707094644e-05
0.3983580298962721
0.4941099480271216
0.21708610717128796
0.021340138306436884
0.6014324587333366
1.2955482558962448
0.09563871682426228
0.1817031455992133
0.8975297149236034
0.3996223570942963
0.10159535620360582
0.20722847337353834
0.29664968598027297
0.46816654082371834
0.6779208837619022
0.1974398539164799
0.10184228390646766
1.0040106531125685
0.20402231867873333
2.110621197758072
0.004976292450995068
0.2963823309280764
0.21734133100970343
0.09961589520708447
0.36062966131753704
0.05981603488789755
0.09335936808945355
0.20899571984389365
0.10326302773708562
0.10612066690478006
0.29825807554205763
0.20097998195140931
0.09889419711554925
0.8000779088707093
0.006571462219337576
0.10006424007899906
0.19370608332077577
0.15805797185448167
0.0001322991396124351
1.8998955109169033
0.4929839970772223
0.20925443669164157
0.11329864812787438
0.09036819700647225
1.5987702210312147
0.20004267445852175
0.09648120601180388
0.09950057359675046
0.19192766831596053
0.09815919500427484
0.10037833193009948
0.20245881194055748
0.12945886476531943
0.0744163462242371
0.20016877727301896
0.8022099570189223
0.7513621834921933
0.982956034158545
0.2042943784117588
0.18146748429370163
0.8881792784545475
0.0001434255538788065
0.5806804449241243
0.16557560937229798
0.26226108545141713
0.7292768566452086
0.10040450679273505
0.605366942481746
0.679803607654291
1.5987351541005737
0.1996843376949453
0.11583344969763676
0.1630433989405109
0.20053424837676825
0.1080924733739339
0.2997895579181007
0.05324351524215398
1.287572785585951
0.0012837364884346059
0.039948800792960704
0.37889083275357915
0.09509374783061286
1.2000933219699297
0.09982385938479599
0.5844063981490377
0.21942376539905606
0.5056509433230474
0.19796140496294168
0.1109230259333529
0.21453307800630483
0.012454438010515823
0.2038451418231606
0.9102450042006556
0.9011894234241495
0.19863882407166678
0.09983122272698175
0.20022086809215978
0.1998125250912164
1.6095002488497094
0.1830321687588654
0.2168159322408112
0.4947634974831887
0.00011639151158515659
0.5998677008603872
0.0914928857384325
0.2042551333527527
0.03325348403553985
0.27830454927815573
0.41243727074368497
0.0008735061102553843
0.20142565406902158
0.20059076023882394
0.19660990141971002
0.4970611753079508
0.09434905667695315
0.200085391930525
0.13311534639010247
0.14673573416201702
0.4998889123762229
0.20952520585311696
0.00042000790003715593
0.17184667874660953
0.2212899399024204
0.1301967837992768
0.0014526464553918927
0.10008399861045181
0.10133178780061147
0.23511158703315171
0.2393113196572596
0.3988463009630099
0.10322139254355989
0.4582118175869443
0.2929214516228642
0.12558365377576308
1.2956209479465857
0.0926126101274578
0.0671431416904733
0.7984485236378358
0.6975664052467607
0.18488340632225153
1.2292768566452086
0.40290438861961064
0.0012648458994259926
0.22193636414937945
0.20903144030216136
0.4008562567192522
0.19732020897702007
0.10918580522040866
0.006281506819759031
0.6003841047929157
0.09486017012895509
0.19834167960793359
0.1971935127022526
0.6016855620974386
0.2030977600428141
0.11318798036179789
0.2929214516228642
0.20739335485846944
0.020601238111159326
0.09142012313963921
0.0037904536824315826
0.1021585258819222
0.2801031169432715
0.051770822079800105
0.09362673038086111
0.09653652215961905
0.6000779088707091
1.206592600355508
0.09996928025487062
0.20056729262473194
0.18909216581928234
0.20882648325229436
0.8770482139419062
0.002577309514861348
0.13827044224560758
0.09618825565330447
1.469880926064115
1.5927916715846848
0.4998842993437833
0.10471056825685388
0.20008399861045145
1.1926616848896323
0.8277339423043646
1.691173516747706
0.10242633140399526
0.06881927954816458
0.12660089654476891
0.28593681881276023
2.997378068281538
0.0970894495520227
0.8548049781267295
0.0007812195899878915
0.0024095426314678647
0.6065630271975291
0.003871808088143247
1.1001005353351934
0.19937395817126458
0.20719785445610217
0.29957201430414493
0.011939007487513642
0.09992209112929107
0.2996835388584227
1.1777978770191737
0.20485398132130683
0.09990552521349283
0.20122896493877906
0.1085867963219691
0.899709345852818
0.29159418978440144
0.4998565744461212
0.10126484589942653
0.1216305045943411
0.20352495989272334
0.1992344962746273
1.000284594520279
0.009084292790931592
0.21528963267227041
0.10685288150320726
0.19967771221745068
0.3000779088707093
0.10882069413969297
0.1937014420312675
0.030473592375025227
0.5513621834921931
0.09419895032382186
0.2994810897631286
0.29664968598027297
0.0022099570189224593
0.12160792710132018
0.3971363792492566
1.303119791583029
0.20455493364358013
0.00030816289739643565
0.20718127592200375
0.007228473373538158
0.09396138660746178
0.09460313376595764
0.19692431675595756
0.10042798569585543
1.5878102976879829
0.8003404905873843
0.8737723658706669
0.19912256273548756
0.11015765265737709
0.10135100853666934
0.20606316712652184
0.07364354171137144
0.10541715126902407
0.5004690475571776
0.11461643610081307
0.00038410479291606237
0.19410695637706432
0.020068902226897833
0.469062935259994
0.5089697181016888
0.20420627753891019
0.28976478812090534
0.8914022058942246
0.2057484050245959
0.601890570398214
0.10168654566301161
0.20207278359823722
0.10492384261334564
0.19793055321621633
0.8010501846772815
0.10685288150320726
0.39415555171808503
0.19993575992100165
0.20229514713093089
0.699789557918101
0.19467402284433355
0.11415966470517791
0.29141320367803125
0.2002104420818993
0.12094910946023951
0.1999220911292907
0.8756866565759545
1.2843223431004578
1.3326865279833884
0.1993459234417454
0.10603833034152288
0.29858208583690704
0.02244774826645024
0.2025611803226921
0.09589009908523671
0.213928838930193
0.19410994802712178
0.29240781343363587
0.19980963223715698
0.19968152369917913
0.10017614061520419
1.1759031919613427
0.19932532336302256
0.49978955791810087
0.20067814602934408
0.4953240102516725
0.10251534640672233
0.5880896256948063
0.009339428292325813
0.10133923511560816
0.42148953754389673
0.09908657078249661
0.39983773131702627
0.19889798671931747
0.10005236641796955
0.10187619657722369
0.1815837330879626
0.19913531707604903
0.23465003094618364
0.30080021283735814
0.4876855162083391
0.19978673131914348
0.2680612356483376
0.19821679468652498
0.10358115059413375
0.0002104420818991315
0.24675648475784584
1.1070844515080163
0.11593306355186517
0.19532683190675826
0.7986819650293224
0.0004667821540200734
0.03884057584797773
0.20297628511112897
0.8969757455859924
0.09966708744115671
0.015933063551864635
0.09370144203126785
0.19596836298479925
0.7007596951269957
0.1986853905640773
0.10470383730767541
0.30650964191689134
0.016815932240811016
0.1864104241737028
0.8881840534486205
0.9630975571181484
0.10191562733917614
0.1821134610655628
0.50119409790502
0.02629387055903809
0.5986161962754464
0.1220426153041938
0.09562626422932308
0.0012481131840953452
0.5000779088707095
1.0051400580097507
0.3038635953132873
0.009185805220408128
0.23311534639010212
0.21416450719773827
0.492296101960199
0.20586649600110452
0.003415988649061674
0.0009446374717310135
0.5143635493745471
1.2513621834921933
0.10972740279567006
0.20565952477319982
0.8990097873762473
0.15805797185448167
0.014828489841923975
0.09792539988679128
6.424007899852313e-05
0.6916080895650287
0.29879779665352046
0.017986500431973695
0.23904562536226415
0.08923185764226904
0.22804807990188802
0.21821146624604904
0.004708549135831852
0.024478572756116534
0.20062010316523526
0.09139523632557811
0.018612501304755114
0.6015217209186057
0.0017312504209643365
0.09659408154608595
0.002561180322691925
0.1015405791036148
0.14863781650780705
0.09674154814033464
0.2001322991396126
0.40003746993130296
0.20050550102335762
0.20008399861045145
0.20580104967617796
0.007892420790867938
0.07341076843485528
0.09739337850573371
0.700401547284609
0.10041303429070858
0.07552142724388311
0.19976139463031473
0.19925303793834992
0.7853835638991873
0.00010053533519371882
9.332196992950514e-05
0.2360376135144211
0.20073712903524665
0.12240692493563987
